/*--------------------------------*- C++ -*----------------------------------*\
| =========                 |                                                 |
| \\      /  F ield         | OpenFOAM: The Open Source CFD Toolbox           |
|  \\    /   O peration     | Version:  2506                                  |
|   \\  /    A nd           | Website:  www.openfoam.com                      |
|    \\/     M anipulation  |                                                 |
\*---------------------------------------------------------------------------*/
FoamFile
{
    version     2.0;
    format      ascii;
    arch        "LSB;label=32;scalar=64";
    class       volScalarField;
    location    "8.65";
    object      p;
}
// * * * * * * * * * * * * * * * * * * * * * * * * * * * * * * * * * * * * * //

dimensions      [0 2 -2 0 0 0 0];

internalField   nonuniform List<scalar> 
9600
(
2.20637e-10
0.00629559
0.00681865
0.00152372
-0.00018619
0.0065653
0.00653801
0.00726211
0.0074509
0.00954567
0.0101167
0.0106602
0.00831793
0.0103415
0.00989372
0.00902424
0.0082696
0.00811535
0.00778242
0.00794341
1.59882e-06
0.00631115
0.00679352
0.00145102
-0.000170561
0.00659761
0.0065261
0.00725889
0.00744793
0.00954004
0.0101127
0.0106435
0.00834147
0.0103318
0.00989819
0.00901417
0.00828384
0.00812018
0.0077924
0.00793843
5.67796e-06
0.00632622
0.00674534
0.00139121
-0.000142832
0.00662178
0.00650613
0.007255
0.00744226
0.00953818
0.0101113
0.0106183
0.00837097
0.0103029
0.00991447
0.00899428
0.00832143
0.00811809
0.00780307
0.00794057
1.38704e-05
0.00633277
0.00669064
0.00135573
-9.5049e-05
0.00663213
0.00648858
0.00725005
0.00743457
0.00954551
0.0101147
0.0105839
0.00840117
0.0102624
0.0099357
0.00897205
0.00836155
0.00810754
0.00780893
0.0079278
2.97804e-05
0.00632909
0.00663185
0.00135675
-1.97026e-05
0.00662137
0.00647964
0.00724203
0.00742411
0.00956066
0.0101207
0.0105389
0.00843458
0.0102134
0.00995652
0.00894842
0.00839591
0.00809885
0.00780462
0.00790013
5.69186e-05
0.00631044
0.00657051
0.00140332
8.70465e-05
0.00658916
0.00648616
0.00723032
0.00741088
0.00958005
0.0101268
0.010486
0.00847115
0.0101558
0.00997624
0.00892396
0.00842755
0.00809603
0.00778472
0.00787399
9.64732e-05
0.00627318
0.00651188
0.00149425
0.000220215
0.00654124
0.0065131
0.00721602
0.00739586
0.00960054
0.0101323
0.0104283
0.0085083
0.0100927
0.00999689
0.00890123
0.00845761
0.00809569
0.00775302
0.00785909
0.000147155
0.00622162
0.00646147
0.00161993
0.000369551
0.00648578
0.0065602
0.00720094
0.00738026
0.00962019
0.010137
0.0103676
0.00854484
0.0100283
0.0100197
0.00888141
0.00848219
0.00809775
0.00771524
0.00784924
0.000206167
0.00616197
0.00642209
0.001768
0.000523923
0.00642932
0.00662265
0.00718641
0.00736448
0.00963764
0.0101413
0.0103047
0.00858117
0.00996541
0.0100441
0.00886407
0.00849869
0.00810523
0.0076722
0.00783495
0.000270518
0.00610153
0.0063939
0.00192804
0.000674686
0.00637534
0.00669431
0.00717316
0.00734836
0.00965209
0.0101452
0.0102404
0.00861748
0.00990535
0.010069
0.00884957
0.00850722
0.00811921
0.00762278
0.00781205
0.000338054
0.0060462
0.00637558
0.00209307
0.000816715
0.00632461
0.00677117
0.00716189
0.00733223
0.00966361
0.0101488
0.0101747
0.00865326
0.00984921
0.0100935
0.00883945
0.00850854
0.00813852
0.00756868
0.00778068
0.000407707
0.00599887
0.00636538
0.00225913
0.000948261
0.00627635
0.00685161
0.00715343
0.00731736
0.009673
0.010152
0.0101075
0.00868774
0.00979817
0.0101168
0.00883529
0.00850349
0.00816147
0.0075141
0.00774192
0.000479198
0.00595955
0.00636152
0.00242407
0.0010704
0.00622936
0.00693482
0.00714854
0.0073053
0.00968129
0.0101549
0.0100393
0.00872019
0.00975296
0.0101379
0.00883792
0.00849319
0.00818633
0.00746347
0.0076968
0.000552637
0.00592647
0.00636211
0.00258662
0.00118593
0.00618287
0.00701988
0.00714734
0.00729701
0.00968934
0.0101581
0.00997051
0.00874991
0.00971351
0.0101557
0.00884743
0.0084786
0.00821124
0.00742033
0.00764643
0.000628219
0.00589745
0.0063656
0.00274612
0.00129799
0.00613677
0.00710569
0.00714932
0.00729269
0.0096976
0.0101621
0.00990201
0.00877628
0.00967922
0.0101696
0.00886319
0.00846014
0.0082344
0.00738705
0.00759177
0.000706098
0.00587083
0.00637109
0.0029024
0.00140917
0.00609131
0.00719118
0.00715399
0.00729199
0.00970611
0.0101673
0.00983439
0.00879884
0.00964938
0.0101799
0.00888416
0.00843772
0.00825403
0.00736518
0.00753375
0.000786396
0.00584568
0.00637828
0.00305547
0.00152125
0.00604702
0.00727558
0.00716113
0.00729433
0.00971471
0.0101736
0.0097681
0.00881741
0.00962356
0.0101871
0.0089093
0.00841123
0.00826832
0.00735574
0.0074738
0.000869224
0.0058216
0.00638725
0.00320538
0.00163538
0.00600457
0.00735837
0.00717077
0.00729915
0.00972328
0.0101809
0.0097034
0.00883218
0.00960147
0.0101918
0.00893797
0.00838117
0.00827575
0.00735893
0.00741407
0.000954716
0.00579841
0.00639822
0.00335224
0.00175237
0.00596458
0.00743918
0.00718141
0.00730591
0.00973178
0.010189
0.00964048
0.00884351
0.00958271
0.0101939
0.00896979
0.00834874
0.00827525
0.00737394
0.00735741
0.00104303
0.00577608
0.00641144
0.00349616
0.00187283
0.00592773
0.00751767
0.00719746
0.00731414
0.00974018
0.0101976
0.00957948
0.00885176
0.00956687
0.0101937
0.00900442
0.00831536
0.00826635
0.00739959
0.00730711
0.00113429
0.00575462
0.00642718
0.00363719
0.00199715
0.00589465
0.00759344
0.00721714
0.00732347
0.00974845
0.0102071
0.00952045
0.00885723
0.00955379
0.0101909
0.00904133
0.00828241
0.00824921
0.00743489
0.00726647
0.00122867
0.00573404
0.00644565
0.00377535
0.0021255
0.00586598
0.0076661
0.00724063
0.00733371
0.00975647
0.0102175
0.00946334
0.00886005
0.00954368
0.0101854
0.00907981
0.00825144
0.00822429
0.00747887
0.00723845
0.00132636
0.00571444
0.00646691
0.0039107
0.00225782
0.00584228
0.00773528
0.00726813
0.00734473
0.00976396
0.0102293
0.00940825
0.00886015
0.0095368
0.0101772
0.00911897
0.00822417
0.00819208
0.00753014
0.00722615
0.00142753
0.00569591
0.00649108
0.00404334
0.00239387
0.00582408
0.00780072
0.00729972
0.00735655
0.00977045
0.0102429
0.0093555
0.00885731
0.00953331
0.0101666
0.00915792
0.00820209
0.00815292
0.0075869
0.00723398
0.0015323
0.0056785
0.00651826
0.00417343
0.00253321
0.00581186
0.00786223
0.00733538
0.00736941
0.00977543
0.0102584
0.00930554
0.00885123
0.00953333
0.0101542
0.00919574
0.00818641
0.00810693
0.00764602
0.00726756
0.00164085
0.00566231
0.00654848
0.00430117
0.00267535
0.00580604
0.00791973
0.00737499
0.00738379
0.00977856
0.0102761
0.00925888
0.00884154
0.009537
0.0101408
0.00923133
0.00817855
0.0080554
0.00770142
0.00732952
0.00175337
0.00564752
0.00658164
0.00442682
0.00281976
0.0058069
0.00797333
0.00741823
0.00740013
0.00977977
0.0102959
0.00921591
0.00882815
0.00954436
0.0101271
0.00926318
0.00817996
0.00800254
0.00774561
0.00741438
0.00187001
0.00563434
0.00661764
0.00455076
0.00296595
0.00581453
0.00802323
0.00746491
0.00741861
0.00977903
0.010318
0.00917694
0.00881114
0.00955549
0.0101145
0.00928966
0.00819045
0.00795485
0.00777493
0.00750969
0.00199087
0.00562303
0.00665636
0.00467335
0.00311354
0.00582901
0.00806973
0.00751484
0.00743927
0.00977619
0.0103423
0.00914235
0.0087901
0.00957045
0.0101054
0.00930985
0.00820693
0.00791764
0.00779356
0.00760227
0.00211605
0.00561393
0.0066976
0.00479503
0.00326225
0.00585032
0.00811345
0.00756789
0.00746225
0.00977101
0.0103689
0.00911264
0.00876399
0.00958869
0.0101031
0.00932464
0.00822518
0.0078918
0.00780987
0.00768621
0.00224562
0.00560738
0.00674099
0.00491624
0.00341203
0.00587801
0.008155
0.00762437
0.00748761
0.00976331
0.0103981
0.00908861
0.00873177
0.00960856
0.01011
0.0093366
0.00824328
0.00787453
0.00782877
0.00776497
0.00237966
0.00560379
0.00678625
0.00503744
0.00356291
0.0059115
0.00819461
0.00768467
0.00751553
0.00975273
0.0104301
0.00907147
0.00869284
0.00962787
0.0101274
0.00934815
0.00826207
0.0078646
0.00784931
0.00784381
0.00251821
0.00560366
0.00683311
0.00515897
0.00371519
0.00595022
0.00823212
0.00774929
0.00754608
0.00973843
0.0104647
0.00906283
0.00864697
0.00964427
0.0101569
0.00936088
0.00828098
0.00786456
0.00787037
0.00792321
0.00266122
0.00560754
0.00688139
0.00528101
0.00386929
0.00599395
0.00826761
0.00781851
0.00757854
0.00971946
0.0105014
0.00906449
0.00859415
0.00965461
0.0102005
0.00937763
0.00829616
0.00787695
0.00789691
0.00800142
0.00280864
0.00561585
0.006931
0.00540365
0.00402557
0.0060427
0.00830112
0.00789242
0.00760458
0.00969516
0.0105393
0.00907831
0.00853511
0.00965485
0.0102582
0.00940399
0.00830398
0.0078991
0.00793773
0.0080804
0.00296049
0.00562893
0.00698193
0.00552699
0.00418437
0.00609638
0.00833221
0.00797109
0.00764457
0.00966548
0.0105764
0.00910583
0.00847244
0.00964138
0.0103274
0.00944624
0.00830442
0.00792349
0.00799818
0.00816744
0.00311686
0.00564693
0.00703437
0.00565135
0.00434559
0.00615512
0.00836031
0.00805413
0.00769152
0.00963037
0.0106099
0.00914807
0.00841038
0.00961199
0.0104034
0.00950911
0.00830122
0.00794219
0.00807672
0.00827091
0.00327793
0.00566983
0.00708864
0.00577714
0.00450895
0.00621944
0.00838507
0.00814065
0.00774725
0.00959065
0.0106364
0.00920479
0.00835349
0.00956562
0.0104816
0.00959581
0.00829978
0.00794927
0.00816731
0.00839783
0.00344386
0.00569746
0.00714539
0.005905
0.0046733
0.00629005
0.00840726
0.00822906
0.00781283
0.00954841
0.0106531
0.00927433
0.00830632
0.00950189
0.0105563
0.00970887
0.00830675
0.00793983
0.00826125
0.00855271
0.00361483
0.00572934
0.0072055
0.00603607
0.00483671
0.00636753
0.00842864
0.00831724
0.00788812
0.00950605
0.0106586
0.00935376
0.008273
0.00942168
0.0106208
0.00984966
0.00833255
0.00791048
0.0083453
0.00873438
0.00379122
0.00576508
0.00726916
0.00617125
0.00499784
0.00645167
0.00845095
0.00840375
0.00797221
0.00946698
0.0106525
0.00943944
0.00825726
0.00932786
0.0106667
0.0100158
0.0083909
0.007865
0.00840269
0.00893094
0.00397341
0.00580467
0.00733608
0.00629711
0.00515583
0.00654084
0.00847621
0.00848834
0.00806388
0.00943411
0.0106362
0.0095286
0.0082621
0.00922463
0.0106851
0.0101983
0.00849439
0.00781877
0.00842031
0.00912206
0.00416182
0.00584822
0.00740559
0.00644453
0.00531065
0.00663251
0.00850683
0.00857141
0.00816054
0.00940861
0.0106111
0.00962012
0.00829011
0.00911723
0.0106697
0.0103836
0.00865041
0.0077935
0.00839618
0.0092834
0.00435692
0.00589615
0.00747606
0.00660354
0.0054637
0.00672306
0.00854456
0.00865441
0.00825935
0.00938968
0.0105788
0.00971311
0.00834343
0.00901171
0.010618
0.0105582
0.00885864
0.00780891
0.00834083
0.00939409
0.0045588
0.00594934
0.00754475
0.00677623
0.0056186
0.00680798
0.00858884
0.00874056
0.00835915
0.00937763
0.0105405
0.00980652
0.00842395
0.00891517
0.0105305
0.010709
0.00911168
0.00788245
0.00827415
0.00944402
0.00476747
0.00600905
0.00760658
0.00696167
0.00578103
0.00688453
0.00863653
0.00883318
0.00846098
0.00937084
0.0104959
0.00989944
0.00853359
0.00883671
0.0104111
0.0108224
0.0093937
0.008027
0.00822107
0.00943534
0.00498281
0.00607668
0.00765998
0.0071595
0.00595646
0.00695153
0.0086833
0.00893437
0.00856688
0.00936507
0.0104439
0.00999016
0.00867311
0.00878683
0.0102707
0.0108879
0.00968288
0.00824389
0.00820843
0.00938261
0.00520421
0.00615386
0.0077048
0.00736668
0.00615032
0.00700933
0.0087232
0.0090452
0.0086807
0.00935928
0.0103841
0.0100742
0.00883955
0.00877514
0.0101243
0.0109047
0.00995602
0.00851784
0.00825958
0.00931242
0.00543089
0.00624246
0.00774087
0.00757668
0.0063683
0.00706198
0.00874837
0.00916392
0.00880807
0.00935689
0.0103158
0.0101472
0.00902602
0.00880803
0.00998612
0.0108796
0.0101961
0.00882504
0.00838438
0.00925754
0.00566203
0.00634453
0.00776875
0.00778158
0.00661362
0.00711672
0.00875282
0.0092852
0.00895312
0.00934675
0.0102417
0.0102036
0.00922276
0.008889
0.00987021
0.0108218
0.0103955
0.00914327
0.00857467
0.00924754
0.0058964
0.00646201
0.00779042
0.00797379
0.00688599
0.0071838
0.00873431
0.00939876
0.00911812
0.00935874
0.0101699
0.0102383
0.00941828
0.00901551
0.00979184
0.0107438
0.0105513
0.00945582
0.00881137
0.00929783
0.00613231
0.0065964
0.00780991
0.00814697
0.00718089
0.00727513
0.00869567
0.00949085
0.00930101
0.00942625
0.0101087
0.0102519
0.00959977
0.00917533
0.00976295
0.0106627
0.0106641
0.00975063
0.00907527
0.00940433
0.00636824
0.00674808
0.00783269
0.0082981
0.00748846
0.00740094
0.00864608
0.00954917
0.00949233
0.00952892
0.0100689
0.0102522
0.00975826
0.00935466
0.00978461
0.0105969
0.0107408
0.0100187
0.00935309
0.00955188
0.00660321
0.00691764
0.00786409
0.0084243
0.00779559
0.00756693
0.00860088
0.00956844
0.00967617
0.00967981
0.0100664
0.0102489
0.00989117
0.00953984
0.00984746
0.0105584
0.0107941
0.0102549
0.00963851
0.00973195
0.0068353
0.00710377
0.00791322
0.00852535
0.00808707
0.00777158
0.00857618
0.00955192
0.00983494
0.00986624
0.0101133
0.0102539
0.0100006
0.00972038
0.00994243
0.0105507
0.0108373
0.0104589
0.00992413
0.00994454
0.00706484
0.00730147
0.00798193
0.00860816
0.00835548
0.0080091
0.00858612
0.00951129
0.00998585
0.0100703
0.0102113
0.0102834
0.010094
0.0098878
0.0100612
0.0105746
0.0108837
0.0106363
0.0101974
0.0101841
0.00729374
0.00751052
0.00807071
0.00867143
0.00859103
0.00826989
0.00864541
0.00946721
0.010064
0.0102644
0.0103539
0.0103526
0.0101833
0.0100365
0.0101929
0.0106298
0.0109424
0.0107973
0.0104485
0.0104343
0.00752126
0.00773876
0.00818386
0.00871034
0.00878219
0.00853962
0.00875886
0.00944326
0.0100959
0.0104295
0.0105304
0.0104662
0.0102844
0.0101721
0.0103254
0.0107093
0.0110167
0.0109532
0.0106811
0.0106795
0.00774658
0.00795946
0.00831963
0.00876269
0.00894237
0.00880319
0.00891697
0.0094521
0.010105
0.0105547
0.0107158
0.0106184
0.0104107
0.0103069
0.0104552
0.0108024
0.0111033
0.01111
0.0109082
0.0109177
0.00796758
0.00817938
0.0084781
0.00883086
0.00907313
0.00904621
0.0091063
0.00950167
0.0101124
0.0106431
0.0108889
0.0108029
0.0105679
0.0104504
0.0105872
0.0109041
0.0111968
0.0112643
0.0111366
0.0111574
0.0081855
0.00839653
0.00865383
0.00891738
0.00918366
0.00926293
0.00931562
0.0095952
0.0101343
0.0107003
0.0110352
0.0110036
0.010757
0.0106092
0.0107236
0.0110162
0.0112982
0.0114116
0.0113609
0.0114041
0.0084012
0.00860715
0.00883776
0.00902773
0.00928853
0.00945292
0.00953006
0.00972712
0.0101812
0.010741
0.0111516
0.0112011
0.0109735
0.0107922
0.0108669
0.0111362
0.0114111
0.0115551
0.0115738
0.011654
0.00861426
0.00881086
0.00902868
0.00916008
0.00939331
0.00961757
0.00974017
0.00988901
0.0102592
0.0107868
0.0112457
0.0113804
0.011204
0.0110051
0.0110277
0.0112615
0.0115333
0.011701
0.0117752
0.0119015
0.00882679
0.00901464
0.00921594
0.00930696
0.00950434
0.00976317
0.00993972
0.0100714
0.0103692
0.0108483
0.011325
0.0115385
0.0114328
0.0112418
0.0112191
0.0114008
0.011662
0.0118517
0.0119685
0.0121408
0.00903708
0.00920837
0.00939983
0.00946767
0.00962819
0.00989711
0.0101246
0.0102637
0.0105066
0.0109239
0.011402
0.0116801
0.0116522
0.0114896
0.0114401
0.0115661
0.011798
0.0120049
0.0121564
0.0123684
0.0092432
0.00940293
0.00958061
0.00963479
0.00976237
0.0100239
0.0102942
0.0104589
0.0106669
0.011015
0.0114885
0.011811
0.0118608
0.0117395
0.0116784
0.0117602
0.0119495
0.0121606
0.012342
0.0125861
0.00944425
0.00958731
0.00975575
0.00980691
0.00990967
0.0101514
0.0104503
0.0106499
0.0108461
0.0111595
0.0115966
0.0119394
0.0120596
0.0119916
0.011929
0.0119784
0.0121261
0.0123259
0.0125305
0.0127999
0.00964097
0.00977268
0.00992299
0.0099726
0.0100634
0.0102835
0.0105978
0.0108344
0.0110353
0.0113315
0.0117298
0.0120752
0.0122504
0.0122428
0.0121939
0.0122179
0.0123306
0.0125088
0.0127245
0.0130128
0.00982893
0.00995189
0.0100867
0.0101361
0.0102212
0.0104198
0.0107382
0.01101
0.0112241
0.0115201
0.0118877
0.0122281
0.0124414
0.0124915
0.0124728
0.0124828
0.0125637
0.0127152
0.0129282
0.0132281
0.0100045
0.0101165
0.0102459
0.0102992
0.0103815
0.0105611
0.0108748
0.0111776
0.0114433
0.011718
0.0120642
0.0124021
0.0126452
0.0127437
0.0127634
0.0127774
0.0128322
0.0129536
0.0131505
0.0134514
0.0101742
0.0102846
0.0103949
0.0104426
0.0105325
0.0107059
0.0110125
0.0113332
0.0116234
0.0119152
0.0122542
0.0125932
0.0128666
0.0130087
0.0130674
0.0131035
0.0131494
0.0132443
0.0134134
0.0136943
0.0103278
0.0104361
0.0105364
0.01058
0.010677
0.0108507
0.0111514
0.0114815
0.0117903
0.0121071
0.0124526
0.0127986
0.0131045
0.0132943
0.0133912
0.0134587
0.0135232
0.0136155
0.0137656
0.0140144
0.010463
0.0105747
0.0106742
0.0107103
0.0108043
0.0109775
0.0112826
0.011633
0.0119553
0.0122904
0.0126467
0.0129889
0.0133227
0.0135642
0.0136981
0.0137941
0.0138984
0.0140289
0.0142232
0.0145173
0.0105879
0.0107057
0.0108018
0.0108356
0.0109368
0.0110995
0.0113713
0.0117556
0.0121507
0.0125628
0.0129776
0.0133687
0.0137396
0.0140507
0.014243
0.0143384
0.0143747
0.0143734
0.0144106
0.0145765
0.010669
0.0107727
0.0108603
0.0109209
0.0110634
0.0112602
0.0115571
0.0117476
0.0119791
0.0122819
0.0127539
0.0133294
0.0138867
0.0143324
0.0146802
0.0150294
0.0154844
0.0159914
0.0164739
0.0168384
0.0108376
0.0109368
0.0110064
0.011005
0.0111091
0.0112967
0.0116254
0.0121194
0.0126642
0.0131511
0.0136026
0.0139428
0.014281
0.0146283
0.0149769
0.0152712
0.015545
0.0158548
0.016173
0.0164414
0.0106731
0.0107921
0.011015
0.0112053
0.0114092
0.0116399
0.0119414
0.0122573
0.0125674
0.0129023
0.013234
0.013656
0.0140736
0.0145277
0.0150241
0.0155543
0.0161086
0.0166623
0.0171583
0.0175287
0.0109657
0.0111073
0.0112559
0.0113246
0.0114923
0.0117436
0.0120793
0.0124413
0.0128765
0.0133446
0.0138271
0.0142779
0.0146921
0.0149802
0.0151611
0.0152666
0.0152999
0.0152825
0.0152455
0.0152401
0.0107791
0.0109095
0.0111905
0.0114405
0.0116823
0.0119385
0.0122452
0.0125794
0.0129295
0.0132532
0.0135888
0.0140216
0.0144555
0.0149216
0.0154052
0.0159262
0.0164569
0.0169601
0.0173785
0.0176491
0.0109491
0.0111015
0.011394
0.0115987
0.0118114
0.0120602
0.0123597
0.012697
0.0131233
0.0135641
0.0140696
0.0145009
0.0148851
0.0152225
0.015533
0.0158384
0.0161471
0.0164506
0.0167163
0.0168726
0.00833146
0.00771495
0.00415879
0.00052337
0.000247115
0.00243311
0.0050867
0.00730347
0.00890416
0.0100581
0.0110097
0.0119082
0.0127945
0.0136533
0.0144373
0.0151934
0.0160411
0.0169498
0.0177789
0.0185021
0.0192085
0.0199977
0.0208657
0.0216883
0.0224011
0.0231226
0.0239534
0.0248533
0.0257637
0.0266683
0.0275635
0.0284533
0.0293503
0.0302519
0.0311377
0.0319913
0.0328329
0.0337003
0.0346098
0.0355572
0.0365396
0.037525
0.0385098
0.0395253
0.0405514
0.0415586
0.0425749
0.0436404
0.0447322
0.0457948
0.0468298
0.0479237
0.0490685
0.0502082
0.0513681
0.0526046
0.0538648
0.0551345
0.0564575
0.0578227
0.059167
0.0604359
0.0616967
0.0630605
0.0645296
0.0659974
0.0674864
0.0689789
0.0704879
0.0720356
0.0736168
0.075202
0.0768397
0.078518
0.0802264
0.0819577
0.0837201
0.0855254
0.0873474
0.0892409
0.0911551
0.0931194
0.0951027
0.0971622
0.0992617
0.101363
0.10349
0.105642
0.10787
0.11016
0.112462
0.114807
0.117142
0.119558
0.121974
0.124442
0.126937
0.129344
0.131635
0.13379
0.0082773
0.00766216
0.00426149
0.000678309
0.000336029
0.00247419
0.00511256
0.00732248
0.00891885
0.0100698
0.0110192
0.011916
0.0128011
0.013659
0.0144423
0.0151976
0.0160447
0.0169533
0.0177821
0.018505
0.0192109
0.0199997
0.0208676
0.0216902
0.0224028
0.023124
0.0239546
0.0248545
0.0257648
0.0266693
0.0275645
0.0284542
0.0293512
0.0302528
0.0311386
0.0319921
0.0328337
0.0337011
0.0346106
0.0355579
0.0365403
0.0375257
0.0385105
0.039526
0.0405521
0.0415592
0.0425755
0.0436409
0.0447327
0.0457954
0.0468302
0.0479241
0.0490689
0.0502086
0.0513684
0.052605
0.0538652
0.0551348
0.0564578
0.057823
0.0591673
0.0604363
0.061697
0.0630607
0.0645298
0.0659977
0.0674866
0.0689791
0.0704881
0.0720358
0.073617
0.0752022
0.0768399
0.0785181
0.0802266
0.0819579
0.0837203
0.0855255
0.0873476
0.0892411
0.0911552
0.0931195
0.0951028
0.0971623
0.0992618
0.101363
0.10349
0.105642
0.10787
0.11016
0.112462
0.114807
0.117142
0.119558
0.121974
0.124443
0.126938
0.129344
0.131635
0.13379
0.00810796
0.00751814
0.00441994
0.000957553
0.000493177
0.00253194
0.00514004
0.00734211
0.00893442
0.0100828
0.0110306
0.0119257
0.012809
0.0136655
0.0144476
0.015202
0.0160485
0.0169568
0.0177853
0.0185078
0.0192133
0.0200018
0.0208695
0.0216921
0.0224044
0.0231253
0.0239558
0.0248556
0.0257659
0.0266704
0.0275654
0.028455
0.029352
0.0302535
0.0311393
0.0319929
0.0328344
0.0337017
0.0346112
0.0355585
0.0365409
0.0375264
0.0385111
0.0395265
0.0405526
0.0415598
0.0425759
0.0436413
0.0447332
0.0457958
0.0468306
0.0479245
0.0490693
0.050209
0.0513687
0.0526053
0.0538655
0.0551351
0.0564581
0.0578233
0.0591676
0.0604366
0.0616972
0.0630608
0.06453
0.0659979
0.0674868
0.0689793
0.0704883
0.0720359
0.0736172
0.0752024
0.07684
0.0785183
0.0802268
0.081958
0.0837204
0.0855256
0.0873477
0.0892412
0.0911554
0.0931196
0.095103
0.0971624
0.0992619
0.101363
0.10349
0.105642
0.10787
0.11016
0.112463
0.114807
0.117142
0.119558
0.121974
0.124443
0.126938
0.129344
0.131635
0.13379
0.00790984
0.00737644
0.00463297
0.00132377
0.00071729
0.00261775
0.00518084
0.00737054
0.00895582
0.0100997
0.0110453
0.0119388
0.0128201
0.0136745
0.0144552
0.0152085
0.016054
0.0169614
0.0177893
0.0185116
0.019217
0.020005
0.0208721
0.0216943
0.0224063
0.023127
0.0239574
0.024857
0.0257672
0.0266716
0.0275666
0.028456
0.0293529
0.0302544
0.0311401
0.0319936
0.0328351
0.0337023
0.0346118
0.035559
0.0365415
0.037527
0.0385117
0.0395271
0.0405532
0.0415603
0.0425765
0.0436418
0.0447337
0.0457963
0.0468311
0.0479248
0.0490697
0.0502093
0.0513691
0.0526056
0.0538658
0.0551354
0.0564584
0.0578236
0.059168
0.0604369
0.0616973
0.063061
0.0645302
0.0659981
0.067487
0.0689795
0.0704885
0.0720361
0.0736174
0.0752025
0.0768402
0.0785184
0.0802269
0.0819582
0.0837206
0.0855258
0.0873478
0.0892413
0.0911555
0.0931198
0.0951031
0.0971625
0.099262
0.101363
0.10349
0.105642
0.10787
0.11016
0.112463
0.114807
0.117142
0.119558
0.121974
0.124443
0.126938
0.129344
0.131636
0.133791
0.00772806
0.007267
0.00487278
0.00171907
0.000970188
0.00271842
0.00522916
0.0074056
0.00898304
0.0101213
0.0110642
0.0119562
0.0128351
0.0136868
0.0144661
0.0152186
0.0160625
0.0169676
0.0177942
0.0185169
0.0192229
0.0200103
0.0208761
0.0216972
0.022409
0.0231296
0.0239597
0.024859
0.025769
0.0266733
0.0275681
0.0284574
0.0293542
0.0302555
0.031141
0.0319944
0.0328358
0.033703
0.0346123
0.0355595
0.0365421
0.0375277
0.0385124
0.0395277
0.0405539
0.041561
0.0425771
0.0436424
0.0447343
0.0457969
0.0468315
0.0479253
0.0490701
0.0502097
0.0513694
0.052606
0.0538662
0.0551357
0.0564587
0.057824
0.0591684
0.0604373
0.0616975
0.0630611
0.0645305
0.0659984
0.0674873
0.0689797
0.0704887
0.0720363
0.0736176
0.0752027
0.0768403
0.0785186
0.0802271
0.0819583
0.0837207
0.0855259
0.087348
0.0892414
0.0911556
0.0931199
0.0951032
0.0971626
0.0992622
0.101363
0.10349
0.105642
0.10787
0.11016
0.112463
0.114807
0.117142
0.119559
0.121974
0.124443
0.126938
0.129345
0.131636
0.133791
0.00758135
0.00717324
0.00510388
0.00211608
0.00123736
0.00282712
0.00527983
0.00744348
0.00901405
0.0101464
0.0110864
0.0119768
0.0128529
0.0137016
0.0144797
0.0152322
0.0160742
0.0169758
0.0178005
0.018524
0.0192313
0.0200183
0.0208817
0.0217013
0.0224129
0.0231336
0.0239631
0.0248616
0.0257712
0.0266754
0.0275701
0.0284593
0.0293559
0.0302569
0.0311422
0.0319953
0.0328366
0.0337037
0.0346128
0.03556
0.0365427
0.0375285
0.0385131
0.0395284
0.0405545
0.0415617
0.0425779
0.0436432
0.044735
0.0457976
0.0468322
0.0479258
0.0490706
0.0502102
0.0513698
0.0526064
0.0538666
0.055136
0.056459
0.0578244
0.0591689
0.0604377
0.0616978
0.0630613
0.0645308
0.0659987
0.0674875
0.06898
0.0704889
0.0720365
0.0736178
0.0752029
0.0768405
0.0785188
0.0802272
0.0819585
0.0837209
0.0855261
0.0873481
0.0892416
0.0911558
0.09312
0.0951033
0.0971628
0.0992623
0.101363
0.103491
0.105643
0.10787
0.110161
0.112463
0.114807
0.117142
0.119559
0.121974
0.124443
0.126938
0.129345
0.131636
0.133792
0.00746268
0.00707493
0.00531208
0.00251195
0.00152111
0.002946
0.0053328
0.00748318
0.00904818
0.0101747
0.0111113
0.0119995
0.0128724
0.0137177
0.014495
0.0152482
0.0160885
0.016986
0.017808
0.0185325
0.0192421
0.0200285
0.0208891
0.0217066
0.0224185
0.0231395
0.023968
0.0248652
0.025774
0.0266779
0.0275725
0.0284616
0.029358
0.0302588
0.0311437
0.0319967
0.0328379
0.0337047
0.0346134
0.0355603
0.0365431
0.0375292
0.0385139
0.039529
0.0405551
0.0415625
0.0425789
0.0436441
0.0447357
0.0457984
0.046833
0.0479265
0.0490711
0.0502106
0.0513703
0.0526068
0.053867
0.0551364
0.0564594
0.0578249
0.0591695
0.0604382
0.061698
0.0630615
0.0645312
0.0659991
0.0674879
0.0689803
0.0704892
0.0720368
0.0736181
0.0752031
0.0768407
0.078519
0.0802274
0.0819587
0.083721
0.0855263
0.0873482
0.0892417
0.0911559
0.0931202
0.0951034
0.0971629
0.0992625
0.101363
0.103491
0.105643
0.10787
0.110161
0.112463
0.114807
0.117142
0.119559
0.121974
0.124443
0.126938
0.129345
0.131637
0.133793
0.00736193
0.00696895
0.00550106
0.00291222
0.00182623
0.00307815
0.00538863
0.00752412
0.00908506
0.010206
0.0111385
0.012024
0.0128931
0.0137346
0.0145112
0.0152655
0.0161044
0.0169976
0.0178168
0.0185424
0.0192544
0.0200404
0.0208975
0.0217129
0.0224254
0.0231472
0.0239745
0.0248697
0.0257775
0.0266809
0.0275752
0.028464
0.0293603
0.0302609
0.0311456
0.0319985
0.0328397
0.0337062
0.0346143
0.0355607
0.0365435
0.0375299
0.0385147
0.0395295
0.0405554
0.0415633
0.04258
0.0436451
0.0447365
0.0457993
0.0468341
0.0479274
0.0490718
0.0502113
0.0513708
0.0526073
0.0538674
0.0551368
0.0564599
0.0578254
0.0591701
0.0604388
0.0616984
0.0630618
0.0645316
0.0659996
0.0674883
0.0689807
0.0704895
0.0720371
0.0736184
0.0752034
0.0768409
0.0785192
0.0802276
0.0819589
0.0837212
0.0855264
0.0873484
0.0892419
0.0911561
0.0931203
0.0951036
0.097163
0.0992627
0.101364
0.103491
0.105643
0.10787
0.110161
0.112463
0.114807
0.117142
0.119559
0.121974
0.124443
0.126939
0.129346
0.131638
0.133795
0.00727858
0.00686481
0.00567584
0.003317
0.0021529
0.0032247
0.00544739
0.00756549
0.00912415
0.0102403
0.0111682
0.0120501
0.0129151
0.0137526
0.0145281
0.0152837
0.0161215
0.0170105
0.0178267
0.0185532
0.0192677
0.0200532
0.0209066
0.0217198
0.0224334
0.0231563
0.0239824
0.0248754
0.0257817
0.0266844
0.0275782
0.0284667
0.0293627
0.0302629
0.0311475
0.0320007
0.0328422
0.0337084
0.0346158
0.0355614
0.036544
0.0375307
0.0385156
0.0395299
0.0405556
0.041564
0.0425813
0.0436462
0.0447373
0.0458004
0.0468355
0.0479286
0.0490727
0.0502121
0.0513717
0.0526078
0.0538677
0.0551371
0.0564603
0.0578259
0.0591708
0.0604394
0.0616988
0.0630622
0.0645322
0.0660001
0.0674887
0.0689812
0.07049
0.0720376
0.0736188
0.0752037
0.0768413
0.0785195
0.0802279
0.0819592
0.0837215
0.0855267
0.0873486
0.089242
0.0911562
0.0931205
0.0951037
0.0971631
0.0992629
0.101364
0.103491
0.105643
0.10787
0.110161
0.112463
0.114808
0.117143
0.119559
0.121975
0.124443
0.126939
0.129347
0.131639
0.133796
0.00721784
0.00677061
0.00583494
0.00372045
0.00249888
0.00338693
0.00550983
0.00760671
0.00916477
0.0102773
0.0112002
0.012078
0.0129384
0.0137715
0.0145459
0.0153027
0.0161396
0.0170244
0.0178374
0.0185648
0.0192818
0.0200667
0.0209162
0.021727
0.022442
0.0231664
0.0239913
0.0248819
0.0257865
0.0266883
0.0275815
0.0284695
0.0293649
0.0302647
0.0311491
0.0320028
0.0328451
0.0337114
0.0346179
0.0355624
0.0365448
0.0375318
0.0385166
0.0395303
0.0405556
0.0415645
0.0425825
0.0436472
0.044738
0.0458015
0.0468371
0.0479301
0.0490738
0.0502133
0.0513729
0.0526087
0.0538681
0.0551373
0.0564605
0.0578263
0.0591715
0.0604402
0.0616993
0.0630626
0.0645328
0.0660007
0.0674893
0.0689817
0.0704906
0.0720381
0.0736192
0.0752042
0.0768417
0.0785199
0.0802283
0.0819595
0.0837218
0.085527
0.0873488
0.0892422
0.0911564
0.0931207
0.0951039
0.0971633
0.0992631
0.101364
0.103491
0.105643
0.10787
0.110161
0.112463
0.114808
0.117143
0.119559
0.121975
0.124443
0.126939
0.129348
0.131641
0.133798
0.00718271
0.00669001
0.00597447
0.00411601
0.00286196
0.00356676
0.00557729
0.00764728
0.00920594
0.0103168
0.0112348
0.0121077
0.0129631
0.0137916
0.0145646
0.0153226
0.0161586
0.0170391
0.0178487
0.018577
0.0192965
0.0200808
0.0209262
0.0217345
0.0224508
0.023177
0.024001
0.0248891
0.0257918
0.0266926
0.0275851
0.0284724
0.0293672
0.0302662
0.0311504
0.0320049
0.0328483
0.0337149
0.0346206
0.0355639
0.0365458
0.0375331
0.0385179
0.0395308
0.0405555
0.041565
0.0425837
0.0436481
0.0447384
0.0458024
0.0468387
0.0479317
0.049075
0.0502147
0.0513745
0.0526099
0.0538687
0.0551376
0.0564605
0.0578263
0.0591719
0.0604409
0.0616999
0.0630632
0.0645335
0.0660014
0.0674898
0.0689822
0.0704912
0.0720387
0.0736198
0.0752047
0.0768423
0.0785205
0.0802288
0.08196
0.0837222
0.0855273
0.0873491
0.0892425
0.0911566
0.0931209
0.095104
0.0971634
0.0992633
0.101364
0.103491
0.105643
0.107871
0.110161
0.112464
0.114808
0.117143
0.119559
0.121975
0.124444
0.12694
0.129349
0.131643
0.133801
0.00717192
0.00662553
0.00609295
0.00449824
0.00323925
0.00376551
0.00565103
0.00768665
0.0092466
0.0103583
0.011272
0.0121395
0.0129892
0.0138128
0.0145842
0.0153436
0.0161786
0.0170547
0.0178608
0.0185897
0.0193117
0.0200955
0.0209368
0.0217423
0.0224599
0.0231879
0.0240112
0.0248969
0.0257976
0.0266972
0.0275889
0.0284755
0.0293695
0.0302676
0.0311514
0.0320067
0.0328515
0.0337188
0.0346238
0.0355659
0.0365471
0.0375346
0.0385195
0.0395314
0.0405555
0.0415655
0.0425849
0.0436489
0.0447386
0.0458031
0.0468403
0.0479333
0.0490763
0.0502164
0.0513766
0.0526116
0.0538697
0.055138
0.0564604
0.0578259
0.0591719
0.0604414
0.0617006
0.0630639
0.0645344
0.0660021
0.0674904
0.0689828
0.0704919
0.0720394
0.0736204
0.0752054
0.076843
0.0785211
0.0802294
0.0819606
0.0837228
0.0855279
0.0873495
0.0892428
0.0911569
0.0931211
0.0951042
0.0971636
0.0992635
0.101364
0.103491
0.105643
0.107871
0.110162
0.112464
0.114808
0.117143
0.119559
0.121976
0.124444
0.12694
0.12935
0.131645
0.133803
0.00718199
0.00658035
0.00619201
0.00486238
0.0036263
0.00398332
0.0057324
0.00772493
0.00928609
0.0104017
0.0113122
0.0121738
0.013017
0.0138351
0.0146049
0.0153655
0.0161998
0.0170714
0.0178735
0.0186029
0.0193276
0.0201108
0.0209478
0.0217504
0.0224692
0.0231992
0.0240219
0.0249052
0.0258039
0.0267022
0.027593
0.0284788
0.0293718
0.030269
0.0311523
0.0320084
0.0328547
0.033723
0.0346274
0.0355682
0.0365487
0.0375364
0.0385212
0.0395321
0.0405555
0.041566
0.0425861
0.0436496
0.0447385
0.0458035
0.0468417
0.0479348
0.0490775
0.050218
0.0513788
0.0526137
0.0538712
0.0551389
0.0564603
0.057825
0.0591712
0.0604415
0.061701
0.0630648
0.0645355
0.0660031
0.067491
0.0689833
0.0704925
0.07204
0.0736211
0.0752062
0.0768438
0.0785218
0.08023
0.0819614
0.0837236
0.0855286
0.0873501
0.0892433
0.0911573
0.0931214
0.0951044
0.0971638
0.0992638
0.101365
0.103492
0.105643
0.107871
0.110162
0.112464
0.114808
0.117143
0.11956
0.121976
0.124444
0.126941
0.129352
0.131648
0.133806
0.00720893
0.00655789
0.00627502
0.00520402
0.00401798
0.00422007
0.00582365
0.00776327
0.00932417
0.0104465
0.0113555
0.0122109
0.0130468
0.0138588
0.0146266
0.0153887
0.0162223
0.0170892
0.0178871
0.0186167
0.019344
0.0201268
0.0209594
0.0217588
0.0224788
0.0232111
0.0240334
0.0249143
0.0258106
0.0267075
0.0275974
0.0284823
0.0293743
0.0302703
0.0311532
0.0320101
0.032858
0.0337273
0.0346314
0.0355709
0.0365504
0.0375382
0.038523
0.039533
0.0405556
0.0415666
0.0425873
0.0436503
0.0447383
0.0458037
0.046843
0.0479361
0.0490785
0.0502196
0.0513812
0.052616
0.053873
0.0551401
0.0564604
0.0578239
0.05917
0.0604408
0.0617011
0.0630656
0.0645369
0.0660042
0.0674916
0.0689838
0.0704932
0.0720407
0.0736216
0.075207
0.0768447
0.0785226
0.0802308
0.0819622
0.0837244
0.0855294
0.0873509
0.0892439
0.0911579
0.0931218
0.0951047
0.0971639
0.0992641
0.101365
0.103492
0.105644
0.107871
0.110162
0.112464
0.114809
0.117144
0.11956
0.121976
0.124444
0.126942
0.129354
0.131651
0.13381
0.00724874
0.00656085
0.00634566
0.00551942
0.00441003
0.00447633
0.00592767
0.00780331
0.00936061
0.0104921
0.0114021
0.0122515
0.013079
0.0138839
0.0146493
0.0154129
0.0162462
0.0171083
0.0179015
0.0186312
0.0193611
0.0201435
0.0209715
0.0217677
0.022489
0.0232238
0.0240458
0.0249241
0.025818
0.0267132
0.027602
0.0284861
0.029377
0.0302718
0.0311542
0.0320119
0.0328614
0.0337318
0.0346357
0.0355739
0.0365524
0.0375402
0.038525
0.039534
0.0405557
0.0415673
0.0425887
0.043651
0.044738
0.0458038
0.0468442
0.0479374
0.0490795
0.0502211
0.0513835
0.0526184
0.053875
0.0551416
0.0564605
0.0578225
0.0591681
0.0604396
0.0617007
0.0630663
0.0645385
0.0660056
0.0674924
0.0689844
0.0704939
0.0720412
0.0736222
0.0752077
0.0768456
0.0785234
0.0802315
0.081963
0.0837254
0.0855305
0.0873519
0.0892447
0.0911586
0.0931224
0.095105
0.097164
0.0992644
0.101365
0.103492
0.105644
0.107871
0.110162
0.112464
0.114809
0.117144
0.11956
0.121977
0.124445
0.126943
0.129356
0.131655
0.133814
0.00729718
0.00659043
0.00640759
0.00580661
0.00479976
0.00475291
0.00604712
0.0078467
0.00939529
0.0105379
0.0114518
0.0122958
0.013114
0.0139106
0.014673
0.0154383
0.0162714
0.0171286
0.017917
0.0186463
0.019379
0.020161
0.0209843
0.0217771
0.0225
0.0232376
0.0240595
0.024935
0.025826
0.0267193
0.027607
0.0284902
0.0293799
0.0302734
0.0311553
0.0320138
0.0328649
0.0337365
0.0346403
0.0355773
0.0365546
0.0375424
0.0385272
0.0395351
0.0405559
0.041568
0.0425901
0.0436517
0.0447377
0.0458037
0.0468453
0.0479387
0.0490805
0.0502226
0.0513858
0.0526208
0.0538771
0.0551432
0.0564607
0.0578207
0.0591658
0.0604378
0.0616999
0.0630667
0.06454
0.0660072
0.0674933
0.068985
0.0704945
0.0720418
0.0736226
0.0752084
0.0768466
0.0785244
0.0802324
0.0819639
0.0837264
0.0855317
0.087353
0.0892457
0.0911594
0.0931231
0.0951055
0.0971641
0.0992645
0.101366
0.103493
0.105644
0.107871
0.110162
0.112464
0.114809
0.117144
0.11956
0.121978
0.124445
0.126943
0.129359
0.131659
0.133818
0.00734959
0.00664609
0.00646523
0.00606562
0.00518504
0.00504956
0.00618409
0.00789539
0.00942861
0.0105832
0.0115042
0.012344
0.013152
0.0139391
0.0146979
0.0154647
0.0162979
0.0171503
0.0179334
0.0186624
0.0193976
0.0201794
0.0209979
0.0217873
0.022512
0.0232529
0.0240747
0.0249471
0.0258346
0.0267258
0.0276124
0.0284946
0.029383
0.0302752
0.0311566
0.0320158
0.0328686
0.0337416
0.0346454
0.0355811
0.0365571
0.0375446
0.0385294
0.0395363
0.0405562
0.0415688
0.0425917
0.0436525
0.0447373
0.0458036
0.0468464
0.0479401
0.0490815
0.0502242
0.0513882
0.0526232
0.0538792
0.055145
0.056461
0.0578189
0.059163
0.0604357
0.061699
0.063067
0.0645415
0.0660088
0.0674942
0.0689856
0.0704952
0.0720423
0.073623
0.0752091
0.0768476
0.0785254
0.0802333
0.0819647
0.0837274
0.0855329
0.0873543
0.0892468
0.0911604
0.0931241
0.0951061
0.0971642
0.0992646
0.101366
0.103493
0.105645
0.107871
0.110161
0.112464
0.114809
0.117144
0.11956
0.121978
0.124445
0.126944
0.129362
0.131663
0.133822
0.00740166
0.00672639
0.00652386
0.00629757
0.00556295
0.00536467
0.00634052
0.00795179
0.00946142
0.0106274
0.0115586
0.0123961
0.0131936
0.0139699
0.014724
0.0154923
0.0163258
0.0171733
0.0179509
0.0186792
0.0194171
0.0201985
0.0210123
0.0217984
0.0225252
0.0232698
0.0240915
0.0249602
0.0258439
0.0267328
0.0276181
0.0284993
0.0293864
0.0302772
0.031158
0.032018
0.0328725
0.0337469
0.0346509
0.0355853
0.0365598
0.037547
0.0385317
0.0395375
0.0405565
0.0415697
0.0425934
0.0436534
0.0447368
0.0458035
0.0468476
0.0479417
0.0490828
0.0502259
0.0513907
0.0526256
0.0538812
0.0551467
0.0564613
0.0578169
0.0591599
0.0604335
0.0616984
0.0630675
0.0645429
0.0660103
0.0674951
0.0689862
0.0704959
0.0720429
0.0736235
0.0752098
0.0768486
0.0785264
0.0802342
0.0819656
0.0837284
0.0855341
0.0873557
0.0892479
0.0911614
0.0931251
0.0951069
0.0971644
0.0992645
0.101366
0.103494
0.105646
0.107872
0.110161
0.112464
0.114809
0.117145
0.11956
0.121979
0.124446
0.126945
0.129365
0.131667
0.133827
0.00745054
0.00682941
0.00658855
0.00650368
0.00592996
0.00569587
0.00651818
0.00801845
0.00949488
0.0106699
0.011614
0.0124518
0.0132391
0.0140032
0.0147516
0.0155211
0.0163551
0.0171978
0.0179696
0.0186969
0.0194374
0.0202186
0.0210277
0.0218105
0.0225396
0.0232883
0.0241097
0.0249744
0.0258539
0.0267403
0.0276242
0.0285043
0.0293901
0.0302794
0.0311597
0.0320204
0.0328766
0.0337526
0.0346568
0.03559
0.0365628
0.0375496
0.0385342
0.0395389
0.0405568
0.0415706
0.0425952
0.0436545
0.0447364
0.0458033
0.0468489
0.0479436
0.0490844
0.0502278
0.0513933
0.0526281
0.0538833
0.0551485
0.0564617
0.057815
0.0591567
0.0604314
0.0616985
0.0630684
0.0645442
0.0660115
0.0674959
0.0689868
0.0704966
0.0720435
0.073624
0.0752106
0.0768497
0.0785274
0.0802351
0.0819665
0.0837293
0.0855353
0.0873571
0.0892492
0.0911625
0.0931263
0.0951078
0.0971646
0.0992643
0.101366
0.103494
0.105646
0.107872
0.110161
0.112464
0.114809
0.117145
0.11956
0.12198
0.124446
0.126946
0.129368
0.131672
0.133831
0.00749483
0.00695235
0.00666318
0.00668557
0.0062827
0.00604043
0.00671799
0.00809757
0.00953061
0.010711
0.0116698
0.0125108
0.0132884
0.0140394
0.014781
0.0155513
0.0163859
0.0172238
0.0179896
0.0187156
0.0194586
0.0202397
0.021044
0.0218235
0.0225553
0.0233082
0.0241292
0.0249895
0.0258646
0.0267482
0.0276307
0.0285097
0.029394
0.030282
0.0311616
0.032023
0.0328809
0.0337587
0.0346632
0.035595
0.036566
0.0375523
0.0385369
0.0395403
0.0405572
0.0415716
0.0425971
0.0436556
0.044736
0.0458032
0.0468504
0.0479457
0.0490862
0.05023
0.0513962
0.0526306
0.0538854
0.0551502
0.0564621
0.057813
0.0591534
0.0604298
0.0616994
0.0630702
0.0645455
0.0660126
0.0674966
0.0689873
0.0704974
0.0720442
0.0736247
0.0752116
0.0768509
0.0785285
0.0802361
0.0819674
0.0837304
0.0855366
0.0873586
0.0892505
0.0911637
0.0931275
0.0951089
0.0971649
0.0992641
0.101366
0.103495
0.105647
0.107873
0.110161
0.112464
0.114809
0.117145
0.119561
0.121981
0.124447
0.126947
0.129372
0.131677
0.133836
0.00753332
0.00709131
0.00675125
0.006846
0.00661828
0.00639514
0.00693971
0.00819103
0.00957081
0.0107513
0.0117254
0.0125722
0.0133415
0.0140787
0.0148123
0.0155832
0.0164184
0.0172514
0.0180108
0.0187353
0.0194808
0.0202619
0.0210615
0.0218375
0.022572
0.0233293
0.0241498
0.0250054
0.0258758
0.0267567
0.0276377
0.0285154
0.0293983
0.0302848
0.0311637
0.0320257
0.0328854
0.033765
0.0346699
0.0356003
0.0365694
0.0375552
0.0385397
0.0395419
0.0405576
0.0415727
0.0425991
0.0436568
0.0447357
0.0458031
0.0468521
0.0479482
0.0490884
0.0502324
0.0513993
0.0526333
0.0538874
0.055152
0.0564626
0.0578112
0.0591502
0.0604286
0.0617015
0.0630729
0.064547
0.0660134
0.0674972
0.0689879
0.0704982
0.072045
0.0736255
0.0752127
0.0768522
0.0785297
0.0802371
0.0819684
0.0837315
0.0855379
0.0873601
0.0892519
0.0911648
0.0931287
0.0951101
0.0971654
0.0992638
0.101365
0.103495
0.105648
0.107873
0.110161
0.112463
0.114808
0.117146
0.119561
0.121982
0.124448
0.126948
0.129376
0.131683
0.133842
0.0075643
0.00724173
0.00685707
0.00698881
0.00693353
0.00675635
0.00718247
0.00830063
0.00961784
0.0107918
0.0117802
0.0126352
0.0133981
0.0141214
0.0148462
0.0156169
0.0164527
0.0172806
0.0180332
0.018756
0.0195041
0.0202853
0.02108
0.0218524
0.0225897
0.0233513
0.0241712
0.025022
0.0258877
0.0267658
0.0276452
0.0285216
0.029403
0.030288
0.031166
0.0320286
0.0328902
0.0337716
0.0346769
0.0356058
0.036573
0.0375582
0.0385428
0.0395436
0.040558
0.0415737
0.0426012
0.0436582
0.0447353
0.0458031
0.046854
0.047951
0.0490908
0.0502352
0.0514027
0.0526361
0.0538895
0.0551538
0.0564632
0.0578093
0.059147
0.0604279
0.0617045
0.0630766
0.0645486
0.066014
0.0674976
0.0689884
0.070499
0.0720459
0.0736263
0.0752139
0.0768536
0.0785309
0.0802381
0.0819695
0.0837326
0.0855393
0.0873617
0.0892534
0.091166
0.09313
0.0951114
0.097166
0.0992635
0.101365
0.103495
0.105649
0.107874
0.110161
0.112463
0.114808
0.117146
0.119561
0.121983
0.124448
0.126949
0.12938
0.131688
0.133847
0.00758607
0.00739803
0.00698523
0.00711872
0.007225
0.00712052
0.00744542
0.00842762
0.0096737
0.010834
0.0118341
0.012699
0.0134577
0.0141676
0.0148828
0.0156528
0.0164889
0.0173115
0.0180569
0.0187777
0.0195286
0.0203101
0.0210998
0.0218683
0.0226082
0.0233743
0.0241935
0.0250392
0.0259001
0.0267754
0.0276532
0.0285282
0.029408
0.0302915
0.0311687
0.0320318
0.0328952
0.0337784
0.034684
0.0356115
0.0365767
0.0375615
0.0385461
0.0395455
0.0405585
0.0415749
0.0426035
0.0436597
0.0447351
0.0458031
0.0468576
0.0479542
0.0490936
0.0502382
0.0514063
0.0526391
0.0538916
0.0551556
0.0564639
0.0578076
0.059144
0.0604275
0.0617082
0.063081
0.0645504
0.0660144
0.0674981
0.0689889
0.0704998
0.0720468
0.0736274
0.0752153
0.0768552
0.0785322
0.0802392
0.0819705
0.0837339
0.0855407
0.0873633
0.0892549
0.0911672
0.0931313
0.0951128
0.0971667
0.0992633
0.101365
0.103496
0.10565
0.107875
0.110161
0.112463
0.114808
0.117146
0.119561
0.121984
0.124449
0.12695
0.129384
0.131695
0.133853
0.00759848
0.00755204
0.00713825
0.00724236
0.00749007
0.00748406
0.00772773
0.00857229
0.00973986
0.0108798
0.0118875
0.0127629
0.0135196
0.014217
0.0149226
0.0156912
0.0165273
0.0173444
0.018082
0.0188005
0.0195543
0.0203363
0.0211208
0.0218851
0.0226275
0.023398
0.0242164
0.025057
0.0259131
0.0267857
0.0276617
0.0285351
0.0294134
0.0302954
0.0311717
0.0320353
0.0329004
0.0337855
0.0346914
0.0356172
0.0365806
0.037565
0.0385496
0.0395475
0.0405591
0.041576
0.0426059
0.0436614
0.0447349
0.0458033
0.0468601
0.0479577
0.0490966
0.0502414
0.0514101
0.0526421
0.0538937
0.0551574
0.0564646
0.0578059
0.0591411
0.0604274
0.0617125
0.0630859
0.0645523
0.0660149
0.0674985
0.0689895
0.0705007
0.0720478
0.0736284
0.0752168
0.0768568
0.0785335
0.0802403
0.0819717
0.0837353
0.0855423
0.087365
0.0892566
0.0911685
0.0931327
0.0951143
0.0971676
0.0992631
0.101364
0.103496
0.105651
0.107876
0.110161
0.112462
0.114807
0.117147
0.119562
0.121985
0.12445
0.126951
0.129388
0.131701
0.133859
0.0076058
0.00769291
0.00731375
0.00736935
0.00772837
0.00784202
0.00802833
0.00873457
0.00981723
0.0109316
0.0119416
0.0128266
0.0135829
0.0142693
0.0149654
0.0157326
0.0165682
0.0173792
0.0181087
0.0188244
0.0195812
0.0203641
0.0211433
0.0219029
0.0226476
0.0234226
0.0242401
0.0250755
0.0259268
0.0267965
0.0276708
0.0285426
0.0294193
0.0302998
0.0311751
0.032039
0.0329059
0.0337928
0.0346989
0.0356231
0.0365846
0.0375687
0.0385533
0.0395497
0.0405597
0.0415773
0.0426084
0.0436632
0.0447348
0.0458034
0.0468627
0.0479615
0.0490998
0.0502449
0.0514141
0.0526453
0.0538959
0.0551592
0.0564654
0.0578044
0.0591384
0.0604274
0.061717
0.063091
0.0645543
0.0660153
0.0674989
0.06899
0.0705017
0.0720488
0.0736296
0.0752184
0.0768585
0.0785349
0.0802414
0.0819729
0.0837368
0.0855439
0.0873668
0.0892582
0.0911699
0.0931341
0.0951159
0.0971687
0.099263
0.101364
0.103497
0.105652
0.107877
0.110161
0.112462
0.114807
0.117147
0.119562
0.121986
0.124451
0.126953
0.129393
0.131707
0.133865
0.00761896
0.00781187
0.00750312
0.0075104
0.00794289
0.00818766
0.00834566
0.00891522
0.00990622
0.0109915
0.0119982
0.0128898
0.013647
0.0143238
0.0150113
0.0157773
0.0166121
0.0174161
0.0181369
0.0188495
0.0196093
0.0203933
0.0211673
0.0219219
0.0226686
0.023448
0.0242646
0.0250947
0.0259411
0.0268081
0.0276805
0.0285506
0.0294256
0.0303045
0.0311788
0.0320431
0.0329117
0.0338003
0.0347067
0.0356292
0.0365887
0.0375726
0.0385573
0.0395521
0.0405605
0.0415787
0.0426112
0.0436651
0.0447347
0.0458037
0.0468654
0.0479654
0.0491032
0.0502485
0.0514183
0.0526486
0.0538981
0.055161
0.0564663
0.0578029
0.0591356
0.0604274
0.0617216
0.0630962
0.0645564
0.0660157
0.0674993
0.0689906
0.0705027
0.0720499
0.0736309
0.07522
0.0768603
0.0785364
0.0802426
0.0819741
0.0837383
0.0855456
0.0873686
0.08926
0.0911713
0.0931355
0.0951176
0.0971698
0.099263
0.101364
0.103497
0.105653
0.107878
0.110161
0.112462
0.114807
0.117148
0.119562
0.121987
0.124452
0.126954
0.129397
0.131714
0.133872
0.00765085
0.00790969
0.00769425
0.00767227
0.00814089
0.00851394
0.00867635
0.0091164
0.0100067
0.0110604
0.0120595
0.0129526
0.0137111
0.01438
0.0150598
0.0158253
0.0166594
0.0174557
0.0181667
0.0188759
0.0196388
0.0204241
0.0211929
0.0219421
0.0226905
0.0234743
0.02429
0.0251146
0.0259561
0.0268204
0.0276908
0.0285591
0.0294324
0.0303098
0.031183
0.0320475
0.0329178
0.0338081
0.0347146
0.0356354
0.0365931
0.0375767
0.0385616
0.0395547
0.0405612
0.0415801
0.042614
0.0436672
0.0447348
0.045804
0.0468683
0.0479696
0.0491067
0.0502522
0.0514227
0.0526521
0.0539003
0.0551629
0.0564672
0.0578014
0.059133
0.0604276
0.0617261
0.0631013
0.0645585
0.0660162
0.0674998
0.0689912
0.0705037
0.0720511
0.0736321
0.0752217
0.0768621
0.0785379
0.0802439
0.0819754
0.0837399
0.0855474
0.0873706
0.0892619
0.0911728
0.093137
0.0951194
0.097171
0.099263
0.101363
0.103498
0.105654
0.10788
0.110161
0.112461
0.114807
0.117148
0.119563
0.121988
0.124454
0.126956
0.129402
0.131722
0.133879
0.00770956
0.00799821
0.00787564
0.00785348
0.00833366
0.00881696
0.00901347
0.00934051
0.010119
0.0111378
0.0121284
0.0130165
0.0137745
0.0144374
0.0151107
0.0158766
0.0167105
0.0174984
0.0181983
0.0189036
0.0196697
0.0204565
0.02122
0.0219637
0.0227135
0.0235015
0.0243162
0.0251353
0.0259719
0.0268334
0.0277019
0.0285682
0.0294397
0.0303155
0.0311876
0.0320524
0.0329243
0.0338162
0.0347228
0.0356418
0.0365976
0.037581
0.0385662
0.0395575
0.0405621
0.0415816
0.0426171
0.0436695
0.0447349
0.0458044
0.0468713
0.0479739
0.0491104
0.050256
0.0514271
0.0526557
0.0539026
0.0551648
0.0564681
0.0578
0.0591304
0.0604277
0.0617306
0.0631064
0.0645607
0.0660168
0.0675004
0.0689919
0.0705048
0.0720524
0.0736334
0.0752234
0.076864
0.0785395
0.0802452
0.0819768
0.0837416
0.0855493
0.0873726
0.0892638
0.0911745
0.0931387
0.0951213
0.0971723
0.0992631
0.101363
0.103498
0.105656
0.107881
0.110162
0.112461
0.114806
0.117149
0.119563
0.121989
0.124455
0.126957
0.129408
0.13173
0.133886
0.00779208
0.00809256
0.00804263
0.00804441
0.00853291
0.00909913
0.00934712
0.00958767
0.0102457
0.0112222
0.0122066
0.013084
0.0138367
0.0144952
0.0151636
0.0159309
0.0167653
0.0175446
0.0182321
0.0189326
0.0197021
0.0204905
0.0212485
0.0219865
0.0227378
0.0235298
0.0243434
0.0251568
0.0259884
0.0268471
0.0277137
0.028578
0.0294476
0.0303218
0.0311927
0.0320576
0.0329311
0.0338246
0.0347312
0.0356484
0.0366023
0.0375856
0.038571
0.0395605
0.0405632
0.0415832
0.0426203
0.043672
0.0447352
0.0458048
0.0468744
0.0479784
0.0491141
0.0502599
0.0514318
0.0526594
0.053905
0.0551667
0.0564691
0.0577987
0.059128
0.0604279
0.0617351
0.0631115
0.0645629
0.0660175
0.067501
0.0689925
0.070506
0.0720537
0.0736348
0.0752252
0.076866
0.0785411
0.0802465
0.0819783
0.0837434
0.0855512
0.0873747
0.0892657
0.0911762
0.0931404
0.0951233
0.0971737
0.0992632
0.101363
0.103499
0.105657
0.107882
0.110162
0.112461
0.114806
0.11715
0.119564
0.121991
0.124456
0.126959
0.129413
0.131738
0.133894
0.00788681
0.00820306
0.00820113
0.00823334
0.00874388
0.00936931
0.00966842
0.00985321
0.0103919
0.0113127
0.0122936
0.0131587
0.0138982
0.0145521
0.0152181
0.0159879
0.0168239
0.0175947
0.0182688
0.0189631
0.019736
0.0205266
0.0212787
0.0220105
0.0227632
0.0235594
0.0243715
0.0251791
0.0260058
0.0268618
0.0277262
0.0285885
0.0294562
0.0303287
0.0311982
0.0320633
0.0329383
0.0338333
0.03474
0.0356552
0.0366072
0.0375905
0.0385762
0.0395638
0.0405643
0.0415849
0.0426237
0.0436747
0.0447356
0.0458054
0.0468777
0.0479831
0.0491179
0.0502639
0.0514365
0.0526633
0.0539075
0.0551687
0.0564702
0.0577975
0.0591256
0.0604282
0.0617395
0.0631164
0.0645652
0.0660183
0.0675016
0.0689933
0.0705072
0.072055
0.0736362
0.075227
0.076868
0.0785428
0.080248
0.0819798
0.0837453
0.0855532
0.0873769
0.0892677
0.0911779
0.0931421
0.0951253
0.097175
0.0992633
0.101363
0.1035
0.105658
0.107883
0.110162
0.112461
0.114806
0.11715
0.119564
0.121992
0.124458
0.126961
0.129419
0.131746
0.133901
0.00798292
0.00832974
0.00836338
0.00841191
0.00896036
0.00964009
0.00997536
0.0101271
0.0105614
0.0114115
0.0123867
0.0132435
0.0139616
0.0146069
0.0152736
0.0160476
0.016886
0.0176486
0.0183086
0.0189955
0.0197713
0.0205647
0.0213108
0.0220356
0.0227898
0.0235903
0.0244008
0.0252022
0.026024
0.0268773
0.0277396
0.0285997
0.0294654
0.0303361
0.0312044
0.0320694
0.0329459
0.0338424
0.034749
0.0356623
0.0366123
0.0375956
0.0385817
0.0395673
0.0405655
0.0415868
0.0426273
0.0436776
0.044736
0.045806
0.0468812
0.0479879
0.0491218
0.050268
0.0514414
0.0526673
0.05391
0.0551708
0.0564713
0.0577963
0.0591234
0.0604285
0.0617438
0.0631213
0.0645676
0.0660192
0.0675024
0.068994
0.0705085
0.0720565
0.0736377
0.0752289
0.0768701
0.0785446
0.0802495
0.0819814
0.0837472
0.0855553
0.0873791
0.0892698
0.0911798
0.093144
0.0951273
0.0971764
0.0992635
0.101363
0.103501
0.10566
0.107885
0.110162
0.11246
0.114806
0.117151
0.119565
0.121994
0.12446
0.126963
0.129425
0.131755
0.13391
0.0080761
0.00846439
0.00854046
0.00858127
0.00916816
0.00992021
0.010276
0.0103975
0.0107522
0.0115243
0.0124834
0.0133385
0.0140308
0.0146593
0.0153285
0.0161099
0.0169516
0.0177062
0.0183515
0.0190304
0.0198085
0.0206047
0.021345
0.0220618
0.0228171
0.0236227
0.0244316
0.0252263
0.0260429
0.0268937
0.027754
0.0286116
0.0294753
0.0303443
0.0312111
0.032076
0.032954
0.0338519
0.0347583
0.0356696
0.0366177
0.037601
0.0385876
0.0395711
0.0405669
0.0415888
0.0426312
0.0436807
0.0447367
0.0458068
0.0468848
0.0479928
0.0491258
0.0502721
0.0514465
0.0526714
0.0539126
0.0551729
0.0564725
0.0577953
0.0591213
0.0604288
0.0617481
0.0631261
0.0645699
0.0660202
0.0675032
0.0689949
0.0705099
0.072058
0.0736392
0.0752308
0.0768723
0.0785464
0.0802511
0.0819831
0.0837492
0.0855574
0.0873814
0.089272
0.0911817
0.0931459
0.0951295
0.0971779
0.0992637
0.101363
0.103502
0.105661
0.107886
0.110163
0.11246
0.114806
0.117152
0.119565
0.121995
0.124462
0.126965
0.129431
0.131765
0.133918
0.00816807
0.00859773
0.00873711
0.00875414
0.00935476
0.0102051
0.0105836
0.0106584
0.0109554
0.011658
0.0125847
0.0134402
0.0141102
0.0147115
0.0153809
0.0161743
0.0170211
0.0177677
0.0183973
0.0190678
0.0198482
0.0206469
0.0213813
0.0220896
0.0228452
0.0236563
0.024464
0.0252516
0.0260626
0.026911
0.0277694
0.0286244
0.0294859
0.0303533
0.0312184
0.0320831
0.0329625
0.0338618
0.034768
0.0356773
0.0366233
0.0376067
0.0385938
0.0395752
0.0405684
0.0415908
0.0426353
0.0436841
0.0447374
0.0458076
0.0468886
0.047998
0.0491299
0.0502763
0.0514517
0.0526757
0.0539152
0.0551751
0.0564738
0.0577944
0.0591193
0.0604293
0.0617523
0.0631308
0.0645724
0.0660213
0.0675041
0.0689957
0.0705113
0.0720596
0.0736408
0.0752328
0.0768746
0.0785483
0.0802527
0.0819849
0.0837514
0.0855596
0.0873838
0.0892742
0.0911838
0.093148
0.0951316
0.0971794
0.0992639
0.101363
0.103503
0.105662
0.107887
0.110163
0.11246
0.114806
0.117153
0.119566
0.121996
0.124464
0.126967
0.129437
0.131775
0.133927
0.00826064
0.00872262
0.00894824
0.00894703
0.00951747
0.0104767
0.0109098
0.010917
0.0111572
0.0118131
0.0126965
0.0135449
0.0142007
0.014768
0.0154296
0.0162389
0.0170945
0.0178333
0.0184461
0.0191073
0.0198908
0.0206919
0.0214196
0.0221191
0.0228742
0.0236907
0.0244982
0.0252784
0.0260831
0.0269292
0.0277858
0.0286383
0.0294973
0.0303629
0.0312265
0.0320908
0.0329714
0.0338721
0.034778
0.0356852
0.0366293
0.0376126
0.0386003
0.0395797
0.0405702
0.0415931
0.0426396
0.0436878
0.0447384
0.0458085
0.0468926
0.0480033
0.0491341
0.0502806
0.051457
0.0526801
0.053918
0.0551773
0.0564751
0.0577936
0.0591175
0.0604298
0.0617564
0.0631355
0.0645749
0.0660225
0.067505
0.0689966
0.0705128
0.0720613
0.0736424
0.0752349
0.0768769
0.0785503
0.0802545
0.0819867
0.0837536
0.085562
0.0873862
0.0892765
0.0911858
0.0931501
0.0951338
0.0971809
0.0992642
0.101364
0.103503
0.105664
0.107889
0.110163
0.11246
0.114806
0.117154
0.119567
0.121998
0.124467
0.12697
0.129444
0.131785
0.133937
0.0083533
0.00883456
0.00916071
0.0091724
0.00966968
0.0107157
0.0112538
0.0111898
0.0113478
0.0119811
0.0128273
0.0136523
0.0142993
0.0148335
0.0154759
0.0163014
0.0171715
0.0179035
0.0184981
0.0191484
0.019936
0.0207407
0.0214602
0.0221499
0.0229044
0.0237259
0.0245336
0.0253069
0.0261047
0.026948
0.0278031
0.0286532
0.0295096
0.0303732
0.0312354
0.0320992
0.0329809
0.0338828
0.0347884
0.0356935
0.0366355
0.0376189
0.0386073
0.0395845
0.0405721
0.0415954
0.0426441
0.0436918
0.0447395
0.0458095
0.0468967
0.0480089
0.0491384
0.0502849
0.0514625
0.0526847
0.0539208
0.0551796
0.0564766
0.0577929
0.0591158
0.0604305
0.0617605
0.0631401
0.0645774
0.0660238
0.0675061
0.0689976
0.0705144
0.0720631
0.0736441
0.075237
0.0768793
0.0785524
0.0802563
0.0819887
0.0837559
0.0855644
0.0873887
0.0892789
0.091188
0.0931523
0.0951361
0.0971825
0.0992646
0.101364
0.103504
0.105665
0.10789
0.110164
0.11246
0.114806
0.117155
0.119568
0.122
0.124469
0.126973
0.129451
0.131796
0.133947
0.00844661
0.00893247
0.0093599
0.00943143
0.00983384
0.0109107
0.0115966
0.0114939
0.011532
0.0121468
0.0129803
0.0137682
0.0144013
0.0149099
0.0155238
0.0163601
0.017251
0.0179787
0.0185537
0.0191911
0.019983
0.0207939
0.0215044
0.0221818
0.0229357
0.0237623
0.0245701
0.0253371
0.0261278
0.0269677
0.0278214
0.0286693
0.0295229
0.0303843
0.0312449
0.0321082
0.0329909
0.0338939
0.0347993
0.0357022
0.036642
0.0376255
0.0386146
0.0395897
0.0405743
0.041598
0.0426488
0.0436961
0.0447409
0.0458107
0.046901
0.0480147
0.0491428
0.0502893
0.0514681
0.0526894
0.0539237
0.055182
0.0564782
0.0577924
0.0591144
0.0604312
0.0617645
0.0631446
0.06458
0.0660253
0.0675072
0.0689986
0.070516
0.0720649
0.0736458
0.0752391
0.0768818
0.0785545
0.0802582
0.0819907
0.0837583
0.0855669
0.0873913
0.0892814
0.0911903
0.0931545
0.0951384
0.0971841
0.099265
0.101364
0.103505
0.105667
0.107892
0.110164
0.11246
0.114807
0.117155
0.119569
0.122001
0.124472
0.126976
0.129458
0.131808
0.133957
0.00854519
0.00901896
0.00953446
0.0097126
0.0100317
0.0110678
0.0119118
0.0118349
0.0117287
0.012297
0.0131478
0.0139018
0.0145059
0.0149949
0.0155774
0.0164153
0.0173311
0.018059
0.0186131
0.0192359
0.0200313
0.0208507
0.0215535
0.0222153
0.0229674
0.0238003
0.0246079
0.0253686
0.0261526
0.0269885
0.0278406
0.0286864
0.0295373
0.0303964
0.0312552
0.032118
0.0330015
0.0339055
0.0348105
0.0357113
0.0366489
0.0376324
0.0386224
0.0395952
0.0405767
0.0416008
0.0426539
0.0437007
0.0447425
0.045812
0.0469055
0.0480207
0.0491474
0.0502937
0.0514739
0.0526943
0.0539267
0.0551844
0.0564799
0.0577921
0.0591131
0.060432
0.0617685
0.0631491
0.0645827
0.0660269
0.0675084
0.0689997
0.0705178
0.0720669
0.0736476
0.0752414
0.0768843
0.0785568
0.0802602
0.0819928
0.0837608
0.0855694
0.087394
0.0892839
0.0911926
0.0931569
0.0951408
0.0971858
0.0992655
0.101364
0.103506
0.105669
0.107893
0.110164
0.11246
0.114807
0.117156
0.11957
0.122003
0.124475
0.126979
0.129465
0.131819
0.133968
0.00865692
0.00909916
0.00967757
0.00999709
0.0102767
0.0112102
0.012177
0.0121969
0.0119599
0.012433
0.0133139
0.0140576
0.0146188
0.0150849
0.0156383
0.016469
0.0174108
0.0181442
0.0186759
0.0192828
0.0200812
0.0209104
0.0216079
0.0222517
0.022999
0.0238396
0.0246475
0.0254009
0.0261788
0.027011
0.0278607
0.0287045
0.0295529
0.0304095
0.0312663
0.0321284
0.0330128
0.0339177
0.0348221
0.0357209
0.0366561
0.0376397
0.0386307
0.0396013
0.0405793
0.0416037
0.0426593
0.0437056
0.0447444
0.0458134
0.0469102
0.0480269
0.0491521
0.0502982
0.0514798
0.0526994
0.0539298
0.0551869
0.0564817
0.057792
0.059112
0.060433
0.0617724
0.0631535
0.0645854
0.0660286
0.0675098
0.0690009
0.0705196
0.0720689
0.0736494
0.0752437
0.076887
0.0785591
0.0802622
0.0819951
0.0837634
0.0855721
0.0873967
0.0892865
0.0911951
0.0931594
0.0951432
0.0971875
0.099266
0.101365
0.103508
0.10567
0.107895
0.110165
0.11246
0.114807
0.117157
0.119571
0.122005
0.124479
0.126982
0.129473
0.131832
0.133979
0.00879155
0.00918133
0.00978693
0.0102645
0.0105692
0.0113663
0.0123854
0.0125512
0.0122383
0.0125731
0.0134638
0.0142289
0.014749
0.0151801
0.0157049
0.0165227
0.0174896
0.0182351
0.0187425
0.0193307
0.0201335
0.0209727
0.0216669
0.0222927
0.0230308
0.0238792
0.0246898
0.0254346
0.0262057
0.0270353
0.0278824
0.0287235
0.0295695
0.0304237
0.0312784
0.0321395
0.0330248
0.0339305
0.0348342
0.0357308
0.0366638
0.0376473
0.0386393
0.0396078
0.0405822
0.0416068
0.042665
0.043711
0.0447464
0.0458149
0.0469151
0.0480334
0.0491568
0.0503028
0.0514858
0.0527046
0.053933
0.0551895
0.0564837
0.0577921
0.0591112
0.0604341
0.0617763
0.0631578
0.0645881
0.0660304
0.0675112
0.0690021
0.0705216
0.0720711
0.0736514
0.0752461
0.0768898
0.0785615
0.0802644
0.0819974
0.0837661
0.0855749
0.0873995
0.0892892
0.0911976
0.093162
0.0951457
0.0971893
0.0992666
0.101365
0.103509
0.105672
0.107896
0.110165
0.11246
0.114807
0.117158
0.119572
0.122007
0.124482
0.126986
0.129481
0.131845
0.133991
0.00896011
0.0092788
0.00986644
0.0104953
0.0108959
0.0115625
0.0125518
0.0128689
0.0125543
0.0127404
0.0135963
0.0144006
0.0149
0.0152871
0.0157761
0.0165756
0.017567
0.0183327
0.0188143
0.0193777
0.0201874
0.0210389
0.0217294
0.0223385
0.0230646
0.0239181
0.0247341
0.0254707
0.026233
0.0270609
0.0279061
0.0287437
0.029587
0.030439
0.0312915
0.0321515
0.0330375
0.0339439
0.0348468
0.0357412
0.0366719
0.0376553
0.0386485
0.0396148
0.0405854
0.04161
0.042671
0.0437169
0.0447488
0.0458165
0.0469202
0.0480402
0.0491618
0.0503074
0.051492
0.05271
0.0539363
0.0551922
0.0564858
0.0577924
0.0591105
0.0604353
0.0617801
0.0631621
0.0645909
0.0660324
0.0675127
0.0690034
0.0705236
0.0720733
0.0736534
0.0752485
0.0768926
0.0785639
0.0802667
0.0819999
0.083769
0.0855777
0.0874024
0.089292
0.0912002
0.0931646
0.0951483
0.0971912
0.0992672
0.101366
0.10351
0.105673
0.107898
0.110166
0.112461
0.114808
0.117159
0.119574
0.122009
0.124486
0.126991
0.129489
0.131858
0.134004
0.0091705
0.00940893
0.00992967
0.0106741
0.0112322
0.0118152
0.0127035
0.0131322
0.0128814
0.0129512
0.0137282
0.0145589
0.0150645
0.0154134
0.0158561
0.0166262
0.0176399
0.0184378
0.018895
0.0194225
0.0202403
0.0211107
0.0217962
0.0223876
0.0231018
0.0239572
0.0247793
0.0255099
0.0262613
0.0270868
0.027932
0.0287657
0.0296052
0.0304552
0.0313058
0.0321645
0.0330508
0.0339579
0.0348601
0.0357521
0.0366803
0.0376638
0.0386582
0.0396224
0.040589
0.0416133
0.0426773
0.0437234
0.0447516
0.0458181
0.0469254
0.0480474
0.0491668
0.050312
0.0514983
0.0527156
0.0539397
0.055195
0.0564881
0.0577929
0.0591101
0.0604366
0.061784
0.0631663
0.0645937
0.0660345
0.0675144
0.0690048
0.0705258
0.0720756
0.0736554
0.075251
0.0768956
0.0785665
0.080269
0.0820024
0.083772
0.0855807
0.0874054
0.0892949
0.0912029
0.0931674
0.0951509
0.097193
0.0992679
0.101367
0.103511
0.105675
0.107899
0.110166
0.112461
0.114808
0.11716
0.119575
0.122011
0.12449
0.126995
0.129497
0.131872
0.134017
0.00942111
0.00958852
0.00999992
0.0107957
0.0115479
0.0121254
0.0128717
0.0133448
0.0131901
0.0132005
0.0138813
0.0147032
0.0152277
0.0155599
0.0159536
0.0166766
0.0177031
0.0185479
0.0189901
0.0194671
0.0202873
0.0211879
0.0218701
0.0224385
0.023142
0.0239985
0.0248245
0.0255515
0.0262919
0.0271126
0.0279595
0.0287904
0.0296244
0.0304721
0.0313212
0.0321785
0.0330649
0.0339725
0.0348741
0.0357636
0.036689
0.0376726
0.0386686
0.0396306
0.040593
0.0416169
0.0426837
0.0437303
0.0447549
0.0458199
0.0469308
0.0480549
0.0491721
0.0503166
0.0515048
0.0527214
0.0539433
0.0551978
0.0564906
0.0577937
0.05911
0.0604381
0.0617878
0.0631704
0.0645966
0.0660367
0.0675162
0.0690062
0.070528
0.0720781
0.0736576
0.0752536
0.0768986
0.0785692
0.0802715
0.0820051
0.083775
0.0855837
0.0874084
0.0892979
0.0912057
0.0931703
0.0951535
0.097195
0.0992687
0.101367
0.103512
0.105677
0.107901
0.110167
0.112461
0.114809
0.117161
0.119577
0.122013
0.124494
0.127
0.129505
0.131886
0.13403
0.00969706
0.0098269
0.0101047
0.010872
0.0118126
0.0124751
0.0130852
0.0135281
0.0134591
0.0134647
0.0140708
0.0148507
0.0153767
0.0157157
0.0160767
0.016736
0.017753
0.0186552
0.0191037
0.019518
0.0203236
0.0212662
0.0219551
0.0224924
0.0231821
0.0240437
0.0248713
0.0255939
0.0263252
0.0271392
0.0279873
0.0288178
0.0296456
0.0304894
0.0313375
0.0321937
0.0330799
0.0339878
0.0348887
0.0357759
0.0366983
0.0376816
0.0386795
0.0396395
0.0405975
0.0416207
0.0426905
0.0437376
0.0447586
0.0458219
0.0469362
0.0480626
0.0491777
0.0503212
0.0515114
0.0527274
0.0539469
0.0552008
0.0564932
0.0577947
0.0591101
0.0604397
0.0617916
0.0631746
0.0645995
0.0660391
0.0675181
0.0690077
0.0705304
0.0720807
0.0736598
0.0752563
0.0769017
0.078572
0.080274
0.0820079
0.0837782
0.0855869
0.0874116
0.089301
0.0912086
0.0931733
0.0951562
0.097197
0.0992696
0.101368
0.103514
0.105679
0.107903
0.110167
0.112462
0.11481
0.117163
0.119579
0.122015
0.124499
0.127006
0.129514
0.131901
0.134044
0.00997525
0.0101208
0.010269
0.0109319
0.012005
0.0128307
0.0133597
0.0137111
0.0136859
0.0137166
0.0142914
0.0150235
0.0155143
0.0158632
0.0162236
0.0168182
0.017793
0.0187485
0.0192343
0.0195857
0.0203489
0.0213373
0.0220532
0.0225542
0.0232195
0.0240911
0.0249229
0.0256367
0.0263599
0.027168
0.0280153
0.0288471
0.0296698
0.0305074
0.0313543
0.0322103
0.033096
0.0340038
0.034904
0.035789
0.0367081
0.0376908
0.0386908
0.0396493
0.0406024
0.0416247
0.0426976
0.0437455
0.0447629
0.0458241
0.0469418
0.0480706
0.0491834
0.050326
0.051518
0.0527336
0.0539508
0.0552038
0.056496
0.0577961
0.0591105
0.0604414
0.0617954
0.0631786
0.0646025
0.0660417
0.0675201
0.0690094
0.0705329
0.0720833
0.0736621
0.075259
0.076905
0.0785749
0.0802767
0.0820108
0.0837816
0.0855901
0.0874148
0.0893042
0.0912116
0.0931763
0.095159
0.0971991
0.0992706
0.101369
0.103515
0.105681
0.107905
0.110168
0.112462
0.114811
0.117164
0.119581
0.122018
0.124504
0.127012
0.129523
0.131916
0.134059
0.0102297
0.0104532
0.0105055
0.0110106
0.0121253
0.0131526
0.01369
0.0139254
0.0138865
0.0139356
0.0145189
0.0152364
0.0156618
0.0159889
0.0163776
0.0169339
0.0178374
0.0188194
0.0193704
0.01968
0.0203711
0.021392
0.0221603
0.022631
0.0232543
0.024136
0.0249813
0.0256827
0.0263939
0.0271989
0.0280448
0.0288772
0.0296969
0.0305273
0.0313711
0.0322278
0.0331134
0.0340204
0.0349199
0.035803
0.0367187
0.0377003
0.0387025
0.0396599
0.0406081
0.0416288
0.0427049
0.0437539
0.0447675
0.0458265
0.0469477
0.048079
0.0491893
0.0503308
0.0515249
0.05274
0.0539547
0.0552069
0.0564989
0.0577977
0.0591111
0.0604434
0.0617992
0.0631827
0.0646055
0.0660444
0.0675223
0.0690111
0.0705356
0.0720861
0.0736644
0.0752619
0.0769083
0.0785779
0.0802796
0.0820139
0.083785
0.0855934
0.0874181
0.0893076
0.0912148
0.0931795
0.0951618
0.0972012
0.0992716
0.10137
0.103517
0.105682
0.107906
0.110169
0.112463
0.114812
0.117165
0.119584
0.12202
0.124508
0.127018
0.129533
0.131931
0.134075
0.0104371
0.0108005
0.0108105
0.0111403
0.012199
0.0134071
0.014048
0.0141946
0.0140865
0.0141183
0.0147251
0.0154814
0.0158461
0.0160975
0.0165159
0.0170803
0.0179058
0.0188702
0.0194951
0.0198026
0.020405
0.0214251
0.0222659
0.0227281
0.0232925
0.0241735
0.0250447
0.0257363
0.0264269
0.0272293
0.0280772
0.0289084
0.0297258
0.03055
0.0313883
0.0322455
0.0331323
0.0340381
0.0349365
0.0358177
0.03673
0.0377104
0.0387146
0.0396711
0.0406145
0.0416332
0.0427125
0.0437631
0.0447727
0.045829
0.0469537
0.0480878
0.0491953
0.0503356
0.0515319
0.0527467
0.0539589
0.0552102
0.0565021
0.0577996
0.0591121
0.0604455
0.0618031
0.0631867
0.0646086
0.0660472
0.0675246
0.0690129
0.0705384
0.072089
0.0736669
0.0752648
0.0769118
0.078581
0.0802825
0.0820171
0.0837886
0.0855969
0.0874215
0.089311
0.091218
0.0931828
0.0951647
0.0972034
0.0992728
0.101371
0.103518
0.105684
0.107908
0.11017
0.112464
0.114813
0.117166
0.119586
0.122023
0.124514
0.127025
0.129542
0.131947
0.134091
0.0105817
0.0111371
0.0111676
0.0113399
0.0122625
0.0135814
0.0143948
0.0145223
0.0143158
0.0142799
0.0148882
0.01573
0.0160853
0.0162167
0.0166199
0.0172354
0.0180139
0.0189191
0.0195941
0.0199406
0.0204661
0.0214434
0.0223557
0.0228443
0.0233439
0.0242014
0.0251069
0.025801
0.0264625
0.0272565
0.0281117
0.0289427
0.0297556
0.0305751
0.0314074
0.032263
0.0331521
0.0340574
0.0349538
0.0358332
0.0367421
0.037721
0.0387271
0.039683
0.0406216
0.0416381
0.0427203
0.043773
0.0447786
0.0458315
0.0469599
0.0480972
0.0492018
0.0503403
0.051539
0.0527537
0.0539632
0.0552135
0.0565055
0.0578019
0.0591133
0.0604478
0.061807
0.0631907
0.0646116
0.0660503
0.0675271
0.0690148
0.0705413
0.0720921
0.0736694
0.0752679
0.0769154
0.0785842
0.0802855
0.0820205
0.0837924
0.0856004
0.087425
0.0893146
0.0912213
0.0931862
0.0951677
0.0972057
0.0992741
0.101372
0.10352
0.105686
0.10791
0.110171
0.112464
0.114814
0.117167
0.119589
0.122027
0.124519
0.127032
0.129552
0.131963
0.134107
0.0106568
0.0114384
0.0115557
0.0116122
0.0123503
0.0136878
0.0146933
0.0148877
0.0145987
0.0144469
0.0150052
0.0159487
0.0163727
0.0163801
0.0166932
0.0173693
0.0181596
0.0189913
0.0196676
0.0200725
0.0205607
0.0214647
0.0224197
0.0229681
0.023418
0.0242248
0.0251605
0.0258758
0.0265065
0.0272797
0.028145
0.0289815
0.0297875
0.0306015
0.0314288
0.032281
0.033172
0.0340782
0.0349723
0.0358494
0.036755
0.0377321
0.0387403
0.0396955
0.0406293
0.0416433
0.0427284
0.0437835
0.0447852
0.045834
0.0469659
0.0481072
0.0492086
0.0503449
0.0515461
0.052761
0.0539677
0.0552169
0.0565091
0.0578045
0.0591147
0.0604502
0.0618111
0.0631947
0.0646147
0.0660534
0.0675298
0.0690168
0.0705445
0.0720952
0.073672
0.075271
0.0769191
0.0785876
0.0802887
0.082024
0.0837962
0.0856041
0.0874286
0.0893183
0.0912248
0.0931897
0.0951708
0.0972081
0.0992754
0.101374
0.103522
0.105688
0.107912
0.110172
0.112465
0.114816
0.117168
0.119592
0.12203
0.124524
0.12704
0.129563
0.13198
0.134124
0.0106686
0.0116817
0.0119516
0.0119497
0.0124877
0.0137549
0.014922
0.0152571
0.0149408
0.0146499
0.0150929
0.0161094
0.0166764
0.0166139
0.0167664
0.0174567
0.0183172
0.0191079
0.0197364
0.0201789
0.0206755
0.0215091
0.0224618
0.0230823
0.0235173
0.0242549
0.0252005
0.0259546
0.0265642
0.0273025
0.028173
0.0290238
0.029824
0.0306285
0.0314519
0.0323007
0.0331915
0.0340997
0.0349926
0.0358664
0.0367685
0.0377438
0.038754
0.039709
0.0406376
0.0416487
0.042737
0.0437949
0.0447927
0.0458368
0.0469718
0.0481175
0.0492161
0.0503495
0.0515532
0.0527687
0.0539725
0.0552204
0.0565129
0.0578075
0.0591165
0.0604528
0.0618152
0.0631988
0.0646179
0.0660567
0.0675326
0.069019
0.0705477
0.0720985
0.0736748
0.0752742
0.0769229
0.0785911
0.080292
0.0820276
0.0838002
0.0856078
0.0874323
0.0893221
0.0912283
0.0931933
0.0951739
0.0972105
0.0992769
0.101375
0.103524
0.10569
0.107914
0.110173
0.112466
0.114817
0.11717
0.119595
0.122034
0.12453
0.127049
0.129574
0.131996
0.134142
0.0106406
0.0118515
0.0123272
0.012337
0.0126897
0.0138138
0.0150804
0.015597
0.0153254
0.0149129
0.0151818
0.0162033
0.0169566
0.016918
0.0168797
0.0174975
0.0184509
0.0192678
0.0198302
0.0202579
0.0207855
0.0215866
0.0225014
0.0231725
0.0236313
0.0243042
0.0252292
0.0260283
0.0266365
0.0273312
0.0281943
0.0290657
0.0298668
0.0306577
0.0314753
0.0323226
0.0332117
0.0341213
0.0350146
0.0358851
0.0367825
0.0377558
0.0387684
0.0397237
0.0406467
0.0416541
0.0427457
0.0438072
0.0448011
0.0458397
0.0469775
0.0481282
0.0492242
0.0503543
0.0515602
0.0527766
0.0539776
0.0552239
0.0565169
0.0578109
0.0591187
0.0604555
0.0618195
0.0632029
0.0646211
0.0660603
0.0675356
0.0690212
0.0705511
0.0721019
0.0736776
0.0752775
0.0769269
0.0785948
0.0802955
0.0820314
0.0838044
0.0856117
0.0874362
0.0893261
0.091232
0.0931969
0.0951771
0.097213
0.0992785
0.101377
0.103525
0.105693
0.107916
0.110174
0.112467
0.114819
0.117171
0.119598
0.122039
0.124535
0.127058
0.129585
0.132013
0.13416
0.0106074
0.0119505
0.0126542
0.0127502
0.0129611
0.0138935
0.0151827
0.0158839
0.0157235
0.0152421
0.0153058
0.0162451
0.0171765
0.0172622
0.0170681
0.0175225
0.0185302
0.0194429
0.0199738
0.020333
0.0208676
0.0216838
0.0225622
0.0232402
0.0237413
0.0243788
0.0252577
0.0260895
0.0267187
0.0273721
0.0282111
0.0291029
0.0299152
0.0306917
0.0314985
0.0323456
0.0332335
0.0341424
0.0350375
0.035906
0.0367975
0.0377678
0.0387833
0.0397397
0.040657
0.0416594
0.0427544
0.0438206
0.0448106
0.0458429
0.0469831
0.0481392
0.0492329
0.0503593
0.0515672
0.0527848
0.053983
0.0552275
0.056521
0.0578148
0.0591212
0.0604584
0.0618238
0.0632071
0.0646244
0.0660639
0.0675388
0.0690236
0.0705547
0.0721054
0.0736805
0.0752809
0.076931
0.0785986
0.0802991
0.0820354
0.0838087
0.0856156
0.0874401
0.0893302
0.0912357
0.0932007
0.0951804
0.0972156
0.0992802
0.101378
0.103527
0.105695
0.107918
0.110175
0.112468
0.114821
0.117173
0.119601
0.122043
0.124541
0.127067
0.129597
0.13203
0.134178
0.0105999
0.0120042
0.0129164
0.0131591
0.0132949
0.0140184
0.0152509
0.0161091
0.0161065
0.0156228
0.0154926
0.0162675
0.0173158
0.0176031
0.0173418
0.0175749
0.0185502
0.0195937
0.020167
0.0204377
0.0209178
0.0217713
0.0226572
0.0233066
0.0238301
0.0244699
0.0252998
0.0261375
0.0268022
0.0274285
0.0282287
0.029133
0.0299662
0.0307327
0.0315232
0.0323685
0.0332574
0.034164
0.0350601
0.0359292
0.0368145
0.0377797
0.0387983
0.039757
0.0406686
0.0416647
0.0427628
0.043835
0.0448216
0.0458464
0.0469884
0.0481505
0.0492421
0.0503646
0.0515743
0.0527933
0.0539887
0.0552313
0.0565253
0.057819
0.0591241
0.0604614
0.0618283
0.0632113
0.0646277
0.0660678
0.0675421
0.0690261
0.0705585
0.0721092
0.0736836
0.0752844
0.0769351
0.0786025
0.0803028
0.0820395
0.0838131
0.0856197
0.0874442
0.0893344
0.0912396
0.0932046
0.0951838
0.0972182
0.099282
0.10138
0.10353
0.105697
0.10792
0.110177
0.11247
0.114823
0.117175
0.119605
0.122049
0.124547
0.127077
0.129609
0.132047
0.134197
0.0106306
0.0120443
0.0131188
0.0135359
0.0136704
0.0142047
0.0153112
0.0162753
0.0164524
0.0160293
0.0157533
0.0163087
0.0173793
0.0178975
0.017679
0.0176948
0.0185393
0.019686
0.0203806
0.0206006
0.0209622
0.0218211
0.0227712
0.0233983
0.0238975
0.0245581
0.0253638
0.0261811
0.0268785
0.0274988
0.0282527
0.0291556
0.0300161
0.0307805
0.0315512
0.0323909
0.0332827
0.0341872
0.035082
0.0359535
0.0368342
0.037792
0.0388129
0.0397757
0.040682
0.0416704
0.0427706
0.0438499
0.0448342
0.0458504
0.0469933
0.0481621
0.0492519
0.05037
0.0515815
0.0528021
0.0539945
0.0552352
0.0565299
0.0578236
0.0591274
0.0604647
0.0618329
0.0632155
0.0646311
0.066072
0.0675457
0.0690287
0.0705624
0.072113
0.0736867
0.075288
0.0769395
0.0786067
0.0803066
0.0820437
0.0838177
0.0856239
0.0874483
0.0893389
0.0912436
0.0932086
0.0951872
0.097221
0.099284
0.101382
0.103532
0.1057
0.107922
0.110179
0.112471
0.114825
0.117177
0.119608
0.122054
0.124554
0.127087
0.129622
0.132064
0.134217
0.0106963
0.0120921
0.0132811
0.0138656
0.0140589
0.0144532
0.0153908
0.0163928
0.0167468
0.0164349
0.0160791
0.0164033
0.0173953
0.0181153
0.0180389
0.0179009
0.0185395
0.0197102
0.0205732
0.0208248
0.0210397
0.0218277
0.0228703
0.0235309
0.0239663
0.0246246
0.025443
0.0262337
0.0269443
0.0275775
0.0282884
0.0291729
0.0300622
0.0308342
0.0315838
0.0324132
0.0333087
0.0342127
0.0351038
0.0359777
0.0368567
0.0378056
0.0388266
0.0397952
0.0406974
0.0416768
0.0427779
0.0438651
0.0448483
0.0458552
0.0469977
0.0481739
0.0492625
0.0503754
0.0515887
0.0528114
0.0540007
0.055239
0.0565348
0.0578287
0.059131
0.0604682
0.0618377
0.0632198
0.0646345
0.0660763
0.0675495
0.0690314
0.0705664
0.0721171
0.0736899
0.0752917
0.0769439
0.078611
0.0803107
0.0820481
0.0838224
0.0856281
0.0874526
0.0893435
0.0912477
0.0932127
0.0951908
0.0972238
0.099286
0.101385
0.103534
0.105702
0.107924
0.110181
0.112473
0.114828
0.11718
0.119612
0.12206
0.12456
0.127098
0.129636
0.132081
0.134236
0.0107927
0.0121524
0.0134214
0.01415
0.0144346
0.0147495
0.0155108
0.0164809
0.0169838
0.0168161
0.0164465
0.01657
0.0174033
0.0182495
0.0183783
0.0181833
0.018591
0.0196892
0.0207059
0.021079
0.0211846
0.0218194
0.0229211
0.0236893
0.0240663
0.0246673
0.025518
0.0263044
0.0270043
0.0276564
0.0283385
0.0291884
0.0301017
0.0308932
0.031622
0.0324353
0.0333352
0.0342407
0.0351261
0.0360012
0.0368815
0.0378217
0.0388397
0.0398149
0.0407149
0.0416841
0.0427848
0.0438805
0.0448641
0.0458612
0.0470017
0.0481856
0.0492741
0.050381
0.0515956
0.0528214
0.0540074
0.0552427
0.0565398
0.0578343
0.0591349
0.0604718
0.0618426
0.0632242
0.064638
0.0660808
0.0675536
0.0690342
0.0705705
0.0721213
0.0736934
0.0752955
0.0769485
0.0786155
0.0803147
0.0820527
0.0838274
0.0856325
0.0874571
0.0893482
0.0912519
0.0932169
0.0951944
0.0972268
0.0992882
0.101387
0.103536
0.105705
0.107926
0.110183
0.112475
0.11483
0.117182
0.119616
0.122067
0.124568
0.127108
0.12965
0.132098
0.134256
0.0109211
0.0122233
0.0135485
0.0144001
0.0147858
0.0150737
0.0156808
0.0165633
0.0171669
0.0171558
0.0168275
0.0168061
0.0174415
0.0183171
0.0186613
0.0185115
0.0187191
0.0196629
0.0207649
0.0213185
0.021403
0.0218386
0.0229129
0.0238362
0.0242174
0.0247095
0.0255692
0.0263891
0.0270699
0.0277299
0.0284013
0.0292073
0.0301315
0.0309556
0.0316681
0.0324565
0.0333614
0.0342724
0.0351497
0.0360234
0.0369071
0.0378407
0.0388534
0.0398343
0.0407344
0.0416928
0.0427912
0.0438958
0.0448811
0.0458684
0.0470056
0.0481973
0.0492866
0.050387
0.0516022
0.0528318
0.0540147
0.0552462
0.0565448
0.0578405
0.0591394
0.0604756
0.0618477
0.0632288
0.0646415
0.0660855
0.0675579
0.0690373
0.0705748
0.0721255
0.073697
0.0752993
0.0769533
0.0786203
0.0803189
0.0820573
0.0838324
0.085637
0.0874617
0.0893532
0.0912563
0.0932212
0.0951982
0.0972298
0.0992905
0.10139
0.103539
0.105707
0.107928
0.110185
0.112477
0.114832
0.117186
0.11962
0.122074
0.124575
0.127119
0.129664
0.132116
0.134276
0.0110822
0.0123098
0.013666
0.014625
0.0151123
0.0154084
0.0158974
0.0166627
0.0173098
0.017446
0.0171976
0.0170927
0.0175347
0.01835
0.0188685
0.0188458
0.0189237
0.0196715
0.0207701
0.0215042
0.0216666
0.0219246
0.0228705
0.0239317
0.0244069
0.0247833
0.0255923
0.0264706
0.0271509
0.0277993
0.0284721
0.0292361
0.0301507
0.0310168
0.0317259
0.0324779
0.0333839
0.0343087
0.0351768
0.0360442
0.0369324
0.0378621
0.0388684
0.0398532
0.040755
0.0417033
0.0427974
0.043911
0.0448996
0.0458766
0.0470091
0.0482088
0.0493
0.0503935
0.0516084
0.0528425
0.0540228
0.0552501
0.0565497
0.0578471
0.0591444
0.0604794
0.0618528
0.0632336
0.0646452
0.0660903
0.0675624
0.0690405
0.0705792
0.07213
0.0737007
0.0753032
0.0769582
0.0786252
0.0803233
0.0820621
0.0838377
0.0856416
0.0874663
0.0893582
0.0912606
0.0932257
0.095202
0.0972331
0.0992929
0.101393
0.103541
0.10571
0.10793
0.110187
0.11248
0.114835
0.117189
0.119624
0.122081
0.124583
0.127131
0.129679
0.132133
0.134296
0.0112689
0.0124195
0.0137783
0.0148272
0.0154151
0.0157418
0.0161487
0.0167924
0.0174304
0.0176877
0.0175419
0.0174065
0.0176899
0.0183856
0.0190039
0.0191473
0.0191818
0.0197393
0.0207566
0.0216205
0.0219323
0.0220927
0.0228394
0.0239569
0.024597
0.0249116
0.0256066
0.0265284
0.0272455
0.0278717
0.0285442
0.0292786
0.0301629
0.0310689
0.0317969
0.0325048
0.0333982
0.034347
0.035211
0.036064
0.0369558
0.0378856
0.0388858
0.0398727
0.0407762
0.0417154
0.0428038
0.0439256
0.0449196
0.0458864
0.0470124
0.0482204
0.0493146
0.0504003
0.0516141
0.0528533
0.0540316
0.0552542
0.0565546
0.057854
0.0591501
0.0604836
0.061858
0.0632385
0.0646491
0.0660953
0.0675671
0.069044
0.0705837
0.0721346
0.0737045
0.0753071
0.0769633
0.0786303
0.0803276
0.0820669
0.0838431
0.0856464
0.0874712
0.0893635
0.091265
0.0932302
0.0952058
0.0972363
0.0992954
0.101396
0.103544
0.105713
0.107933
0.110189
0.112483
0.114837
0.117193
0.119629
0.122088
0.124592
0.127142
0.129695
0.132151
0.134316
0.0114701
0.0125547
0.0138926
0.0150079
0.0156924
0.0160663
0.0164212
0.0169546
0.0175446
0.0178855
0.0178518
0.0177266
0.0178978
0.0184549
0.0190931
0.0193923
0.0194614
0.0198689
0.020757
0.0216778
0.0221589
0.0223218
0.0228634
0.0239304
0.0247467
0.02509
0.0256441
0.0265552
0.0273399
0.0279559
0.0286149
0.029334
0.0301764
0.0311055
0.0318767
0.0325467
0.033404
0.0343808
0.0352555
0.0360866
0.0369747
0.0379094
0.0389058
0.0398935
0.0407982
0.0417286
0.0428105
0.0439396
0.0449408
0.0458977
0.0470148
0.0482317
0.0493307
0.0504079
0.0516193
0.0528642
0.0540411
0.0552588
0.0565596
0.057861
0.0591561
0.0604879
0.0618632
0.0632435
0.0646532
0.0661005
0.0675721
0.0690476
0.0705883
0.0721395
0.0737085
0.0753109
0.0769685
0.0786359
0.0803322
0.0820718
0.0838486
0.0856511
0.0874762
0.0893689
0.0912696
0.0932351
0.0952098
0.0972398
0.099298
0.101399
0.103547
0.105715
0.107935
0.110192
0.112486
0.11484
0.117197
0.119634
0.122095
0.1246
0.127154
0.12971
0.132169
0.134336
0.0116787
0.0127111
0.0140153
0.0151715
0.0159426
0.0163768
0.0167062
0.0171458
0.0176652
0.018046
0.0181201
0.0180352
0.0181376
0.01857
0.0191672
0.0195792
0.0197321
0.0200489
0.020795
0.0217042
0.0223259
0.0225713
0.022963
0.0238925
0.0248299
0.0252857
0.0257298
0.0265653
0.0274161
0.0280527
0.0286878
0.0293975
0.0301991
0.0311249
0.0319532
0.0326096
0.0334086
0.0344009
0.0353079
0.036119
0.0369893
0.0379301
0.0389283
0.0399165
0.0408214
0.0417424
0.0428171
0.0439538
0.0449637
0.0459109
0.0470165
0.0482419
0.0493486
0.0504166
0.0516234
0.0528747
0.0540515
0.0552638
0.0565647
0.0578685
0.0591627
0.0604924
0.0618687
0.0632488
0.0646575
0.0661059
0.0675774
0.0690512
0.0705928
0.0721446
0.073713
0.0753148
0.0769739
0.0786415
0.0803368
0.082077
0.0838543
0.0856562
0.0874811
0.0893744
0.091274
0.09324
0.0952139
0.0972435
0.0993009
0.101403
0.10355
0.105718
0.107938
0.110194
0.11249
0.114843
0.117201
0.119639
0.122102
0.12461
0.127166
0.129726
0.132187
0.134356
0.0118952
0.0128832
0.0141504
0.0153256
0.0161673
0.0166676
0.0169962
0.017362
0.0178035
0.018183
0.0183448
0.0183212
0.0183897
0.018725
0.0192508
0.0197215
0.0199716
0.0202569
0.0208779
0.0217272
0.0224384
0.0228033
0.0231282
0.0238865
0.0248536
0.0254591
0.0258657
0.0265847
0.0274646
0.0281522
0.0287679
0.0294646
0.0302358
0.031135
0.0320149
0.0326919
0.0334253
0.0344034
0.0353578
0.0361674
0.0370052
0.037944
0.0389519
0.0399433
0.0408469
0.0417569
0.0428224
0.043967
0.0449886
0.0459264
0.0470173
0.0482508
0.0493683
0.0504273
0.0516267
0.0528848
0.0540629
0.0552693
0.0565697
0.0578764
0.0591695
0.0604968
0.0618742
0.0632545
0.0646618
0.0661113
0.0675831
0.0690552
0.0705973
0.0721498
0.0737175
0.0753186
0.0769795
0.0786476
0.0803414
0.0820821
0.08386
0.0856615
0.0874864
0.0893803
0.0912786
0.093245
0.0952179
0.0972469
0.0993038
0.101406
0.103554
0.10572
0.107942
0.110197
0.112494
0.114846
0.117205
0.119645
0.12211
0.12462
0.127178
0.129742
0.132206
0.134376
0.0121215
0.0130674
0.0142981
0.0154758
0.0163705
0.0169337
0.0172812
0.0175964
0.0179651
0.0183141
0.0185303
0.0185789
0.0186417
0.0189083
0.0193582
0.0198395
0.0201731
0.02047
0.0210001
0.0217664
0.0225136
0.0229952
0.0233275
0.0239386
0.0248497
0.025583
0.0260298
0.0266377
0.0274935
0.0282419
0.0288578
0.0295353
0.0302856
0.0311458
0.0320557
0.0327817
0.0334656
0.0343953
0.0353915
0.0362291
0.0370319
0.0379493
0.0389707
0.0399744
0.0408762
0.041773
0.0428263
0.0439788
0.0450162
0.045945
0.0470168
0.0482573
0.0493894
0.0504403
0.0516294
0.0528938
0.054075
0.0552754
0.0565748
0.0578848
0.0591771
0.060501
0.0618797
0.0632606
0.0646665
0.0661167
0.0675892
0.0690593
0.0706015
0.0721553
0.0737224
0.0753223
0.0769849
0.0786538
0.0803461
0.0820876
0.0838659
0.0856669
0.0874915
0.0893861
0.0912833
0.0932505
0.0952225
0.0972507
0.0993071
0.10141
0.103557
0.105723
0.107945
0.110199
0.112497
0.114849
0.11721
0.119652
0.122117
0.12463
0.127191
0.129758
0.132224
0.134396
0.0123582
0.0132643
0.0144575
0.0156265
0.0165579
0.0171763
0.0175532
0.0178394
0.0181464
0.0184517
0.0186859
0.0188003
0.0188818
0.0191045
0.0194902
0.0199509
0.0203424
0.020673
0.0211499
0.0218336
0.0225723
0.0231438
0.0235285
0.0240464
0.0248542
0.0256532
0.0261889
0.026729
0.0275183
0.0283112
0.0289508
0.0296101
0.0303446
0.0311653
0.0320784
0.0328648
0.0335329
0.034393
0.035402
0.0362916
0.0370791
0.0379541
0.0389786
0.0400074
0.0409122
0.0417912
0.0428277
0.0439873
0.0450463
0.0459684
0.0470156
0.0482608
0.0494117
0.050456
0.051632
0.0529017
0.0540876
0.0552823
0.0565797
0.0578935
0.0591855
0.0605051
0.0618848
0.0632671
0.0646715
0.0661221
0.0675958
0.0690639
0.0706055
0.0721608
0.0737276
0.0753262
0.0769907
0.0786603
0.0803505
0.082093
0.0838718
0.0856727
0.0874969
0.0893921
0.0912879
0.0932556
0.0952269
0.0972542
0.0993109
0.101413
0.103562
0.105725
0.107949
0.110203
0.112501
0.114853
0.117214
0.119659
0.122125
0.12464
0.127204
0.129774
0.132242
0.134416
0.0126015
0.0134745
0.0146287
0.0157795
0.0167329
0.0173969
0.0178067
0.0180814
0.0183402
0.0186007
0.0188257
0.0189837
0.0190982
0.0192987
0.0196368
0.0200645
0.0204862
0.0208559
0.0213093
0.0219287
0.0226316
0.023258
0.023711
0.0241903
0.0248948
0.025692
0.0263197
0.0268493
0.027558
0.0283624
0.0290391
0.0296889
0.0304098
0.0311967
0.0320918
0.032931
0.0336175
0.034412
0.0353958
0.036338
0.0371444
0.0379713
0.0389731
0.0400343
0.0409574
0.0418148
0.0428262
0.0439911
0.0450776
0.0459977
0.0470148
0.0482602
0.0494344
0.050475
0.0516347
0.0529082
0.0541008
0.0552901
0.0565843
0.0579024
0.0591949
0.0605094
0.0618896
0.063274
0.0646769
0.0661273
0.0676025
0.0690688
0.0706093
0.0721666
0.0737329
0.0753301
0.0769965
0.0786673
0.0803553
0.0820989
0.0838778
0.0856784
0.0875023
0.089398
0.0912929
0.093261
0.0952317
0.0972575
0.0993147
0.101417
0.103566
0.105728
0.107952
0.110206
0.112505
0.114858
0.117219
0.119667
0.122133
0.12465
0.127218
0.12979
0.13226
0.134436
0.0128435
0.013694
0.01481
0.0159341
0.0168953
0.0175944
0.0180371
0.018313
0.0185379
0.0187605
0.0189646
0.0191399
0.0192874
0.0194839
0.0197901
0.0201855
0.0206149
0.0210191
0.0214669
0.0220437
0.0227039
0.0233499
0.0238665
0.0243461
0.0249746
0.0257271
0.0264142
0.0269784
0.0276218
0.0284052
0.0291186
0.0297701
0.0304791
0.0312388
0.0321028
0.0329767
0.0337031
0.0344559
0.0353901
0.0363595
0.037213
0.0380132
0.0389638
0.0400452
0.0410089
0.0418497
0.0428228
0.0439885
0.045109
0.0460337
0.047016
0.0482543
0.049456
0.0504976
0.0516379
0.0529136
0.0541146
0.0552987
0.0565885
0.0579111
0.0592053
0.060514
0.0618938
0.0632812
0.0646828
0.0661327
0.0676097
0.0690739
0.0706126
0.0721725
0.0737384
0.075334
0.0770024
0.0786742
0.0803597
0.0821046
0.0838841
0.0856847
0.0875082
0.089404
0.0912981
0.0932663
0.0952368
0.0972612
0.0993193
0.101421
0.10357
0.10573
0.107956
0.11021
0.112509
0.114863
0.117224
0.119674
0.122142
0.124661
0.127232
0.129806
0.132278
0.134456
0.0130807
0.0139198
0.0150038
0.0160958
0.01705
0.0177721
0.0182444
0.0185301
0.0187324
0.0189236
0.0191056
0.0192807
0.0194504
0.0196538
0.0199424
0.0203122
0.0207353
0.0211638
0.0216157
0.0221658
0.0227915
0.0234322
0.0239954
0.0244955
0.0250792
0.0257775
0.0264807
0.0270951
0.0277054
0.0284476
0.0291875
0.029851
0.0305515
0.0312933
0.032121
0.0330085
0.0337803
0.0345169
0.0353981
0.0363619
0.0372647
0.0380765
0.0389671
0.0400354
0.0410552
0.0419009
0.0428219
0.043976
0.0451383
0.0460774
0.047022
0.0482441
0.0494753
0.0505236
0.051642
0.0529174
0.0541291
0.0553082
0.0565921
0.0579196
0.0592166
0.0605191
0.0618976
0.0632885
0.0646888
0.066138
0.0676174
0.0690796
0.0706157
0.0721789
0.0737435
0.0753378
0.0770084
0.0786816
0.0803644
0.0821103
0.0838901
0.0856905
0.087514
0.0894096
0.0913037
0.0932715
0.0952419
0.0972645
0.0993237
0.101425
0.103574
0.105734
0.10796
0.110215
0.112513
0.114868
0.117229
0.119682
0.122151
0.124671
0.127246
0.129822
0.132295
0.134475
0.0133116
0.0141471
0.0152065
0.016267
0.0172011
0.017931
0.0184252
0.0187249
0.0189139
0.0190787
0.0192409
0.019409
0.0195897
0.0198031
0.0200863
0.0204404
0.0208518
0.0212932
0.0217545
0.0222877
0.0228893
0.023515
0.0241039
0.0246313
0.0251932
0.0258486
0.026538
0.0271907
0.0277997
0.0284967
0.0292457
0.0299275
0.0306218
0.0313549
0.0321501
0.033032
0.0338465
0.0345868
0.0354266
0.0363638
0.0372932
0.0381442
0.0389965
0.0400155
0.0410811
0.0419659
0.0428335
0.0439516
0.0451591
0.0461285
0.0470343
0.0482291
0.0494905
0.050553
0.0516477
0.0529197
0.0541446
0.0553193
0.0565948
0.0579272
0.0592287
0.0605252
0.0619012
0.0632959
0.0646949
0.0661432
0.0676255
0.0690854
0.0706182
0.0721856
0.0737494
0.075342
0.0770145
0.0786889
0.0803695
0.0821162
0.0838967
0.085697
0.0875202
0.0894151
0.0913094
0.0932767
0.0952471
0.0972684
0.0993284
0.101429
0.103578
0.105737
0.107963
0.11022
0.112517
0.114873
0.117235
0.11969
0.12216
0.124682
0.127261
0.129838
0.132311
0.134494
0.0135362
0.0143702
0.0154101
0.0164427
0.0173497
0.0180724
0.0185769
0.0188896
0.0190744
0.0192173
0.0193623
0.0195219
0.0197079
0.0199306
0.0202162
0.0205657
0.0209682
0.021414
0.0218849
0.0224084
0.0229917
0.023602
0.0241998
0.0247515
0.0253057
0.0259314
0.0265981
0.0272655
0.0278918
0.0285565
0.0292976
0.0299993
0.0306899
0.0314188
0.0321908
0.0330512
0.0338966
0.0346554
0.0354677
0.0363751
0.0373073
0.0381993
0.0390514
0.0400076
0.0410811
0.0420318
0.0428697
0.0439226
0.0451641
0.0461862
0.0470583
0.0482104
0.0494989
0.0505847
0.0516555
0.0529194
0.05416
0.0553328
0.0565969
0.0579332
0.0592413
0.0605321
0.0619045
0.0633033
0.064701
0.0661483
0.0676343
0.069092
0.0706204
0.0721928
0.0737528
0.0753456
0.0770206
0.0786962
0.0803748
0.0821217
0.0839029
0.0857032
0.0875267
0.0894206
0.0913155
0.0932817
0.095252
0.0972723
0.0993332
0.101434
0.103582
0.105741
0.107967
0.110224
0.11252
0.114878
0.117241
0.119697
0.122169
0.124692
0.127275
0.129854
0.132327
0.134513
0.0137567
0.0145867
0.0156086
0.0166165
0.0174959
0.0181996
0.0187023
0.0190204
0.0192059
0.0193328
0.0194627
0.0196151
0.0198037
0.020036
0.0203272
0.0206812
0.0210821
0.0215297
0.0220077
0.0225267
0.0230961
0.0236926
0.0242904
0.0248596
0.0254147
0.0260197
0.0266642
0.0273275
0.0279708
0.0286224
0.0293454
0.0300628
0.0307561
0.0314817
0.0322423
0.0330752
0.0339328
0.0347188
0.0355167
0.0363954
0.0373179
0.0382319
0.0391099
0.0400238
0.041063
0.0420784
0.0429307
0.0439025
0.0451464
0.0462436
0.0471002
0.0481921
0.0494995
0.0506193
0.0516684
0.0529179
0.0541752
0.05535
0.0565995
0.057937
0.0592546
0.060541
0.0619081
0.0633111
0.0647072
0.0661525
0.0676436
0.0690989
0.0706224
0.0722014
0.0737804
0.0753505
0.077027
0.078704
0.0803814
0.082128
0.0839095
0.08571
0.0875334
0.0894263
0.091322
0.0932875
0.0952573
0.0972773
0.0993381
0.101438
0.103586
0.105745
0.107971
0.11023
0.112525
0.114884
0.117248
0.119706
0.122179
0.124704
0.12729
0.129871
0.132342
0.134532
0.0139792
0.0147991
0.0158002
0.0167802
0.0176309
0.018308
0.0187967
0.0191102
0.0192959
0.0194153
0.0195333
0.0196824
0.0198742
0.0201185
0.0204188
0.0207825
0.0211913
0.0216425
0.0221262
0.022641
0.0231981
0.0237811
0.0243741
0.024955
0.0255168
0.0261102
0.0267366
0.027387
0.0280393
0.0286919
0.0293966
0.0301192
0.0308207
0.0315434
0.032298
0.0331062
0.0339589
0.0347727
0.0355716
0.0364239
0.0373341
0.0382533
0.0391574
0.0400628
0.0410468
0.0420925
0.043002
0.0439043
0.0451034
0.0462843
0.0471594
0.0481756
0.0494852
0.050651
0.0516847
0.052913
0.0541866
0.0553695
0.0566025
0.0579366
0.0592661
0.0605509
0.0619114
0.0633187
0.0647135
0.066156
0.0676533
0.0691066
0.0706238
0.072208
0.0737807
0.0753509
0.0770329
0.0787103
0.0803875
0.0821331
0.0839148
0.0857163
0.0875398
0.0894315
0.0913277
0.0932919
0.0952611
0.0972818
0.0993429
0.101443
0.10359
0.105748
0.107975
0.110234
0.112529
0.114889
0.117255
0.119712
0.122188
0.124714
0.127303
0.129887
0.132351
0.13455
0.014209
0.0150099
0.0159821
0.0169259
0.0177392
0.0183795
0.0188398
0.0191386
0.0193205
0.0194415
0.0195571
0.0197105
0.0199124
0.0201735
0.0204914
0.02087
0.0212955
0.0217543
0.0222443
0.0227557
0.0232996
0.0238686
0.0244522
0.0250396
0.0256097
0.0261981
0.0268095
0.027444
0.0280983
0.0287578
0.0294517
0.0301721
0.0308844
0.0316089
0.032358
0.0331478
0.0339845
0.0348161
0.0356287
0.0364601
0.0373566
0.0382738
0.0391906
0.0401147
0.0410564
0.0420858
0.0430698
0.0439477
0.0450572
0.0463022
0.0472413
0.0481793
0.049461
0.0506814
0.0517114
0.0529099
0.0541965
0.0553939
0.0566098
0.0579347
0.0592774
0.0605635
0.0619158
0.0633267
0.0647205
0.0661581
0.0676626
0.0691154
0.0706255
0.0722134
0.0737937
0.0753807
0.0770406
0.0787182
0.0803962
0.08214
0.0839207
0.0857234
0.0875472
0.089438
0.0913351
0.0932981
0.0952665
0.097288
0.0993485
0.101448
0.103594
0.105754
0.10798
0.11024
0.112535
0.114895
0.117263
0.119721
0.122197
0.124726
0.127318
0.129904
0.132394
0.134569
0.0144929
0.0152443
0.0161575
0.0170382
0.017792
0.0183812
0.0187982
0.0190711
0.0192438
0.0193726
0.019501
0.0196709
0.0198951
0.0201824
0.0205305
0.0209326
0.0213802
0.0218501
0.022344
0.0228534
0.0233836
0.023941
0.0245134
0.0251038
0.0256836
0.026272
0.0268754
0.0274945
0.028147
0.0288122
0.0295006
0.0302172
0.0309357
0.0316663
0.0324106
0.0331877
0.0340088
0.0348444
0.0356778
0.0365002
0.0373784
0.0382929
0.0392067
0.0401499
0.0410827
0.0420653
0.0430991
0.0440117
0.045018
0.0462744
0.0473188
0.0482056
0.0494222
0.0506957
0.0517435
0.0529053
0.0541983
0.055418
0.0566186
0.0579287
0.0592843
0.060575
0.0619206
0.0633345
0.0647276
0.0661595
0.0676707
0.0691247
0.0706272
0.0722177
0.0738009
0.075376
0.0770439
0.0787232
0.0804038
0.0821459
0.0839251
0.0857301
0.0875537
0.0894436
0.0913404
0.0933019
0.0952699
0.0972933
0.0993534
0.101451
0.103597
0.105757
0.107984
0.110244
0.112539
0.1149
0.11727
0.119728
0.122206
0.124736
0.127331
0.129919
0.132404
0.134585
0.0150006
0.0156919
0.0165291
0.0173029
0.0179398
0.0184293
0.0187688
0.0189906
0.0191428
0.0192816
0.0194411
0.0196447
0.0199056
0.0202243
0.0205995
0.0210185
0.0214756
0.0219503
0.0224396
0.0229454
0.0234624
0.0240085
0.0245704
0.0251574
0.0257473
0.0263382
0.0269431
0.0275544
0.0282015
0.0288693
0.0295542
0.0302701
0.0309905
0.0317256
0.0324676
0.0332321
0.0340412
0.0348708
0.0357179
0.0365485
0.0374084
0.0383201
0.0392308
0.040175
0.0411277
0.042072
0.0431048
0.0440857
0.0450251
0.0462245
0.0473774
0.0482683
0.0493891
0.0506916
0.0517845
0.0529087
0.0541955
0.0554439
0.0566341
0.0579247
0.0592899
0.0605874
0.0619271
0.0633438
0.0647358
0.0661594
0.0676777
0.0691356
0.0706305
0.07222
0.0738094
0.0753847
0.077048
0.078729
0.0804131
0.0821525
0.0839293
0.0857368
0.0875609
0.0894505
0.0913479
0.0933073
0.0952749
0.0973002
0.0993592
0.101456
0.103602
0.105763
0.107989
0.11025
0.112544
0.114906
0.117277
0.119736
0.122215
0.124747
0.127344
0.129933
0.132418
0.134601
0.0149377
0.0155632
0.0162718
0.0169313
0.0174887
0.017945
0.0182926
0.018567
0.0188095
0.0190559
0.019324
0.0196162
0.019942
0.0203011
0.020696
0.0211214
0.0215709
0.0220398
0.0225171
0.0230151
0.0235233
0.0240584
0.024613
0.025192
0.0257899
0.0263849
0.0269959
0.0276106
0.0282495
0.028915
0.0295952
0.0303123
0.0310353
0.0317718
0.0325176
0.0332731
0.0340738
0.0348972
0.0357445
0.0365903
0.0374398
0.0383401
0.0392534
0.0401826
0.0411536
0.0420948
0.0430945
0.0441323
0.0450652
0.0461752
0.0473943
0.0483498
0.0493787
0.0506665
0.0518237
0.052923
0.0541852
0.0554644
0.0566538
0.0579206
0.0592905
0.0605974
0.0619331
0.0633506
0.0647422
0.0661586
0.0676806
0.0691466
0.0706344
0.0722198
0.0738159
0.0753921
0.0770502
0.0787342
0.0804235
0.0821596
0.0839344
0.085745
0.0875686
0.0894569
0.0913542
0.0933111
0.095279
0.097307
0.099365
0.101459
0.103606
0.105767
0.107994
0.110254
0.112549
0.114913
0.117285
0.119744
0.122223
0.124758
0.127356
0.129947
0.132429
0.134615
0.0169919
0.0169173
0.016755
0.0166833
0.0167267
0.0169193
0.0172552
0.0176892
0.0181725
0.0186627
0.0191358
0.0195802
0.0200008
0.0204067
0.0208123
0.0212306
0.0216618
0.0221155
0.0225813
0.0230688
0.0235738
0.0240999
0.0246489
0.0252195
0.0258188
0.0264205
0.0270359
0.0276629
0.0282978
0.0289607
0.0296384
0.0303527
0.0310791
0.0318121
0.0325614
0.0333117
0.0341024
0.0349224
0.0357631
0.0366229
0.0374769
0.0383622
0.0392783
0.0401947
0.0411666
0.0421269
0.0430946
0.0441487
0.045115
0.0461448
0.0473671
0.0484172
0.0493943
0.050626
0.0518451
0.0529477
0.0541719
0.0554751
0.0566783
0.0579212
0.0592882
0.0606077
0.0619399
0.0633575
0.0647544
0.0661597
0.0676797
0.0691589
0.0706432
0.0722199
0.0738232
0.0754021
0.0770511
0.0787372
0.0804329
0.0821632
0.0839354
0.0857507
0.0875748
0.0894621
0.09136
0.0933147
0.0952828
0.097313
0.0993696
0.101462
0.10361
0.105773
0.107998
0.110258
0.112553
0.114918
0.117291
0.11975
0.122231
0.124768
0.127367
0.129958
0.132441
0.134629
0.016519
0.0163552
0.0161112
0.0159617
0.0160114
0.0162507
0.0166619
0.0171934
0.0177824
0.0183757
0.018944
0.0194729
0.0199616
0.0204163
0.0208522
0.0212864
0.0217241
0.0221769
0.0226408
0.0231238
0.0236279
0.0241508
0.0246937
0.0252572
0.0258462
0.0264504
0.0270658
0.0276993
0.0283351
0.0289951
0.0296777
0.0303853
0.031117
0.0318502
0.032603
0.0333565
0.034135
0.0349545
0.0357862
0.0366512
0.0375162
0.0383859
0.0393006
0.0402115
0.0411718
0.0421546
0.0431154
0.0441548
0.0451641
0.0461603
0.047335
0.0484674
0.0494498
0.0506026
0.0518534
0.0529857
0.054168
0.0554756
0.0567057
0.057928
0.059282
0.0606172
0.0619463
0.0633606
0.0647695
0.0661635
0.0676733
0.0691682
0.0706531
0.0722161
0.0738269
0.075414
0.0770531
0.0787426
0.0804481
0.0821719
0.0839403
0.0857614
0.0875858
0.08947
0.0913669
0.09332
0.0952891
0.0973217
0.0993758
0.101466
0.103615
0.105778
0.108004
0.110263
0.11256
0.114925
0.117299
0.119759
0.122239
0.124778
0.127378
0.129969
0.132452
0.13464
0.0176255
0.017435
0.0171171
0.0168572
0.0167339
0.016768
0.0169611
0.0172879
0.017715
0.0181994
0.0187143
0.0192353
0.0197487
0.020249
0.0207375
0.021223
0.0217044
0.0221892
0.0226733
0.0231683
0.0236756
0.0241996
0.0247381
0.0252943
0.0258702
0.0264683
0.0270816
0.0277118
0.0283553
0.0290182
0.0297087
0.0304107
0.031139
0.0318765
0.0326257
0.0333865
0.0341557
0.0349728
0.0358039
0.0366645
0.0375439
0.0384044
0.0393129
0.0402261
0.041169
0.0421647
0.0431357
0.0441511
0.0451833
0.0461823
0.047296
0.0484634
0.0494977
0.0505907
0.0518314
0.0530138
0.0541708
0.05546
0.0567289
0.0579425
0.0592719
0.0606274
0.0619537
0.0633585
0.0647869
0.0661712
0.0676637
0.0691779
0.0706668
0.072214
0.0738315
0.0754243
0.0770514
0.0787432
0.0804582
0.0821736
0.0839372
0.0857652
0.0875925
0.0894742
0.0913695
0.0933217
0.0952928
0.097327
0.0993788
0.101468
0.103619
0.105783
0.108007
0.110267
0.112563
0.114929
0.117304
0.119764
0.122245
0.124785
0.127387
0.129978
0.132461
0.134651
0.0154122
0.0157933
0.016275
0.0167134
0.017075
0.0173382
0.0175443
0.0177495
0.0179989
0.0183085
0.0186852
0.0191263
0.0196138
0.0201314
0.0206545
0.0211782
0.0216921
0.0222027
0.0227073
0.0232156
0.0237294
0.0242554
0.024794
0.0253417
0.0259047
0.0264881
0.027094
0.0277197
0.0283716
0.0290459
0.0297394
0.0304422
0.0311623
0.0319052
0.032652
0.0334154
0.0341884
0.0349943
0.0358319
0.0366828
0.0375656
0.0384302
0.0393226
0.0402465
0.0411755
0.0421706
0.0431647
0.0441592
0.0451992
0.0462195
0.0472946
0.0484542
0.0495413
0.0506209
0.0518143
0.0530326
0.054197
0.0554408
0.0567428
0.0579689
0.0592574
0.0606348
0.0619669
0.0633475
0.0648044
0.0661867
0.0676482
0.0691818
0.0706821
0.0722074
0.0738347
0.0754389
0.077052
0.0787484
0.0804769
0.0821842
0.083942
0.0857758
0.0876053
0.0894844
0.0913762
0.0933266
0.0953
0.0973365
0.0993846
0.101471
0.103623
0.105788
0.108013
0.110272
0.11257
0.114937
0.117312
0.119772
0.122252
0.124794
0.127396
0.129987
0.13247
0.13466
0.0176344
0.0173253
0.0168764
0.0164907
0.016259
0.0162257
0.0163909
0.016724
0.0171815
0.0177228
0.0183068
0.0189073
0.0194992
0.0200778
0.0206333
0.0211707
0.0216922
0.022206
0.0227161
0.0232263
0.0237427
0.0242685
0.0248072
0.0253523
0.0259085
0.0264854
0.0270857
0.0277154
0.0283752
0.0290622
0.0297558
0.0304579
0.0311749
0.0319148
0.0326645
0.0334231
0.0342059
0.0350062
0.0358447
0.0366984
0.0375714
0.0384493
0.0393287
0.0402551
0.0411872
0.042165
0.0431809
0.0441648
0.0451969
0.0462395
0.0472972
0.0484368
0.0495458
0.050647
0.0518055
0.0530237
0.054226
0.0554302
0.0567362
0.0580021
0.059248
0.0606303
0.0619879
0.0633339
0.0648092
0.0662109
0.0676343
0.0691828
0.0707015
0.0722031
0.0738325
0.0754528
0.0770503
0.0787432
0.0804865
0.0821877
0.0839381
0.0857774
0.0876102
0.0894888
0.0913792
0.0933274
0.0953023
0.0973417
0.0993881
0.101473
0.103627
0.105793
0.108016
0.110274
0.112573
0.114939
0.117315
0.119776
0.122256
0.124799
0.127402
0.129992
0.132476
0.134666
0.0167774
0.0164057
0.0159331
0.0155684
0.0154007
0.0154572
0.0157329
0.0161951
0.0167873
0.0174532
0.01814
0.0188162
0.019462
0.0200744
0.0206484
0.021189
0.0217066
0.0222133
0.0227195
0.0232281
0.0237438
0.0242695
0.0248061
0.0253511
0.0259045
0.0264798
0.0270783
0.0277114
0.0283762
0.0290674
0.0297623
0.0304626
0.0311817
0.0319185
0.0326704
0.0334275
0.0342122
0.0350147
0.0358474
0.0367054
0.0375711
0.0384514
0.0393321
0.0402512
0.0411924
0.0421626
0.043183
0.0441743
0.0451968
0.0462513
0.0473098
0.0484382
0.0495488
0.0506626
0.0518155
0.0530173
0.0542384
0.055437
0.0567244
0.058018
0.0592543
0.0606205
0.0620018
0.0633359
0.0648049
0.0662306
0.0676344
0.069167
0.0707102
0.072208
0.0738292
0.0754635
0.0770609
0.0787469
0.0804992
0.0822031
0.083947
0.0857871
0.0876212
0.0894985
0.0913877
0.0933345
0.0953083
0.0973487
0.0993944
0.101477
0.103631
0.105797
0.108021
0.11028
0.112579
0.114946
0.117322
0.119783
0.122262
0.124806
0.127408
0.129999
0.132482
0.134672
)
;

boundaryField
{
    ZeroGradientPlanes
    {
        type            zeroGradient;
    }
    inlet
    {
        type            zeroGradient;
    }
    plate
    {
        type            zeroGradient;
    }
    frontAndBack
    {
        type            empty;
    }
}


// ************************************************************************* //
