/*--------------------------------*- C++ -*----------------------------------*\
| =========                 |                                                 |
| \\      /  F ield         | OpenFOAM: The Open Source CFD Toolbox           |
|  \\    /   O peration     | Version:  2506                                  |
|   \\  /    A nd           | Website:  www.openfoam.com                      |
|    \\/     M anipulation  |                                                 |
\*---------------------------------------------------------------------------*/
FoamFile
{
    version     2.0;
    format      ascii;
    arch        "LSB;label=32;scalar=64";
    class       volScalarField;
    location    "6.35";
    object      p;
}
// * * * * * * * * * * * * * * * * * * * * * * * * * * * * * * * * * * * * * //

dimensions      [0 2 -2 0 0 0 0];

internalField   nonuniform List<scalar> 
9600
(
-5.2797e-11
-0.00058528
-0.00204216
0.000550807
0.0022501
-0.00175674
-0.00026798
0.00312264
0.000622793
0.00489127
0.00632382
0.00712803
0.007276
0.00770837
0.00981555
0.0120773
0.0123826
0.0148433
0.0163811
0.0214245
-2.33277e-06
-0.000569282
-0.00203472
0.000543712
0.00223018
-0.00175117
-0.000255209
0.00313181
0.000629379
0.00488114
0.00632463
0.00711079
0.0072918
0.0077151
0.00982547
0.0120755
0.0123898
0.0147766
0.0164278
0.0209801
-2.09937e-06
-0.000554062
-0.00202792
0.000534257
0.00221087
-0.00171488
-0.000233683
0.00313087
0.000641533
0.00486576
0.00632401
0.00709421
0.00730564
0.00773601
0.00984017
0.012064
0.0123985
0.0147076
0.0164392
0.020496
-6.83628e-07
-0.000541824
-0.00201698
0.00054617
0.00219134
-0.00164641
-0.000192574
0.00312016
0.000668516
0.00485113
0.00632289
0.00708341
0.00731726
0.00776809
0.00985688
0.0120448
0.01241
0.0146187
0.0164132
0.0200334
-1.11239e-07
-0.000531308
-0.00199553
0.000576709
0.00216753
-0.0015462
-0.000130668
0.00310205
0.000714391
0.00483747
0.00632113
0.00707288
0.00732782
0.00780817
0.00987639
0.0120214
0.012419
0.0145203
0.01636
0.0195842
-1.87891e-06
-0.000521083
-0.00196187
0.000614049
0.00214005
-0.00142053
-4.85945e-05
0.00308155
0.000777418
0.00482415
0.00631836
0.00706025
0.0073407
0.00785295
0.00989935
0.0119958
0.0124259
0.0144176
0.0162804
0.0191445
-6.86584e-06
-0.000509533
-0.00191765
0.000652514
0.00211171
-0.00127732
4.88018e-05
0.00306109
0.00085186
0.00481144
0.0063154
0.00704522
0.00735678
0.00790002
0.00992603
0.01197
0.0124307
0.0143134
0.0161756
0.0187146
-1.48166e-05
-0.000495026
-0.00186532
0.000691317
0.00208349
-0.00112471
0.000156839
0.00304111
0.000931934
0.00479944
0.00631274
0.00702732
0.00737512
0.00794772
0.00995537
0.0119453
0.0124329
0.0142094
0.0160481
0.0182965
-2.44032e-05
-0.000476529
-0.00180609
0.000731153
0.00205421
-0.000969283
0.00027142
0.00302106
0.001014
0.00478759
0.00631032
0.00700623
0.00739428
0.00799409
0.00998519
0.0119225
0.0124312
0.0141067
0.0159026
0.0178915
-3.40057e-05
-0.000453949
-0.00173911
0.000773663
0.00202188
-0.000816436
0.000389828
0.00300101
0.00109722
0.00477555
0.00630848
0.00698254
0.0074127
0.00803671
0.0100129
0.0119014
0.0124235
0.014006
0.0157436
0.0174992
-4.24835e-05
-0.000427922
-0.00166239
0.000820576
0.00198476
-0.000670232
0.000510128
0.00298168
0.00118277
0.00476383
0.00630856
0.00695797
0.00742919
0.0080735
0.0100358
0.0118816
0.0124089
0.0139071
0.0155738
0.0171178
-4.93949e-05
-0.000399197
-0.00157453
0.000872453
0.00194224
-0.000533014
0.000630956
0.00296384
0.0012724
0.00475427
0.00630584
0.00693495
0.00744338
0.00810298
0.0100519
0.0118624
0.0123869
0.0138073
0.0153951
0.0167462
-5.47795e-05
-0.000368254
-0.00147581
0.000928493
0.00189502
-0.000405515
0.000751525
0.00294805
0.00136703
0.00474843
0.00631614
0.00691577
0.00745553
0.00812517
0.0100602
0.0118438
0.0123568
0.0137033
0.0152095
0.0163841
-5.88405e-05
-0.000335259
-0.00136794
0.000987132
0.00184468
-0.000287146
0.000871648
0.0029348
0.0014664
0.00474683
0.00633356
0.00690196
0.00746603
0.00814102
0.0100606
0.0118257
0.0123183
0.0136008
0.0150192
0.0160313
-6.17281e-05
-0.000300239
-0.00125322
0.00104701
0.00179313
-0.00017666
0.000991542
0.00292453
0.00156927
0.00474929
0.006358
0.00689405
0.00747509
0.00815202
0.0100533
0.0118077
0.0122721
0.0134787
0.0148254
0.0156869
-6.34921e-05
-0.000263139
-0.0011337
0.00110735
0.00174211
-7.2839e-05
0.00111155
0.00291776
0.0016741
0.00475531
0.00638858
0.00689161
0.00748236
0.00815985
0.0100391
0.0117888
0.01222
0.0133435
0.0146278
0.0153511
-6.4092e-05
-0.00022388
-0.00101069
0.00116777
0.00169307
2.53003e-05
0.00123193
0.00291505
0.00177963
0.00476442
0.00642409
0.00689371
0.00748725
0.00816616
0.0100178
0.0117681
0.0121641
0.0131949
0.0144255
0.0150251
-6.34058e-05
-0.000182442
-0.00088499
0.00122815
0.00164724
0.000118527
0.00135273
0.00291695
0.00188492
0.00477635
0.00646339
0.00689949
0.00748933
0.00817205
0.0099914
0.0117444
0.0121056
0.0130326
0.0142176
0.0147111
-6.12591e-05
-0.000138857
-0.00075706
0.00128854
0.00160568
0.00020748
0.00147379
0.002924
0.00198934
0.00479107
0.00650548
0.00690841
0.00748842
0.00817806
0.00996215
0.0117174
0.0120452
0.0128583
0.014002
0.0144105
-5.74368e-05
-9.32008e-05
-0.000627183
0.001349
0.00156921
0.000292764
0.00159486
0.00293668
0.00209245
0.00480858
0.00654966
0.00692012
0.00748429
0.00818427
0.0099301
0.0116823
0.011983
0.0126743
0.0137771
0.014124
-5.17001e-05
-4.5538e-05
-0.000495576
0.00140949
0.00153849
0.000374985
0.00171562
0.00295543
0.00219391
0.00482895
0.00659541
0.00693445
0.00747683
0.00819009
0.00989613
0.01164
0.0119188
0.0124835
0.0135421
0.0138507
-4.37854e-05
4.06269e-06
-0.00036243
0.00146991
0.00151414
0.000454732
0.00183559
0.00298065
0.00229347
0.00485215
0.00664247
0.00695124
0.00746607
0.00819485
0.00986082
0.0115898
0.0118518
0.0122889
0.0132974
0.0135891
-3.33995e-05
5.55008e-05
-0.000227899
0.00153025
0.00149662
0.000532574
0.00195423
0.00301263
0.00239108
0.00487805
0.00669065
0.00697027
0.00745216
0.00819792
0.00982455
0.0115315
0.0117807
0.0120924
0.013045
0.0133385
-2.02325e-05
0.00010865
-9.21135e-05
0.00159048
0.0014862
0.000609088
0.00207097
0.00305151
0.0024868
0.00490646
0.00673973
0.00699141
0.0074355
0.00819847
0.0097873
0.0114655
0.0117045
0.0118938
0.0127853
0.0131006
-3.94822e-06
0.000163406
4.47538e-05
0.00165058
0.00148305
0.000684858
0.00218531
0.00309733
0.00258069
0.0049371
0.00678972
0.00701462
0.00741653
0.00819582
0.00974873
0.0113923
0.0116235
0.0116939
0.0125168
0.0128746
1.58198e-05
0.000219727
0.00018251
0.00171054
0.00148721
0.000760473
0.00229678
0.00315003
0.0026729
0.00496963
0.00684084
0.00704168
0.00739545
0.00818969
0.00970824
0.011312
0.0115386
0.0114957
0.0122373
0.0126542
3.94114e-05
0.000277596
0.00032097
0.00177042
0.00149863
0.000836518
0.00240505
0.00320949
0.00276371
0.00500358
0.00689323
0.00706791
0.00737247
0.00818011
0.00966538
0.0112241
0.0114497
0.0113031
0.0119487
0.0124293
6.71066e-05
0.000337009
0.00045996
0.00183036
0.0015172
0.000913538
0.00250995
0.00327548
0.00285341
0.0050385
0.00694696
0.00709552
0.00734746
0.00816715
0.00962053
0.0111286
0.0113545
0.0111189
0.0116575
0.0121922
9.92208e-05
0.000397997
0.000599219
0.00189049
0.00154284
0.000992043
0.00261136
0.00334767
0.00294242
0.00507394
0.00700217
0.00712447
0.00731996
0.00815077
0.00957418
0.0110263
0.0112513
0.0109418
0.0113706
0.0119426
0.000136134
0.000460681
0.000738365
0.00195103
0.00157546
0.00107249
0.00270915
0.00342578
0.00303137
0.00510927
0.00705887
0.00715496
0.00728931
0.00813084
0.00952661
0.0109183
0.0111408
0.0107693
0.0110895
0.0116852
0.00017816
0.000525232
0.000877083
0.00201224
0.00161494
0.00115527
0.00280322
0.00350948
0.00312092
0.00514357
0.00711686
0.00718758
0.00725474
0.00810684
0.00947867
0.0108049
0.011024
0.0106023
0.0108137
0.0114222
0.000225549
0.000591809
0.00101508
0.00207432
0.00166125
0.00124081
0.00289347
0.00359844
0.00321175
0.00517582
0.00717552
0.00722325
0.0072157
0.00807771
0.00943224
0.0106869
0.0108993
0.0104432
0.0105459
0.011152
0.000278529
0.000660649
0.00115205
0.00213751
0.0017144
0.0013295
0.00297975
0.00369231
0.00330483
0.00520515
0.00723378
0.00726301
0.00717192
0.00804158
0.00938902
0.0105671
0.0107637
0.0102916
0.0102935
0.0108747
0.000337252
0.000731974
0.00128786
0.00220207
0.00177431
0.00142171
0.00306187
0.00379046
0.00340122
0.00523108
0.0072903
0.00730782
0.0071237
0.0079959
0.00934906
0.0104501
0.0106161
0.010142
0.0100634
0.0105975
0.000401924
0.000805894
0.00142241
0.00226828
0.0018408
0.00151788
0.00313975
0.00389201
0.00350208
0.00525347
0.00734318
0.00735848
0.00707243
0.00793837
0.00931061
0.0103404
0.0104595
0.00998847
0.00985687
0.0103323
0.000472796
0.00088246
0.00155574
0.00233633
0.00191348
0.00161879
0.00321331
0.00399574
0.0036087
0.00527269
0.00738993
0.00741512
0.00702058
0.00786726
0.0092712
0.0102407
0.0102986
0.00982691
0.00966922
0.0100897
0.000550049
0.00096168
0.00168812
0.00240656
0.00199179
0.00172534
0.00328267
0.00409977
0.00372238
0.00528997
0.00742772
0.00747689
0.00697136
0.00778145
0.00922758
0.0101528
0.010138
0.00965534
0.00949329
0.00987699
0.000633923
0.00104339
0.00181995
0.00247954
0.00207465
0.00183838
0.00334869
0.00420186
0.00384385
0.00530736
0.0074541
0.00754214
0.00692832
0.00768047
0.00917527
0.0100781
0.00998305
0.00947324
0.00932089
0.00969444
0.000724784
0.00112717
0.00195137
0.00255547
0.00216141
0.00195854
0.00341306
0.00429996
0.0039727
0.00532704
0.00746777
0.0076085
0.00689489
0.00756558
0.00910902
0.0100167
0.00984099
0.00928257
0.00914351
0.00953314
0.000823047
0.00121267
0.0020821
0.00263705
0.0022498
0.0020857
0.00347812
0.00439258
0.00410769
0.00535118
0.00746816
0.00767273
0.00687394
0.00744025
0.00902337
0.00996533
0.00971861
0.0090896
0.00895532
0.00938197
0.000929116
0.00129984
0.00221175
0.00272523
0.00233809
0.00221861
0.00354637
0.00447872
0.0042467
0.00538204
0.00745595
0.00773147
0.00686709
0.00730902
0.00891361
0.00991641
0.0096217
0.00890462
0.00875525
0.00923007
0.00104337
0.00138869
0.00233973
0.0028218
0.00242654
0.00235501
0.00362032
0.00455828
0.00438669
0.00542119
0.0074327
0.00778144
0.00687498
0.0071776
0.00877696
0.00986114
0.00955438
0.00873924
0.0085457
0.0090684
0.00116609
0.00147952
0.00246491
0.00292835
0.00251546
0.00249163
0.00370179
0.00463283
0.0045245
0.00546861
0.00740032
0.00781975
0.00689738
0.00705282
0.00861327
0.00978988
0.00951553
0.00860517
0.00833231
0.00889003
0.00129737
0.00157305
0.00258528
0.00304629
0.00260784
0.00262456
0.00379059
0.00470551
0.00465761
0.00552278
0.00736143
0.00784465
0.00693286
0.0069416
0.00842686
0.00969203
0.00949653
0.00851544
0.00812782
0.00868906
0.00143708
0.00167031
0.00269866
0.0031757
0.00270871
0.00275089
0.00388469
0.00477941
0.00478509
0.00558159
0.00731776
0.00785545
0.00697912
0.00684982
0.00822316
0.00955979
0.00948414
0.00847742
0.0079511
0.00846531
0.00158483
0.00177276
0.00280365
0.00331544
0.00282295
0.00286979
0.00398045
0.00485659
0.00490766
0.00564309
0.00727018
0.00785179
0.0070336
0.00678188
0.00801392
0.00939379
0.00946235
0.00848116
0.00782169
0.00823337
0.00174015
0.00188193
0.00289961
0.00346284
0.00295498
0.00298221
0.00407249
0.00493801
0.0050273
0.00570545
0.00721992
0.00783416
0.00709314
0.00674056
0.00780953
0.00920015
0.00941786
0.00850938
0.00775
0.00801916
0.00190226
0.00199945
0.00298682
0.00361292
0.00310841
0.00309164
0.00415515
0.00502296
0.00514704
0.00576735
0.00716792
0.00780424
0.00715358
0.00672679
0.00762012
0.00898585
0.00934551
0.00854442
0.00772634
0.00784585
0.00206991
0.00212722
0.00306672
0.00375917
0.00328368
0.00320412
0.00422475
0.00510787
0.00527065
0.00583082
0.00711498
0.00776299
0.00721015
0.00673819
0.00745476
0.00876043
0.00924319
0.00857501
0.00773578
0.00772418
0.00224204
0.00226675
0.0031415
0.0038959
0.00347895
0.00332756
0.00428051
0.00518571
0.00539947
0.00590125
0.00706388
0.00771083
0.00725806
0.00676934
0.00731828
0.00849646
0.00910904
0.00859535
0.00776701
0.00764819
0.00241757
0.00241881
0.00321467
0.00401881
0.0036901
0.00346926
0.00432495
0.00524885
0.00553094
0.00598366
0.00701979
0.00764968
0.00729312
0.00681352
0.00721655
0.00828081
0.00895166
0.00859833
0.00781243
0.00760605
0.00259521
0.00258349
0.00329096
0.0041252
0.00390889
0.00363423
0.00436508
0.00529146
0.00565825
0.00608037
0.00699015
0.00758358
0.0073125
0.00686343
0.0071469
0.00808517
0.00877998
0.00857767
0.00786533
0.00759046
0.00277409
0.00276031
0.00337589
0.00421412
0.0041243
0.00382385
0.00441179
0.00531238
0.0057709
0.00619005
0.00698245
0.0075203
0.00731667
0.0069115
0.00710318
0.00791424
0.00860354
0.00853316
0.0079178
0.00759882
0.00295365
0.00294789
0.00347496
0.00428633
0.00432492
0.00403555
0.00447672
0.00531558
0.0058579
0.00630621
0.00700137
0.00747007
0.00730903
0.00695148
0.0070787
0.00776931
0.00843182
0.00846978
0.00796382
0.00762992
0.00313382
0.00314398
0.00359102
0.00434557
0.00450253
0.00426296
0.00456936
0.00531066
0.00591234
0.00641645
0.00704725
0.00744385
0.00729732
0.00697987
0.00706541
0.00764976
0.00827049
0.00839356
0.00800075
0.00767931
0.00331567
0.00334604
0.00372433
0.00439789
0.00465202
0.00449423
0.0046949
0.00531372
0.00593536
0.00650473
0.00711362
0.00744941
0.00729312
0.00699814
0.0070558
0.00755359
0.00812464
0.00830967
0.00802649
0.00773823
0.00349999
0.00355216
0.0038743
0.00444967
0.00477176
0.00471547
0.0048513
0.00534219
0.00593607
0.00655891
0.00718546
0.00748714
0.00730893
0.00701341
0.00704524
0.0074752
0.00799705
0.00822339
0.00804069
0.00779981
0.00368676
0.0037607
0.00403866
0.00450816
0.00486268
0.00491678
0.00503208
0.00540505
0.00593275
0.00657804
0.00724287
0.00754946
0.00735328
0.00703694
0.00703445
0.00740764
0.00788641
0.00813995
0.00804605
0.007862
0.00387546
0.00396412
0.00421463
0.00458455
0.00493494
0.00509224
0.00522476
0.00550191
0.00594443
0.0065699
0.00727009
0.00762048
0.00742748
0.00707978
0.00702996
0.00734817
0.0077891
0.00806386
0.00804552
0.00792423
0.00406519
0.00416204
0.00439717
0.00468199
0.00500054
0.00523962
0.00541511
0.00562768
0.0059817
0.00655183
0.00726465
0.00768009
0.00752619
0.00715002
0.00703945
0.00729844
0.0077026
0.00798952
0.00803929
0.00798479
0.00425599
0.00435477
0.004581
0.00479986
0.00506947
0.00536017
0.00559268
0.00577389
0.00604729
0.00654305
0.00723494
0.00771294
0.00763485
0.00725062
0.00707061
0.00726205
0.0076276
0.00791926
0.00802712
0.00804154
0.00444794
0.00454291
0.00476065
0.00493446
0.00514979
0.00546005
0.00575118
0.00593105
0.00613975
0.00655417
0.00719672
0.00771704
0.00773365
0.00737712
0.00713261
0.00724387
0.00756548
0.00785626
0.00801061
0.00809121
0.00463971
0.00472634
0.00493479
0.00508179
0.00524561
0.00554744
0.0058879
0.00608905
0.00625463
0.00659049
0.0071653
0.00769879
0.00780842
0.00751523
0.00723031
0.00725205
0.00751787
0.00780245
0.00798982
0.00813109
0.00483015
0.00490715
0.00510257
0.00523451
0.00535678
0.00563102
0.00600405
0.00624036
0.00638533
0.00665296
0.00715167
0.00767099
0.00785829
0.00764637
0.00735645
0.00729625
0.00749043
0.00776028
0.00797105
0.00816232
0.00501798
0.00508468
0.00526467
0.00538771
0.00548097
0.00571787
0.00610311
0.00637959
0.00652409
0.0067389
0.00716282
0.00764664
0.00788903
0.00776231
0.00749647
0.00737861
0.00749212
0.00773208
0.00795879
0.00818701
0.00520177
0.00525918
0.00542091
0.00553819
0.00561565
0.00581244
0.00619038
0.00650368
0.00666404
0.00684362
0.00720048
0.00763624
0.0079093
0.00786333
0.00763867
0.00749179
0.00753189
0.00772352
0.00795499
0.00821176
0.00538031
0.00542928
0.00557234
0.0056828
0.00575488
0.00591642
0.00627324
0.00661317
0.00680046
0.00696272
0.007264
0.00764793
0.00792908
0.00795189
0.00777899
0.00762484
0.00760988
0.0077444
0.00796535
0.00824157
0.00555213
0.00559604
0.00571985
0.00582083
0.00589308
0.00602776
0.00635569
0.00670944
0.00692813
0.0070908
0.00735095
0.00768603
0.00796049
0.00803475
0.00791794
0.00777189
0.00772063
0.00780112
0.00799635
0.00828149
0.00571544
0.00575616
0.00586279
0.00595297
0.00602835
0.0061447
0.00644102
0.00679648
0.00704532
0.00722169
0.00745558
0.00774886
0.00801155
0.00812354
0.00806137
0.00793633
0.00786379
0.00789814
0.00805654
0.0083369
0.00586867
0.00590544
0.00599985
0.00607816
0.00615737
0.00626468
0.00653152
0.00687657
0.0071508
0.00735308
0.00757724
0.00783747
0.00808314
0.00822177
0.00820963
0.00811677
0.00804028
0.00804148
0.00815983
0.00842142
0.00601191
0.00605044
0.00613104
0.00619362
0.00627401
0.00638042
0.006627
0.00695577
0.00724224
0.00747412
0.00771056
0.00795894
0.00819437
0.00834988
0.00837662
0.00831472
0.00824707
0.00822874
0.00830727
0.00853239
0.00614153
0.00618295
0.00625605
0.00630302
0.00637919
0.00648487
0.00671894
0.00703691
0.00733248
0.00758115
0.00782836
0.00808761
0.00834236
0.0085371
0.00861226
0.00858474
0.00853246
0.00850685
0.00855357
0.00873659
0.00625257
0.00629844
0.00637294
0.00640956
0.00648249
0.00658459
0.00679539
0.00709616
0.00741151
0.00769013
0.0079429
0.00819309
0.00846027
0.00870089
0.0088464
0.00887871
0.00886285
0.00884899
0.00887273
0.00901403
0.00635074
0.00639811
0.00647409
0.00650279
0.00657699
0.00668914
0.00688557
0.00714765
0.00745149
0.00778908
0.00812942
0.00845961
0.00877155
0.00904688
0.00924348
0.00933717
0.00934801
0.00932337
0.00929687
0.00932573
0.00642198
0.00647205
0.00653252
0.00656005
0.00663707
0.00675847
0.00696348
0.00719903
0.00742943
0.00763583
0.00789912
0.00832231
0.00885754
0.00934179
0.00971222
0.00998309
0.0102234
0.0105068
0.010828
0.011127
0.00652787
0.00657247
0.00665865
0.00668095
0.00674124
0.00681731
0.0069656
0.00720459
0.00756286
0.00802502
0.00850281
0.00891486
0.00926439
0.00956659
0.00985191
0.0101294
0.0103755
0.0106299
0.0108798
0.0110548
0.00648083
0.00647695
0.00660322
0.0067274
0.00686676
0.00703904
0.00727919
0.00754638
0.00784509
0.00816439
0.00845514
0.00873625
0.00908054
0.00945625
0.00983664
0.0102509
0.0107195
0.0111912
0.0115847
0.0118236
0.00658758
0.00668017
0.00681473
0.00690428
0.00702482
0.00719471
0.00741861
0.00767246
0.00796433
0.0082796
0.00865936
0.00905677
0.00942263
0.00974726
0.00996384
0.0100737
0.0100533
0.00993414
0.00979248
0.0097048
0.00646182
0.00650283
0.00676225
0.00699472
0.00717834
0.00734639
0.00755257
0.00778116
0.00805143
0.00833033
0.00864348
0.00899308
0.00933955
0.00970956
0.0100953
0.0104902
0.0109119
0.0113163
0.0116585
0.0118726
0.00653682
0.00662994
0.0069173
0.00714901
0.00732631
0.00749706
0.0077031
0.00791365
0.00817545
0.0084536
0.00876532
0.0091448
0.00952329
0.0098911
0.01025
0.0105828
0.0108749
0.0111173
0.0113093
0.0114017
0.024283
0.0181525
0.0105607
0.00505016
0.00365361
0.00476734
0.00617915
0.00722573
0.00795264
0.00852311
0.00906304
0.00953485
0.00990879
0.010305
0.010744
0.0110935
0.0113515
0.0116538
0.012023
0.0123842
0.012695
0.0129641
0.0132607
0.0136619
0.0141047
0.0144666
0.0147682
0.0151012
0.0154969
0.0159144
0.0163206
0.0167543
0.0172511
0.0177594
0.0182478
0.0187506
0.0192645
0.0197434
0.0201957
0.0206513
0.0211027
0.0215628
0.0220611
0.0226109
0.0231803
0.0237363
0.0242755
0.0248362
0.0254255
0.0260071
0.0265461
0.0270899
0.0276815
0.028278
0.0288513
0.029459
0.0301172
0.0307704
0.031436
0.0321386
0.0328924
0.0336609
0.0343805
0.0349938
0.0356196
0.0363534
0.0371926
0.0380275
0.0388331
0.0396521
0.0404851
0.0413042
0.042134
0.0429987
0.0438777
0.0447863
0.0456895
0.0466269
0.047573
0.0485695
0.0495736
0.0505903
0.0516359
0.05271
0.0538251
0.0549443
0.0560754
0.0572266
0.0583914
0.0596306
0.0608464
0.0620791
0.06331
0.0645613
0.0658153
0.067077
0.0683257
0.0694793
0.0704673
0.0713421
0.0235395
0.0180047
0.0106457
0.00520263
0.00374659
0.00481135
0.00620568
0.00724362
0.00796556
0.00853331
0.00907189
0.00954273
0.00991548
0.0103107
0.0107493
0.0110983
0.0113556
0.0116574
0.0120263
0.0123872
0.0126977
0.0129666
0.0132628
0.0136637
0.0141065
0.0144683
0.0147697
0.0151024
0.015498
0.0159155
0.0163216
0.0167552
0.0172519
0.0177602
0.0182485
0.0187513
0.0192652
0.0197442
0.0201964
0.020652
0.0211034
0.0215634
0.0220617
0.0226115
0.0231809
0.0237369
0.024276
0.0248367
0.025426
0.0260076
0.0265466
0.0270903
0.0276819
0.0282785
0.0288517
0.0294594
0.0301176
0.0307708
0.0314363
0.0321389
0.0328926
0.0336612
0.0343809
0.0349941
0.0356198
0.0363536
0.0371928
0.0380277
0.0388333
0.0396523
0.0404853
0.0413044
0.0421342
0.0429989
0.0438779
0.0447865
0.0456897
0.0466271
0.0475731
0.0485696
0.0495737
0.0505904
0.051636
0.0527102
0.0538252
0.0549444
0.0560755
0.0572268
0.0583915
0.0596307
0.0608465
0.0620792
0.0633101
0.0645614
0.0658154
0.0670771
0.0683258
0.0694794
0.0704673
0.071342
0.0228355
0.0178386
0.0108031
0.00547429
0.0039041
0.00486876
0.00623399
0.00726509
0.00798216
0.00854574
0.00908164
0.009551
0.00992259
0.0103168
0.0107547
0.0111031
0.0113597
0.011661
0.0120296
0.0123902
0.0127004
0.0129689
0.0132647
0.0136654
0.0141082
0.0144699
0.014771
0.0151036
0.0154991
0.0159165
0.0163225
0.0167559
0.0172527
0.017761
0.0182492
0.018752
0.0192659
0.0197448
0.020197
0.0206525
0.0211039
0.0215639
0.0220622
0.022612
0.0231814
0.0237374
0.0242765
0.0248372
0.0254264
0.0260081
0.026547
0.0270907
0.0276823
0.0282789
0.028852
0.0294597
0.0301179
0.0307711
0.0314366
0.0321391
0.0328929
0.0336615
0.0343812
0.0349944
0.03562
0.0363538
0.037193
0.0380279
0.0388335
0.0396524
0.0404855
0.0413045
0.0421343
0.042999
0.043878
0.0447866
0.0456898
0.0466272
0.0475733
0.0485697
0.0495739
0.0505905
0.0516361
0.0527103
0.0538253
0.0549445
0.0560756
0.0572269
0.0583916
0.0596308
0.0608466
0.0620793
0.0633102
0.0645615
0.0658155
0.0670771
0.0683259
0.0694794
0.0704674
0.071342
0.0221623
0.0176682
0.0110049
0.00581843
0.0041211
0.00495166
0.00627679
0.00729869
0.00800817
0.00856433
0.00909476
0.00956127
0.0099316
0.0103246
0.0107612
0.0111087
0.011365
0.011666
0.0120338
0.0123937
0.0127036
0.0129721
0.0132677
0.013668
0.0141104
0.0144718
0.0147728
0.0151052
0.0155004
0.0159176
0.0163235
0.0167568
0.0172536
0.0177618
0.0182499
0.0187526
0.0192666
0.0197455
0.0201976
0.0206531
0.0211045
0.0215644
0.0220627
0.0226125
0.023182
0.0237379
0.024277
0.0248376
0.0254269
0.0260085
0.0265475
0.0270911
0.0276827
0.0282793
0.0288524
0.02946
0.0301183
0.0307714
0.0314368
0.0321394
0.0328932
0.0336618
0.0343816
0.0349947
0.0356201
0.0363539
0.0371932
0.0380282
0.0388337
0.0396526
0.0404857
0.0413047
0.0421344
0.0429992
0.0438782
0.0447868
0.04569
0.0466273
0.0475734
0.0485698
0.049574
0.0505907
0.0516362
0.0527104
0.0538254
0.0549446
0.0560757
0.057227
0.0583916
0.0596309
0.0608467
0.0620794
0.0633103
0.0645616
0.0658156
0.0670772
0.068326
0.0694796
0.0704675
0.0713419
0.0214979
0.0174857
0.0112206
0.00618649
0.00436396
0.00504826
0.00632765
0.00734123
0.00804321
0.00859013
0.00911256
0.0095747
0.00994365
0.0103351
0.0107692
0.0111156
0.0113722
0.0116732
0.0120399
0.0123982
0.0127077
0.0129767
0.0132724
0.0136719
0.0141134
0.0144745
0.0147755
0.0151077
0.0155024
0.0159192
0.0163249
0.0167582
0.0172549
0.0177629
0.0182508
0.0187535
0.0192675
0.0197463
0.0201982
0.0206536
0.0211049
0.0215649
0.0220632
0.022613
0.0231825
0.0237384
0.0242776
0.0248382
0.0254274
0.0260091
0.026548
0.0270915
0.0276831
0.0282797
0.0288528
0.0294603
0.0301186
0.0307717
0.0314372
0.0321397
0.0328934
0.0336621
0.034382
0.034995
0.0356203
0.0363541
0.0371934
0.0380284
0.0388339
0.0396528
0.0404859
0.0413049
0.0421346
0.0429993
0.0438783
0.0447869
0.0456901
0.0466275
0.0475735
0.04857
0.0495741
0.0505908
0.0516363
0.0527105
0.0538255
0.0549447
0.0560758
0.0572271
0.0583917
0.059631
0.0608468
0.0620795
0.0633104
0.0645617
0.0658157
0.0670773
0.0683261
0.0694798
0.0704678
0.0713418
0.0208427
0.0172869
0.0114306
0.0065581
0.00461967
0.00515151
0.0063798
0.00738665
0.00808315
0.0086208
0.00913402
0.00959098
0.00995858
0.0103481
0.0107787
0.0111233
0.011381
0.0116828
0.0120478
0.0124039
0.0127128
0.0129829
0.0132792
0.0136776
0.0141175
0.0144782
0.0147797
0.0151118
0.0155055
0.0159213
0.0163268
0.0167602
0.0172567
0.0177644
0.0182521
0.0187546
0.0192686
0.0197473
0.020199
0.0206542
0.0211053
0.0215653
0.0220637
0.0226135
0.0231829
0.023739
0.0242782
0.0248389
0.025428
0.0260096
0.0265485
0.0270921
0.0276836
0.0282801
0.0288532
0.0294607
0.030119
0.0307721
0.0314375
0.03214
0.0328938
0.0336625
0.0343825
0.0349954
0.0356204
0.0363542
0.0371937
0.0380288
0.0388342
0.0396531
0.0404861
0.0413051
0.0421348
0.0429995
0.0438785
0.0447871
0.0456903
0.0466276
0.0475736
0.0485701
0.0495743
0.0505909
0.0516365
0.0527106
0.0538257
0.0549448
0.0560759
0.0572272
0.0583918
0.0596311
0.060847
0.0620796
0.0633105
0.0645618
0.0658158
0.0670775
0.0683263
0.0694801
0.0704684
0.0713418
0.0202038
0.0170699
0.0116252
0.00692731
0.00488722
0.00526204
0.00643251
0.00743315
0.00812623
0.00865496
0.00915828
0.00960948
0.00997562
0.0103629
0.0107892
0.0111318
0.011391
0.011694
0.0120574
0.0124108
0.012719
0.0129907
0.013288
0.0136847
0.0141223
0.0144829
0.0147856
0.0151178
0.01551
0.0159244
0.0163295
0.0167629
0.017259
0.0177662
0.0182536
0.0187561
0.01927
0.0197486
0.0202001
0.0206549
0.0211058
0.0215658
0.0220643
0.0226139
0.0231832
0.0237394
0.0242789
0.0248397
0.0254287
0.0260102
0.0265492
0.0270928
0.0276842
0.0282806
0.0288536
0.0294612
0.0301194
0.0307724
0.0314379
0.0321404
0.0328942
0.033663
0.0343831
0.0349958
0.0356206
0.0363544
0.037194
0.0380291
0.0388345
0.0396534
0.0404864
0.0413054
0.042135
0.0429997
0.0438787
0.0447873
0.0456905
0.0466278
0.0475738
0.0485702
0.0495744
0.050591
0.0516366
0.0527107
0.0538258
0.054945
0.0560761
0.0572273
0.0583919
0.0596312
0.0608471
0.0620797
0.0633106
0.0645619
0.0658159
0.0670776
0.0683266
0.0694805
0.0704691
0.0713419
0.0195871
0.0168335
0.0117985
0.00729251
0.00516941
0.00538383
0.00648743
0.00748063
0.00817203
0.00869233
0.00918509
0.00962981
0.00999419
0.010379
0.0108005
0.0111409
0.0114018
0.0117062
0.012068
0.0124185
0.012726
0.0129998
0.0132985
0.013693
0.0141276
0.0144881
0.0147928
0.0151257
0.0155161
0.0159286
0.0163332
0.0167666
0.017262
0.0177683
0.0182553
0.0187577
0.0192717
0.0197504
0.0202016
0.0206559
0.0211065
0.0215666
0.0220651
0.0226144
0.0231833
0.0237396
0.0242796
0.0248405
0.0254293
0.0260108
0.0265501
0.0270937
0.0276849
0.0282812
0.0288542
0.0294617
0.0301198
0.0307727
0.0314382
0.0321408
0.0328946
0.0336635
0.0343837
0.0349963
0.0356209
0.0363547
0.0371944
0.0380295
0.0388349
0.0396538
0.0404868
0.0413057
0.0421353
0.043
0.0438789
0.0447876
0.0456907
0.0466279
0.0475739
0.0485704
0.0495746
0.0505912
0.0516367
0.0527108
0.0538259
0.0549451
0.0560762
0.0572274
0.058392
0.0596314
0.0608472
0.0620799
0.0633108
0.064562
0.0658161
0.0670778
0.0683269
0.0694812
0.0704702
0.071342
0.0189963
0.0165791
0.0119485
0.00765367
0.00546893
0.00552036
0.00654574
0.0075284
0.00821984
0.00873266
0.00921429
0.00965169
0.010014
0.0103962
0.0108128
0.0111506
0.0114132
0.0117191
0.0120793
0.0124268
0.0127337
0.0130099
0.01331
0.013702
0.0141332
0.0144936
0.0148008
0.0151347
0.0155235
0.015934
0.016338
0.0167711
0.0172657
0.0177709
0.0182573
0.0187595
0.0192734
0.0197523
0.0202036
0.0206574
0.0211075
0.0215677
0.0220663
0.0226151
0.0231833
0.0237396
0.0242802
0.0248414
0.0254299
0.0260113
0.026551
0.0270949
0.0276858
0.0282819
0.028855
0.0294625
0.0301203
0.030773
0.0314386
0.0321412
0.0328949
0.033664
0.0343844
0.0349969
0.0356212
0.036355
0.0371949
0.03803
0.0388353
0.0396542
0.0404872
0.0413061
0.0421357
0.0430003
0.0438793
0.0447879
0.045691
0.0466282
0.0475742
0.0485706
0.0495748
0.0505913
0.0516369
0.0527109
0.0538261
0.0549453
0.0560763
0.0572276
0.0583921
0.0596315
0.0608474
0.06208
0.063311
0.0645622
0.0658164
0.0670781
0.0683273
0.0694821
0.0704716
0.0713423
0.0184339
0.0163126
0.0120763
0.00800926
0.00578493
0.00567285
0.00660765
0.00757535
0.00826875
0.0087757
0.00924586
0.00967506
0.0100348
0.0104144
0.0108258
0.0111609
0.0114251
0.0117327
0.0120913
0.0124357
0.0127418
0.0130206
0.0133223
0.0137117
0.014139
0.0144991
0.014809
0.0151443
0.0155317
0.0159402
0.0163437
0.0167766
0.0172699
0.0177738
0.0182595
0.0187612
0.0192749
0.0197541
0.0202057
0.0206592
0.021109
0.0215693
0.022068
0.0226161
0.0231834
0.0237396
0.0242808
0.0248422
0.0254303
0.0260117
0.026552
0.0270962
0.0276868
0.0282827
0.0288561
0.0294636
0.030121
0.0307734
0.0314389
0.0321414
0.0328951
0.0336644
0.0343852
0.0349976
0.0356216
0.0363555
0.0371954
0.0380304
0.0388358
0.0396547
0.0404877
0.0413066
0.0421362
0.0430008
0.0438797
0.0447883
0.0456914
0.0466285
0.0475744
0.0485709
0.049575
0.0505915
0.0516371
0.0527111
0.0538262
0.0549454
0.0560765
0.0572277
0.0583923
0.0596316
0.0608476
0.0620802
0.0633111
0.0645623
0.0658167
0.0670784
0.0683278
0.0694834
0.0704735
0.0713427
0.0179024
0.0160419
0.0121826
0.0083538
0.00611247
0.00584115
0.00667391
0.00762111
0.00831804
0.00882121
0.00927987
0.00969995
0.0100566
0.0104334
0.0108394
0.0111715
0.0114374
0.0117468
0.0121039
0.012445
0.0127503
0.0130316
0.0133351
0.0137219
0.0141451
0.0145048
0.0148175
0.0151543
0.0155403
0.015947
0.0163501
0.0167827
0.0172747
0.0177771
0.018262
0.0187631
0.0192763
0.0197557
0.0202077
0.0206613
0.0211109
0.0215714
0.0220702
0.0226175
0.0231836
0.0237396
0.0242814
0.0248429
0.0254305
0.0260118
0.0265529
0.0270977
0.0276879
0.0282836
0.0288574
0.0294649
0.030122
0.0307741
0.0314394
0.0321416
0.032895
0.0336645
0.0343858
0.0349984
0.0356222
0.0363561
0.0371959
0.0380309
0.0388362
0.0396551
0.0404882
0.0413072
0.0421367
0.0430013
0.0438802
0.0447889
0.0456919
0.046629
0.0475748
0.0485712
0.0495753
0.0505918
0.0516373
0.0527113
0.0538264
0.0549456
0.0560766
0.0572279
0.0583924
0.0596318
0.0608478
0.0620804
0.0633113
0.0645625
0.065817
0.0670788
0.0683284
0.069485
0.070476
0.0713432
0.017404
0.0157735
0.0122664
0.00867979
0.00644556
0.00602543
0.00674634
0.00766572
0.00836669
0.00886859
0.00931632
0.00972649
0.0100794
0.0104529
0.0108534
0.0111824
0.01145
0.0117615
0.0121171
0.012455
0.0127592
0.013043
0.0133484
0.0137325
0.0141516
0.0145108
0.0148262
0.0151644
0.015549
0.0159541
0.0163569
0.0167893
0.0172799
0.0177807
0.0182647
0.018765
0.0192776
0.0197571
0.0202096
0.0206634
0.0211131
0.0215739
0.0220728
0.0226193
0.0231841
0.0237397
0.0242821
0.0248436
0.0254305
0.0260116
0.0265536
0.027099
0.0276891
0.0282846
0.0288588
0.0294665
0.0301232
0.0307751
0.0314402
0.0321419
0.0328947
0.0336641
0.034386
0.034999
0.035623
0.0363569
0.0371967
0.0380314
0.0388367
0.0396555
0.0404886
0.0413077
0.0421374
0.0430019
0.0438807
0.0447895
0.0456925
0.0466296
0.0475754
0.0485718
0.0495758
0.0505921
0.0516376
0.0527115
0.0538266
0.0549458
0.0560768
0.057228
0.0583925
0.0596319
0.060848
0.0620806
0.0633116
0.0645626
0.0658174
0.0670793
0.068329
0.069487
0.070479
0.071344
0.016938
0.0155102
0.0123264
0.00898143
0.00677937
0.00622591
0.00682658
0.00770895
0.00841333
0.00891699
0.00935526
0.00975504
0.0101031
0.0104729
0.0108675
0.0111934
0.0114629
0.0117766
0.0121309
0.0124655
0.0127686
0.0130547
0.0133621
0.0137437
0.0141585
0.0145172
0.0148352
0.0151748
0.0155579
0.0159613
0.016364
0.0167964
0.0172855
0.0177845
0.0182676
0.0187671
0.0192788
0.0197583
0.0202113
0.0206654
0.0211154
0.0215767
0.0220759
0.0226214
0.0231849
0.02374
0.0242828
0.0248444
0.0254304
0.0260112
0.0265542
0.0271003
0.0276901
0.0282855
0.0288602
0.0294683
0.0301247
0.0307764
0.0314414
0.0321424
0.0328941
0.0336631
0.0343856
0.0349993
0.0356237
0.0363581
0.0371978
0.038032
0.0388371
0.0396559
0.0404889
0.0413082
0.042138
0.0430025
0.0438814
0.0447902
0.0456933
0.0466304
0.0475761
0.0485724
0.0495763
0.0505926
0.0516381
0.0527118
0.0538269
0.0549461
0.056077
0.0572282
0.0583927
0.0596321
0.0608482
0.0620808
0.0633118
0.0645628
0.0658179
0.0670798
0.0683298
0.0694894
0.0704826
0.0713451
0.0164998
0.015253
0.0123639
0.00925605
0.00710984
0.00644177
0.00691574
0.00775082
0.0084569
0.00896571
0.0093969
0.00978616
0.0101284
0.0104935
0.0108818
0.0112044
0.0114758
0.0117921
0.0121454
0.0124767
0.0127784
0.0130669
0.0133761
0.0137552
0.0141658
0.0145239
0.0148447
0.0151856
0.015567
0.0159687
0.0163715
0.0168039
0.0172916
0.0177887
0.0182708
0.0187693
0.01928
0.0197594
0.0202129
0.0206675
0.0211178
0.0215798
0.0220792
0.0226238
0.0231858
0.0237405
0.0242837
0.0248452
0.0254302
0.0260106
0.0265545
0.0271016
0.0276911
0.0282863
0.0288617
0.0294701
0.0301262
0.030778
0.031443
0.0321432
0.0328936
0.0336617
0.0343845
0.0349989
0.0356241
0.0363594
0.0371992
0.038033
0.0388377
0.0396561
0.0404891
0.0413086
0.0421385
0.043003
0.043882
0.0447909
0.045694
0.0466312
0.047577
0.0485733
0.0495771
0.0505933
0.0516386
0.0527121
0.0538273
0.0549465
0.0560773
0.0572284
0.0583928
0.0596322
0.0608484
0.0620811
0.0633122
0.064563
0.0658185
0.0670804
0.0683306
0.0694923
0.0704868
0.0713464
0.0160834
0.0150028
0.0123826
0.00950271
0.00743271
0.00667143
0.00701546
0.00779254
0.0084971
0.00901413
0.00944127
0.00982034
0.0101556
0.010515
0.0108964
0.0112155
0.011489
0.011808
0.0121604
0.0124885
0.0127888
0.0130794
0.0133906
0.0137673
0.0141735
0.0145311
0.0148546
0.0151967
0.0155764
0.0159763
0.0163794
0.016812
0.0172981
0.0177933
0.0182742
0.0187717
0.0192813
0.0197604
0.0202145
0.0206695
0.0211203
0.0215831
0.0220829
0.0226265
0.0231869
0.023741
0.0242847
0.0248461
0.0254301
0.02601
0.0265548
0.0271027
0.027692
0.0282871
0.0288631
0.0294718
0.0301278
0.0307796
0.0314449
0.0321444
0.032893
0.0336599
0.0343827
0.0349979
0.035624
0.0363606
0.0372009
0.0380342
0.0388384
0.0396564
0.0404891
0.0413088
0.0421389
0.0430036
0.0438827
0.0447916
0.0456948
0.0466321
0.047578
0.0485743
0.049578
0.0505942
0.0516393
0.0527126
0.0538277
0.0549469
0.0560777
0.0572287
0.0583929
0.0596322
0.0608486
0.0620813
0.0633125
0.0645632
0.0658191
0.0670811
0.0683316
0.0694956
0.0704916
0.0713479
0.0156837
0.0147604
0.0123871
0.00972081
0.0077438
0.00691375
0.00712852
0.00783639
0.00853398
0.00906137
0.00948805
0.0098579
0.0101852
0.0105377
0.0109115
0.0112268
0.0115026
0.0118246
0.0121763
0.012501
0.0127997
0.0130924
0.0134056
0.0137799
0.0141818
0.0145387
0.014865
0.0152083
0.0155862
0.0159845
0.0163879
0.0168207
0.017305
0.0177982
0.0182779
0.0187743
0.0192826
0.0197614
0.0202162
0.0206716
0.0211229
0.0215868
0.022087
0.0226295
0.0231882
0.0237417
0.0242859
0.0248471
0.0254299
0.0260092
0.0265551
0.0271038
0.027693
0.0282879
0.0288646
0.0294737
0.0301293
0.0307812
0.0314468
0.0321457
0.0328923
0.0336576
0.0343801
0.0349962
0.0356235
0.0363616
0.0372027
0.0380356
0.0388392
0.0396567
0.0404891
0.0413088
0.0421393
0.0430041
0.0438833
0.0447923
0.0456955
0.0466329
0.047579
0.0485755
0.0495791
0.0505952
0.0516403
0.0527132
0.0538281
0.0549474
0.0560783
0.0572291
0.0583931
0.0596321
0.0608487
0.0620816
0.0633129
0.0645635
0.0658197
0.0670819
0.0683326
0.0694992
0.070497
0.0713496
0.0152974
0.0145253
0.0123808
0.00991066
0.00803996
0.00716784
0.00725791
0.00788491
0.00856771
0.00910646
0.00953666
0.00989899
0.0102176
0.010562
0.0109273
0.0112385
0.0115166
0.011842
0.0121929
0.0125141
0.0128111
0.0131058
0.0134212
0.0137932
0.0141905
0.0145467
0.0148758
0.0152204
0.0155965
0.0159932
0.016397
0.01683
0.0173125
0.0178034
0.018282
0.0187771
0.0192841
0.0197625
0.0202179
0.0206737
0.0211257
0.0215907
0.0220914
0.0226328
0.0231897
0.0237425
0.0242872
0.0248483
0.0254298
0.0260085
0.0265552
0.0271049
0.0276939
0.0282887
0.0288661
0.0294755
0.0301308
0.0307828
0.0314488
0.0321471
0.0328917
0.033655
0.034377
0.034994
0.0356227
0.0363623
0.0372044
0.0380371
0.0388401
0.039657
0.040489
0.0413089
0.0421395
0.0430045
0.0438839
0.044793
0.0456962
0.0466336
0.0475801
0.0485767
0.0495802
0.0505964
0.0516414
0.0527139
0.0538286
0.0549479
0.0560789
0.0572296
0.0583934
0.059632
0.0608487
0.0620817
0.0633133
0.0645638
0.0658205
0.0670828
0.0683337
0.0695032
0.070503
0.0713516
0.0149231
0.0142956
0.0123664
0.0100745
0.00831902
0.00743176
0.00740577
0.00794066
0.00859893
0.00914859
0.00958625
0.00994342
0.0102531
0.0105881
0.0109439
0.0112506
0.0115312
0.0118602
0.0122105
0.012528
0.0128229
0.0131197
0.0134375
0.013807
0.0141998
0.014555
0.014887
0.0152331
0.0156075
0.0160027
0.016407
0.0168401
0.0173206
0.0178091
0.0182864
0.0187802
0.0192856
0.0197637
0.0202197
0.020676
0.0211287
0.021595
0.0220963
0.0226364
0.0231913
0.0237434
0.0242886
0.0248496
0.0254298
0.0260078
0.0265554
0.0271061
0.0276949
0.0282895
0.0288677
0.0294775
0.0301324
0.0307844
0.0314508
0.0321486
0.0328911
0.0336521
0.0343734
0.0349916
0.035622
0.0363631
0.037206
0.0380385
0.038841
0.0396573
0.0404889
0.0413089
0.0421398
0.0430049
0.0438846
0.0447938
0.0456968
0.0466343
0.0475811
0.0485779
0.0495814
0.0505977
0.0516427
0.0527148
0.0538291
0.0549484
0.0560795
0.0572303
0.0583939
0.0596319
0.0608487
0.0620819
0.0633138
0.0645642
0.0658213
0.0670838
0.0683348
0.0695075
0.0705094
0.0713539
0.014561
0.0140689
0.0123463
0.0102158
0.00857896
0.00770192
0.00757326
0.00800645
0.00862887
0.00918716
0.00963574
0.0099907
0.0102918
0.0106164
0.0109617
0.0112634
0.0115463
0.0118792
0.012229
0.0125426
0.0128353
0.0131342
0.0134544
0.0138216
0.0142094
0.0145637
0.0148985
0.0152463
0.0156193
0.0160131
0.0164179
0.0168509
0.0173291
0.0178152
0.0182912
0.0187836
0.0192874
0.019765
0.0202216
0.0206784
0.0211319
0.0215997
0.0221015
0.0226402
0.023193
0.0237443
0.0242901
0.0248511
0.0254299
0.026007
0.0265556
0.0271073
0.027696
0.0282904
0.0288694
0.0294796
0.0301342
0.030786
0.0314528
0.0321502
0.0328906
0.0336492
0.0343694
0.0349893
0.0356219
0.0363641
0.0372075
0.0380398
0.0388419
0.0396575
0.0404888
0.0413089
0.0421402
0.0430055
0.0438854
0.0447945
0.0456975
0.046635
0.0475821
0.0485792
0.0495826
0.050599
0.051644
0.0527158
0.0538297
0.0549488
0.0560802
0.0572311
0.0583944
0.0596319
0.0608486
0.0620819
0.0633142
0.0645646
0.0658223
0.067085
0.0683361
0.069512
0.0705162
0.0713563
0.0142125
0.0138437
0.0123224
0.010338
0.0088174
0.00797388
0.00776066
0.00808516
0.00865924
0.00922173
0.00968395
0.0100402
0.0103338
0.0106472
0.0109807
0.0112768
0.0115622
0.0118992
0.0122486
0.0125581
0.0128484
0.0131494
0.013472
0.0138368
0.0142195
0.0145727
0.0149106
0.0152602
0.0156319
0.0160244
0.0164295
0.0168624
0.0173382
0.0178217
0.0182963
0.0187873
0.0192894
0.0197665
0.0202237
0.020681
0.0211354
0.0216048
0.0221071
0.0226443
0.0231948
0.0237452
0.0242917
0.0248527
0.02543
0.0260063
0.0265558
0.0271086
0.0276971
0.0282913
0.0288712
0.0294819
0.030136
0.0307877
0.0314548
0.0321519
0.0328903
0.0336461
0.0343654
0.0349875
0.0356228
0.0363658
0.0372089
0.0380407
0.0388425
0.0396577
0.0404887
0.0413091
0.0421407
0.0430062
0.0438862
0.0447954
0.0456983
0.0466358
0.0475831
0.0485804
0.0495838
0.0506003
0.0516455
0.0527169
0.0538303
0.0549492
0.0560809
0.057232
0.0583951
0.0596318
0.0608484
0.0620818
0.0633147
0.0645651
0.0658233
0.0670863
0.0683376
0.0695167
0.0705233
0.071359
0.0138787
0.0136196
0.0122959
0.0104441
0.0090323
0.00824311
0.00796711
0.00817922
0.00869204
0.00925233
0.00972991
0.0100912
0.0103789
0.0106807
0.0110014
0.0112909
0.0115787
0.0119202
0.0122693
0.0125746
0.0128622
0.0131652
0.0134904
0.0138526
0.0142301
0.0145821
0.0149231
0.0152748
0.0156452
0.0160364
0.0164419
0.0168746
0.0173478
0.0178286
0.0183017
0.0187912
0.0192916
0.0197681
0.020226
0.0206837
0.0211391
0.0216101
0.022113
0.0226487
0.0231967
0.0237462
0.0242934
0.0248545
0.0254302
0.0260055
0.026556
0.02711
0.0276983
0.0282924
0.0288731
0.0294842
0.030138
0.0307894
0.0314568
0.0321537
0.0328902
0.0336431
0.0343615
0.0349863
0.035625
0.0363683
0.0372103
0.0380414
0.038843
0.0396578
0.0404886
0.0413093
0.0421414
0.0430071
0.0438871
0.0447962
0.0456992
0.0466368
0.0475842
0.0485816
0.049585
0.0506016
0.0516469
0.0527182
0.053831
0.0549496
0.0560815
0.0572329
0.0583959
0.0596319
0.0608482
0.0620818
0.0633151
0.0645656
0.0658243
0.0670877
0.0683392
0.0695216
0.0705308
0.071362
0.0135601
0.0133958
0.012268
0.0105375
0.00922289
0.00850511
0.0081903
0.00829046
0.00872966
0.00927975
0.00977295
0.0101427
0.0104267
0.0107171
0.0110241
0.0113062
0.011596
0.0119421
0.012291
0.0125919
0.0128766
0.0131816
0.0135096
0.0138693
0.0142413
0.0145919
0.0149362
0.0152901
0.0156593
0.016049
0.0164549
0.0168873
0.0173579
0.0178358
0.0183074
0.0187953
0.019294
0.01977
0.0202284
0.0206866
0.021143
0.0216157
0.0221191
0.0226532
0.0231987
0.0237472
0.0242952
0.0248563
0.0254305
0.0260048
0.0265563
0.0271115
0.0276997
0.0282936
0.0288751
0.0294868
0.0301401
0.0307913
0.031459
0.0321556
0.0328902
0.0336402
0.0343578
0.0349859
0.0356284
0.0363718
0.0372118
0.0380418
0.0388433
0.0396579
0.0404885
0.0413096
0.0421422
0.0430081
0.0438881
0.0447971
0.0457002
0.0466379
0.0475854
0.0485828
0.0495863
0.050603
0.0516484
0.0527195
0.0538318
0.0549501
0.0560822
0.0572339
0.0583968
0.059632
0.0608479
0.0620817
0.0633155
0.0645661
0.0658254
0.0670893
0.068341
0.0695267
0.0705386
0.0713652
0.0132565
0.0131695
0.0122384
0.0106233
0.00938993
0.00875528
0.00842679
0.00842022
0.00877471
0.00930534
0.00981258
0.0101938
0.0104768
0.0107564
0.011049
0.0113228
0.0116143
0.011965
0.0123138
0.0126101
0.0128917
0.0131988
0.0135296
0.0138867
0.0142531
0.0146024
0.01495
0.0153061
0.015674
0.0160622
0.0164684
0.0169007
0.0173685
0.0178434
0.0183134
0.0187998
0.0192966
0.0197721
0.020231
0.0206897
0.021147
0.0216214
0.0221255
0.0226579
0.0232008
0.0237483
0.0242971
0.0248583
0.0254309
0.0260041
0.0265565
0.0271131
0.0277012
0.028295
0.0288773
0.0294895
0.0301424
0.0307933
0.0314612
0.0321574
0.0328903
0.0336374
0.0343542
0.0349861
0.035633
0.0363761
0.0372134
0.0380421
0.0388435
0.039658
0.0404885
0.0413099
0.0421432
0.0430093
0.0438892
0.044798
0.0457013
0.0466393
0.0475868
0.0485841
0.0495875
0.0506044
0.05165
0.0527209
0.0538326
0.0549505
0.0560829
0.0572349
0.0583977
0.0596323
0.0608477
0.0620816
0.063316
0.0645667
0.0658266
0.067091
0.0683429
0.069532
0.0705467
0.0713687
0.0129702
0.0129368
0.0122045
0.0107069
0.00953565
0.00898909
0.00867293
0.00856925
0.0088293
0.00933075
0.00984874
0.0102435
0.0105284
0.0107984
0.0110764
0.0113411
0.0116336
0.011989
0.0123377
0.0126292
0.0129075
0.0132167
0.0135505
0.013905
0.0142656
0.0146134
0.0149645
0.0153229
0.0156894
0.0160758
0.0164823
0.0169145
0.0173795
0.0178514
0.0183197
0.0188046
0.0192996
0.0197745
0.0202338
0.0206929
0.0211512
0.0216272
0.022132
0.0226628
0.0232031
0.0237495
0.024299
0.0248604
0.0254313
0.0260034
0.0265569
0.0271148
0.0277029
0.0282964
0.0288797
0.0294925
0.0301448
0.0307954
0.0314634
0.0321593
0.0328905
0.0336346
0.0343509
0.0349869
0.0356385
0.036381
0.0372152
0.0380422
0.0388436
0.039658
0.0404884
0.0413103
0.0421442
0.0430106
0.0438904
0.0447989
0.0457025
0.0466409
0.0475884
0.0485854
0.0495888
0.0506058
0.0516517
0.0527224
0.0538335
0.054951
0.0560836
0.0572359
0.0583988
0.0596326
0.0608475
0.0620815
0.0633165
0.0645673
0.0658279
0.0670928
0.0683451
0.0695375
0.0705552
0.0713725
0.012708
0.012697
0.0121599
0.0107925
0.00966421
0.00920251
0.00892486
0.00873775
0.0088949
0.00935773
0.00988214
0.0102911
0.0105807
0.0108428
0.0111063
0.0113613
0.0116544
0.012014
0.0123627
0.0126492
0.012924
0.0132353
0.0135723
0.0139242
0.0142787
0.014625
0.0149796
0.0153404
0.0157053
0.0160897
0.0164967
0.0169289
0.0173911
0.0178597
0.0183262
0.0188096
0.0193028
0.0197771
0.0202369
0.0206964
0.0211555
0.0216331
0.0221388
0.0226679
0.0232054
0.0237507
0.0243011
0.0248626
0.0254318
0.0260027
0.0265573
0.0271166
0.0277047
0.0282981
0.0288821
0.0294956
0.0301474
0.0307976
0.0314657
0.0321612
0.0328908
0.0336321
0.0343476
0.034988
0.0356444
0.0363863
0.037217
0.0380423
0.0388436
0.0396579
0.0404884
0.0413108
0.0421453
0.043012
0.0438916
0.0447998
0.0457038
0.0466427
0.0475902
0.0485867
0.0495901
0.0506073
0.0516534
0.052724
0.0538345
0.0549516
0.0560844
0.0572369
0.0584
0.0596329
0.0608473
0.0620814
0.0633171
0.0645679
0.0658292
0.0670947
0.0683474
0.0695431
0.070564
0.0713766
0.0124764
0.0124566
0.0120974
0.0108804
0.0097823
0.0093925
0.00917739
0.0089257
0.00897301
0.00938785
0.00991422
0.0103363
0.0106325
0.0108891
0.0111386
0.0113836
0.0116769
0.0120405
0.0123888
0.0126701
0.012941
0.0132545
0.013595
0.0139444
0.0142927
0.0146373
0.0149956
0.0153587
0.0157217
0.0161041
0.0165114
0.0169438
0.0174031
0.0178683
0.0183331
0.018815
0.0193064
0.01978
0.0202402
0.0207
0.0211599
0.0216392
0.0221457
0.0226732
0.0232079
0.0237521
0.0243032
0.024865
0.0254325
0.026002
0.0265577
0.0271186
0.0277066
0.0282998
0.0288848
0.0294988
0.0301501
0.0307999
0.0314681
0.0321632
0.0328911
0.0336295
0.0343445
0.0349894
0.0356506
0.0363919
0.037219
0.0380423
0.0388437
0.0396579
0.0404883
0.0413113
0.0421464
0.0430134
0.0438929
0.0448008
0.0457051
0.0466446
0.0475921
0.0485881
0.0495914
0.0506089
0.0516552
0.0527257
0.0538356
0.0549523
0.0560851
0.057238
0.0584012
0.0596333
0.0608472
0.0620814
0.0633177
0.0645686
0.0658305
0.0670968
0.0683498
0.0695491
0.0705733
0.0713811
0.0122751
0.0122269
0.0120125
0.0109667
0.00989832
0.00955857
0.00942327
0.00913247
0.00906558
0.00942199
0.0099467
0.0103795
0.0106828
0.0109365
0.0111732
0.0114081
0.0117014
0.0120686
0.0124162
0.0126918
0.0129587
0.0132743
0.0136186
0.0139656
0.0143075
0.0146503
0.0150122
0.0153778
0.0157389
0.0161188
0.0165265
0.0169592
0.0174157
0.0178774
0.0183403
0.0188207
0.0193103
0.0197833
0.0202439
0.0207039
0.0211644
0.0216453
0.0221527
0.0226787
0.0232105
0.0237534
0.0243055
0.0248676
0.0254332
0.0260014
0.0265582
0.0271207
0.0277087
0.0283016
0.0288875
0.0295022
0.0301529
0.0308023
0.0314705
0.0321652
0.0328914
0.0336271
0.0343414
0.0349908
0.0356569
0.0363975
0.037221
0.0380423
0.0388437
0.039658
0.0404883
0.0413118
0.0421476
0.0430149
0.0438942
0.0448019
0.0457066
0.0466466
0.0475941
0.0485896
0.0495928
0.0506106
0.0516572
0.0527274
0.0538368
0.054953
0.056086
0.0572392
0.0584025
0.0596337
0.0608471
0.0620814
0.0633184
0.0645694
0.0658319
0.067099
0.0683525
0.0695552
0.0705829
0.0713859
0.0120958
0.0120186
0.0119067
0.0110433
0.0100194
0.00970447
0.00965455
0.00935537
0.00917526
0.00946042
0.00998077
0.0104221
0.010731
0.0109838
0.0112099
0.0114348
0.0117278
0.0120987
0.012445
0.0127145
0.0129771
0.0132947
0.013643
0.0139879
0.0143232
0.014664
0.0150296
0.0153977
0.0157566
0.0161339
0.0165419
0.0169751
0.0174288
0.0178868
0.0183479
0.0188268
0.0193145
0.0197869
0.0202478
0.020708
0.0211691
0.0216515
0.02216
0.0226845
0.0232133
0.0237549
0.024308
0.0248704
0.0254341
0.0260007
0.0265587
0.027123
0.0277109
0.0283034
0.0288903
0.0295058
0.0301559
0.0308047
0.0314729
0.0321672
0.0328917
0.0336246
0.0343385
0.0349923
0.0356631
0.0364032
0.0372231
0.0380424
0.0388437
0.039658
0.0404883
0.0413123
0.0421488
0.0430164
0.0438955
0.044803
0.0457081
0.0466487
0.0475961
0.0485911
0.0495943
0.0506123
0.0516592
0.0527293
0.053838
0.0549537
0.0560868
0.0572404
0.0584039
0.0596342
0.0608471
0.0620815
0.0633191
0.0645702
0.0658334
0.0671015
0.0683553
0.0695615
0.0705929
0.0713911
0.0119283
0.0118367
0.0117878
0.0111018
0.0101471
0.00983851
0.0098655
0.00958811
0.009305
0.00950429
0.0100163
0.0104662
0.0107771
0.0110295
0.0112481
0.011464
0.0117562
0.0121307
0.0124756
0.0127382
0.0129961
0.0133159
0.0136683
0.0140112
0.0143398
0.0146784
0.0150478
0.0154184
0.0157751
0.0161494
0.0165577
0.0169915
0.0174425
0.0178966
0.0183557
0.0188333
0.0193192
0.0197908
0.0202521
0.0207123
0.0211739
0.0216579
0.0221674
0.0226904
0.0232162
0.0237564
0.0243105
0.0248733
0.0254351
0.0260002
0.0265593
0.0271254
0.0277132
0.0283053
0.0288932
0.0295094
0.0301589
0.0308072
0.0314754
0.0321693
0.032892
0.0336223
0.0343356
0.0349938
0.0356693
0.0364088
0.0372252
0.0380425
0.0388438
0.0396581
0.0404884
0.0413129
0.0421501
0.0430179
0.0438969
0.0448042
0.0457097
0.0466509
0.0475983
0.0485927
0.0495958
0.0506141
0.0516613
0.0527311
0.0538392
0.0549545
0.0560878
0.0572416
0.0584053
0.0596346
0.0608471
0.0620816
0.0633199
0.0645711
0.065835
0.0671041
0.0683584
0.0695681
0.0706033
0.0713967
0.0117654
0.01168
0.0116658
0.0111367
0.0102757
0.00997068
0.0100561
0.00982121
0.00945588
0.00955664
0.0100522
0.0105135
0.0108227
0.0110723
0.0112867
0.0114957
0.0117867
0.0121646
0.0125083
0.0127633
0.0130156
0.0133378
0.0136946
0.0140353
0.0143574
0.0146938
0.0150668
0.01544
0.0157943
0.0161654
0.016574
0.0170085
0.0174568
0.017907
0.018364
0.0188401
0.0193243
0.0197952
0.0202567
0.020717
0.0211788
0.0216643
0.0221751
0.0226966
0.0232193
0.0237581
0.0243132
0.0248765
0.0254363
0.0259996
0.02656
0.0271279
0.0277156
0.0283073
0.0288962
0.0295132
0.030162
0.0308097
0.031478
0.0321714
0.0328924
0.03362
0.0343328
0.0349953
0.0356754
0.0364144
0.0372274
0.0380427
0.0388439
0.0396582
0.0404885
0.0413135
0.0421514
0.0430194
0.0438983
0.0448054
0.0457113
0.0466531
0.0476005
0.0485945
0.0495975
0.050616
0.0516634
0.0527331
0.0538405
0.0549554
0.0560887
0.0572429
0.0584067
0.0596351
0.0608471
0.0620818
0.0633208
0.0645721
0.0658366
0.0671069
0.0683617
0.0695749
0.0706141
0.0714028
0.0116047
0.0115447
0.0115493
0.0111495
0.010395
0.0101066
0.0102321
0.0100456
0.00962485
0.0096223
0.0100878
0.0105637
0.0108704
0.0111121
0.0113239
0.0115294
0.0118197
0.0122003
0.0125429
0.0127903
0.013036
0.0133602
0.0137219
0.0140605
0.0143758
0.01471
0.0150868
0.0154624
0.0158141
0.0161819
0.0165907
0.017026
0.0174716
0.0179178
0.0183726
0.0188474
0.0193298
0.0197999
0.0202617
0.0207219
0.021184
0.0216709
0.022183
0.022703
0.0232225
0.0237598
0.0243161
0.0248799
0.0254376
0.0259991
0.0265608
0.0271306
0.0277182
0.0283093
0.0288993
0.0295172
0.0301653
0.0308123
0.0314806
0.0321736
0.0328927
0.0336177
0.0343302
0.0349968
0.0356813
0.0364199
0.0372296
0.0380429
0.0388441
0.0396584
0.0404886
0.0413142
0.0421527
0.043021
0.0438998
0.0448067
0.0457131
0.0466554
0.0476027
0.0485962
0.0495991
0.050618
0.0516657
0.0527351
0.0538419
0.0549563
0.0560898
0.0572442
0.0584082
0.0596356
0.0608472
0.062082
0.0633217
0.0645731
0.0658384
0.0671099
0.0683652
0.0695819
0.0706253
0.0714093
0.0114442
0.0114274
0.0114427
0.0111475
0.0104981
0.0102424
0.0104015
0.010258
0.00980409
0.00970506
0.0101257
0.0106146
0.0109225
0.0111504
0.0113578
0.0115643
0.0118556
0.0122382
0.0125792
0.0128191
0.0130577
0.0133831
0.0137502
0.014087
0.0143948
0.014727
0.0151078
0.0154859
0.0158346
0.0161988
0.0166078
0.0170442
0.017487
0.017929
0.0183817
0.018855
0.0193358
0.0198051
0.0202671
0.0207272
0.0211893
0.0216777
0.0221911
0.0227097
0.0232259
0.0237616
0.0243191
0.0248835
0.025439
0.0259987
0.0265616
0.0271335
0.0277209
0.0283113
0.0289024
0.0295212
0.0301686
0.0308149
0.0314833
0.0321758
0.0328931
0.0336156
0.0343277
0.0349984
0.0356871
0.0364254
0.037232
0.0380432
0.0388444
0.0396587
0.0404887
0.0413149
0.0421541
0.0430227
0.0439013
0.0448081
0.0457149
0.0466578
0.047605
0.0485981
0.0496009
0.05062
0.051668
0.0527371
0.0538433
0.0549573
0.0560909
0.0572456
0.0584097
0.0596361
0.0608472
0.0620823
0.0633226
0.0645743
0.0658402
0.0671132
0.068369
0.0695892
0.0706369
0.0714163
0.0112784
0.0113252
0.0113468
0.0111381
0.0105852
0.0103688
0.0105694
0.010463
0.00998401
0.0098039
0.010171
0.0106646
0.010979
0.01119
0.0113881
0.0115983
0.011894
0.0122787
0.0126173
0.0128495
0.0130811
0.013407
0.0137793
0.0141147
0.0144147
0.0147444
0.0151298
0.0155105
0.0158559
0.0162161
0.0166254
0.017063
0.0175031
0.0179408
0.0183913
0.0188632
0.0193422
0.0198107
0.020273
0.0207327
0.0211948
0.0216846
0.0221994
0.0227167
0.0232295
0.0237635
0.0243222
0.0248874
0.0254407
0.0259983
0.0265625
0.0271365
0.0277237
0.0283133
0.0289056
0.0295255
0.030172
0.0308176
0.031486
0.0321781
0.0328936
0.0336135
0.0343253
0.0349999
0.0356928
0.0364308
0.0372344
0.0380436
0.0388447
0.039659
0.0404889
0.0413156
0.0421556
0.0430243
0.0439029
0.0448095
0.0457168
0.0466603
0.0476074
0.0486
0.0496027
0.0506221
0.0516704
0.0527392
0.0538448
0.0549583
0.056092
0.057247
0.0584113
0.0596366
0.0608474
0.0620826
0.0633236
0.0645755
0.0658421
0.0671166
0.0683731
0.0695967
0.0706489
0.0714237
0.0111008
0.0112339
0.0112613
0.0111246
0.0106626
0.0104796
0.0107322
0.0106682
0.0101602
0.00991213
0.0102284
0.0107154
0.0110372
0.0112336
0.0114162
0.0116295
0.0119339
0.0123222
0.0126576
0.0128812
0.0131061
0.0134324
0.0138092
0.0141437
0.0144357
0.0147623
0.0151526
0.0155365
0.0158782
0.0162337
0.0166433
0.0170825
0.0175199
0.017953
0.0184012
0.0188719
0.0193491
0.0198168
0.0202793
0.0207387
0.0212005
0.0216916
0.0222079
0.0227239
0.0232333
0.0237655
0.0243256
0.0248916
0.0254426
0.025998
0.0265635
0.0271397
0.0277266
0.0283154
0.0289089
0.0295298
0.0301755
0.0308203
0.0314888
0.0321805
0.0328941
0.0336116
0.0343231
0.0350015
0.0356983
0.0364361
0.0372368
0.0380441
0.0388451
0.0396593
0.0404891
0.0413164
0.0421571
0.0430261
0.0439046
0.044811
0.0457188
0.0466628
0.0476099
0.048602
0.0496046
0.0506244
0.0516729
0.0527414
0.0538463
0.0549594
0.0560932
0.0572484
0.058413
0.0596372
0.0608475
0.0620829
0.0633246
0.0645769
0.0658441
0.0671203
0.0683776
0.0696044
0.0706614
0.0714318
0.0109084
0.0111459
0.0111867
0.0111069
0.0107366
0.0105758
0.0108786
0.0108778
0.0103388
0.0100206
0.0102973
0.0107726
0.011095
0.0112811
0.0114449
0.0116573
0.0119733
0.0123684
0.0127007
0.0129143
0.0131321
0.0134597
0.0138407
0.0141736
0.014458
0.0147807
0.0151758
0.0155639
0.0159017
0.0162518
0.0166614
0.0171026
0.0175376
0.0179658
0.0184116
0.0188812
0.0193566
0.0198233
0.020286
0.020745
0.0212064
0.0216988
0.0222166
0.0227314
0.0232373
0.0237676
0.024329
0.024896
0.0254447
0.0259978
0.0265645
0.0271432
0.0277298
0.0283175
0.0289123
0.0295343
0.0301792
0.030823
0.0314916
0.0321829
0.0328946
0.0336097
0.034321
0.0350031
0.0357038
0.0364414
0.0372393
0.0380446
0.0388456
0.0396597
0.0404894
0.0413172
0.0421586
0.0430278
0.0439063
0.0448126
0.0457208
0.0466654
0.0476124
0.0486041
0.0496066
0.0506267
0.0516755
0.0527436
0.0538479
0.0549606
0.0560944
0.05725
0.0584147
0.0596378
0.0608477
0.0620834
0.0633257
0.0645783
0.0658462
0.0671242
0.0683823
0.0696123
0.0706743
0.0714403
0.0107059
0.0110511
0.0111225
0.0110852
0.0108094
0.0106656
0.0109998
0.0110861
0.0105298
0.0101254
0.0103701
0.0108414
0.0111546
0.0113298
0.0114765
0.0116829
0.0120106
0.0124161
0.012747
0.0129495
0.0131584
0.0134885
0.0138744
0.0142046
0.0144811
0.0147999
0.0151993
0.0155921
0.0159268
0.0162706
0.0166798
0.0171232
0.0175561
0.0179792
0.0184224
0.0188909
0.0193646
0.0198303
0.0202932
0.0207518
0.0212127
0.0217061
0.0222255
0.0227393
0.0232415
0.0237699
0.0243327
0.0249006
0.025447
0.0259977
0.0265656
0.0271468
0.0277331
0.0283197
0.0289157
0.029539
0.0301829
0.0308258
0.0314945
0.0321855
0.0328953
0.033608
0.0343192
0.0350048
0.035709
0.0364467
0.0372419
0.0380452
0.0388462
0.0396602
0.0404897
0.0413181
0.0421602
0.0430296
0.043908
0.0448143
0.045723
0.0466681
0.047615
0.0486063
0.0496087
0.0506291
0.0516781
0.0527459
0.0538495
0.0549618
0.0560957
0.0572515
0.0584165
0.0596384
0.060848
0.0620839
0.0633268
0.06458
0.0658484
0.0671284
0.0683874
0.0696205
0.0706875
0.0714495
0.0105057
0.0109419
0.011063
0.0110613
0.0108797
0.0107584
0.0110953
0.0112782
0.0107395
0.0102347
0.0104363
0.0109205
0.0112226
0.011378
0.0115102
0.0117086
0.0120455
0.0124642
0.0127959
0.0129875
0.0131856
0.0135178
0.013911
0.0142377
0.0145047
0.01482
0.0152233
0.0156209
0.0159532
0.0162904
0.0166983
0.0171443
0.0175754
0.0179935
0.0184337
0.0189011
0.0193733
0.019838
0.0203008
0.020759
0.0212192
0.0217136
0.0222347
0.0227474
0.0232459
0.0237723
0.0243366
0.0249056
0.0254496
0.0259977
0.0265668
0.0271506
0.0277366
0.0283219
0.0289191
0.0295438
0.0301868
0.0308287
0.0314974
0.032188
0.032896
0.0336064
0.0343175
0.0350065
0.0357142
0.0364518
0.0372445
0.0380459
0.0388468
0.0396608
0.04049
0.041319
0.0421618
0.0430315
0.0439098
0.0448161
0.0457252
0.0466708
0.0476176
0.0486086
0.0496108
0.0506316
0.0516808
0.0527483
0.0538512
0.0549631
0.0560971
0.0572531
0.0584183
0.059639
0.0608483
0.0620845
0.063328
0.0645817
0.0658508
0.0671328
0.0683929
0.0696289
0.0707012
0.0714593
0.0103226
0.0108217
0.0109993
0.0110346
0.0109449
0.0108604
0.0111753
0.0114398
0.0109621
0.0103626
0.0104916
0.0110005
0.0113046
0.011429
0.0115434
0.011735
0.0120789
0.0125118
0.0128464
0.013028
0.0132143
0.013547
0.0139496
0.0142742
0.014529
0.0148401
0.0152484
0.0156503
0.0159805
0.0163115
0.0167173
0.0171657
0.0175955
0.0180084
0.0184455
0.0189118
0.0193826
0.0198462
0.020309
0.0207665
0.021226
0.0217213
0.0222441
0.0227559
0.0232506
0.0237748
0.0243406
0.0249109
0.0254525
0.0259978
0.0265681
0.0271547
0.0277403
0.0283242
0.0289227
0.0295487
0.0301908
0.0308315
0.0315004
0.0321907
0.0328968
0.033605
0.0343161
0.0350082
0.0357192
0.0364568
0.0372472
0.0380467
0.0388476
0.0396615
0.0404904
0.04132
0.0421636
0.0430334
0.0439117
0.0448179
0.0457276
0.0466737
0.0476203
0.048611
0.0496131
0.0506342
0.0516836
0.0527507
0.053853
0.0549645
0.0560986
0.0572548
0.0584202
0.0596397
0.0608486
0.0620853
0.0633292
0.0645836
0.0658533
0.0671374
0.0683987
0.0696376
0.0707153
0.0714697
0.0101682
0.0107044
0.0109262
0.0109994
0.0110019
0.0109727
0.011253
0.0115646
0.0111797
0.0105198
0.0105455
0.0110693
0.0113986
0.0114905
0.0115757
0.0117602
0.0121114
0.0125599
0.0128983
0.0130699
0.0132451
0.0135768
0.013989
0.0143144
0.0145553
0.0148597
0.0152742
0.0156809
0.0160083
0.0163335
0.0167373
0.0171875
0.0176161
0.0180241
0.018458
0.0189231
0.0193923
0.0198551
0.0203178
0.0207744
0.0212331
0.0217293
0.0222537
0.0227648
0.0232556
0.0237774
0.0243449
0.0249165
0.0254557
0.0259981
0.0265695
0.0271589
0.0277443
0.0283265
0.0289262
0.0295538
0.0301949
0.0308345
0.0315035
0.0321934
0.0328977
0.0336038
0.0343149
0.03501
0.035724
0.0364618
0.03725
0.0380476
0.0388485
0.0396622
0.0404909
0.041321
0.0421653
0.0430353
0.0439137
0.0448199
0.04573
0.0466766
0.0476231
0.0486134
0.0496154
0.0506369
0.0516865
0.0527532
0.0538548
0.054966
0.0561001
0.0572565
0.0584221
0.0596405
0.060849
0.0620861
0.0633305
0.0645857
0.0658559
0.0671423
0.068405
0.0696465
0.0707298
0.0714807
0.0100424
0.0106054
0.0108506
0.0109498
0.0110447
0.0110923
0.0113405
0.0116599
0.0113735
0.0107032
0.0106147
0.0111212
0.0114941
0.0115685
0.0116122
0.0117817
0.0121409
0.0126089
0.0129532
0.0131124
0.0132767
0.0136082
0.014029
0.0143574
0.0145851
0.014879
0.0152997
0.0157134
0.0160369
0.0163558
0.0167583
0.0172102
0.0176373
0.0180404
0.0184711
0.0189351
0.0194028
0.0198646
0.0203273
0.0207829
0.0212405
0.0217375
0.0222637
0.022774
0.0232609
0.0237801
0.0243493
0.0249226
0.0254592
0.0259984
0.0265709
0.0271635
0.0277485
0.0283289
0.0289298
0.0295591
0.0301991
0.0308374
0.0315066
0.0321963
0.0328987
0.0336028
0.0343139
0.0350119
0.0357287
0.0364667
0.0372528
0.0380486
0.0388494
0.0396631
0.0404914
0.0413222
0.0421672
0.0430373
0.0439157
0.0448219
0.0457325
0.0466796
0.047626
0.048616
0.0496178
0.0506397
0.0516895
0.0527557
0.0538567
0.0549676
0.0561017
0.0572583
0.0584241
0.0596413
0.0608495
0.0620871
0.0633318
0.0645879
0.0658587
0.0671474
0.0684117
0.0696557
0.0707446
0.0714925
0.00993561
0.0105334
0.0107875
0.0108859
0.0110645
0.0112126
0.011445
0.011741
0.0115314
0.0108943
0.0107131
0.011166
0.0115778
0.0116599
0.0116618
0.0118015
0.0121635
0.012657
0.0130138
0.0131566
0.0133066
0.0136411
0.0140709
0.0144021
0.0146187
0.0148994
0.0153239
0.0157472
0.0160673
0.0163779
0.0167798
0.0172343
0.0176593
0.0180571
0.0184848
0.0189478
0.0194139
0.0198746
0.0203373
0.0207919
0.0212482
0.0217457
0.0222739
0.0227837
0.0232666
0.023783
0.0243538
0.0249289
0.0254632
0.025999
0.0265724
0.0271682
0.0277529
0.0283313
0.0289335
0.0295645
0.0302035
0.0308404
0.0315097
0.0321992
0.0328999
0.0336019
0.0343131
0.0350138
0.0357333
0.0364715
0.0372557
0.0380497
0.0388505
0.0396641
0.040492
0.0413233
0.0421691
0.0430394
0.0439177
0.0448241
0.0457352
0.0466826
0.0476289
0.0486187
0.0496204
0.0506427
0.0516926
0.0527583
0.0538587
0.0549693
0.0561034
0.0572601
0.0584262
0.0596422
0.06085
0.0620882
0.0633332
0.0645903
0.0658618
0.0671528
0.0684189
0.0696651
0.0707598
0.0715049
0.00983701
0.0104858
0.010752
0.0108199
0.0110529
0.0113224
0.0115682
0.0118234
0.0116562
0.0110715
0.01084
0.0112221
0.011644
0.0117524
0.0117297
0.0118281
0.0121772
0.0126983
0.013081
0.0132071
0.013333
0.0136727
0.0141163
0.0144487
0.0146547
0.0149225
0.0153472
0.0157811
0.0161004
0.0164003
0.0168007
0.0172599
0.0176829
0.0180741
0.0184987
0.0189613
0.0194259
0.0198853
0.0203479
0.0208015
0.0212563
0.0217541
0.0222843
0.0227939
0.0232726
0.023786
0.0243584
0.0249356
0.0254677
0.0259998
0.0265739
0.0271732
0.0277576
0.0283338
0.0289372
0.0295701
0.030208
0.0308435
0.0315129
0.0322023
0.0329012
0.0336013
0.0343126
0.0350158
0.0357378
0.0364763
0.0372586
0.0380508
0.0388518
0.0396651
0.0404927
0.0413246
0.0421711
0.0430415
0.0439199
0.0448263
0.0457379
0.0466858
0.0476319
0.0486215
0.049623
0.0506457
0.0516958
0.052761
0.0538607
0.0549711
0.0561052
0.057262
0.0584284
0.0596431
0.0608506
0.0620895
0.0633346
0.0645929
0.065865
0.0671583
0.0684266
0.0696748
0.0707752
0.071518
0.00973722
0.0104533
0.0107513
0.0107709
0.0110093
0.0114058
0.0117058
0.0119202
0.0117626
0.0112191
0.0109769
0.011305
0.0117039
0.0118319
0.0118103
0.0118718
0.0121874
0.0127256
0.0131506
0.0132696
0.013358
0.0136981
0.0141651
0.0144998
0.0146918
0.014948
0.0153712
0.015814
0.0161355
0.0164244
0.0168203
0.017286
0.0177087
0.0180918
0.0185125
0.0189753
0.0194389
0.0198968
0.020359
0.0208117
0.0212649
0.0217626
0.0222948
0.0228046
0.0232791
0.0237892
0.0243632
0.0249426
0.0254726
0.0260008
0.0265754
0.0271783
0.0277627
0.0283364
0.0289409
0.0295758
0.0302127
0.0308466
0.0315161
0.0322054
0.0329026
0.0336009
0.0343123
0.0350179
0.0357421
0.0364809
0.0372616
0.0380521
0.0388531
0.0396663
0.0404935
0.0413259
0.0421731
0.0430437
0.0439221
0.0448287
0.0457408
0.046689
0.047635
0.0486244
0.0496257
0.0506489
0.051699
0.0527638
0.0538629
0.0549729
0.056107
0.057264
0.0584306
0.0596441
0.0608513
0.0620909
0.0633361
0.0645957
0.0658685
0.0671641
0.0684348
0.0696849
0.070791
0.0715318
0.00962678
0.0104274
0.0107813
0.0107582
0.0109469
0.0114468
0.0118457
0.012039
0.0118673
0.0113374
0.0111004
0.0114144
0.0117782
0.0118937
0.0118881
0.0119373
0.0122065
0.0127365
0.0132122
0.0133473
0.0133892
0.013713
0.0142128
0.0145589
0.0147308
0.0149735
0.0153974
0.0158469
0.0161712
0.0164509
0.0168395
0.0173113
0.0177368
0.0181113
0.0185261
0.0189895
0.0194529
0.0199092
0.0203708
0.0208224
0.021274
0.0217714
0.0223056
0.0228157
0.0232861
0.0237926
0.0243681
0.02495
0.025478
0.0260022
0.026577
0.0271837
0.0277681
0.0283392
0.0289446
0.0295816
0.0302176
0.0308498
0.0315193
0.0322087
0.0329043
0.0336007
0.0343123
0.0350201
0.0357463
0.0364854
0.0372646
0.0380535
0.0388546
0.0396676
0.0404943
0.0413273
0.0421752
0.043046
0.0439244
0.0448311
0.0457438
0.0466924
0.0476382
0.0486274
0.0496286
0.0506521
0.0517024
0.0527666
0.0538651
0.0549749
0.056109
0.0572661
0.0584328
0.0596452
0.060852
0.0620925
0.0633376
0.0645987
0.0658723
0.0671701
0.0684434
0.0696953
0.0708071
0.0715463
0.00949372
0.0103996
0.0108312
0.0107921
0.0108894
0.0114377
0.011968
0.0121803
0.0119859
0.0114413
0.0111919
0.0115293
0.0118849
0.0119524
0.0119471
0.0120151
0.012248
0.0127394
0.0132544
0.0134347
0.0134369
0.0137189
0.0142512
0.0146269
0.0147762
0.0149967
0.0154246
0.0158819
0.0162068
0.0164789
0.0168598
0.0173353
0.0177661
0.0181335
0.0185399
0.0190034
0.0194677
0.0199228
0.0203833
0.0208336
0.0212835
0.0217804
0.0223165
0.0228272
0.0232937
0.0237963
0.024373
0.0249577
0.0254839
0.0260038
0.0265787
0.0271893
0.0277737
0.028342
0.0289483
0.0295877
0.0302227
0.030853
0.0315226
0.032212
0.0329061
0.0336008
0.0343125
0.0350224
0.0357504
0.0364899
0.0372677
0.0380549
0.0388563
0.039669
0.0404952
0.0413288
0.0421775
0.0430484
0.0439268
0.0448337
0.0457469
0.0466958
0.0476415
0.0486306
0.0496316
0.0506555
0.0517058
0.0527695
0.0538674
0.054977
0.056111
0.0572682
0.0584351
0.0596464
0.0608529
0.0620943
0.0633393
0.0646018
0.0658764
0.0671763
0.0684526
0.0697061
0.0708234
0.0715615
0.00932674
0.0103593
0.0108904
0.01087
0.0108616
0.0113869
0.0120513
0.0123344
0.012129
0.0115499
0.0112505
0.0116217
0.0120244
0.0120335
0.0119822
0.0120847
0.0123172
0.0127521
0.0132721
0.0135168
0.0135079
0.013726
0.0142723
0.0146986
0.0148342
0.0150185
0.0154489
0.0159208
0.016244
0.0165067
0.0168813
0.0173591
0.0177953
0.0181583
0.0185551
0.0190165
0.0194829
0.0199376
0.0203966
0.0208455
0.0212935
0.0217897
0.0223276
0.0228391
0.0233018
0.0238002
0.024378
0.0249657
0.0254904
0.0260057
0.0265805
0.0271951
0.0277798
0.028345
0.028952
0.0295938
0.030228
0.0308563
0.0315259
0.0322155
0.0329082
0.0336012
0.034313
0.0350248
0.0357544
0.0364944
0.0372708
0.0380565
0.038858
0.0396705
0.0404963
0.0413303
0.0421798
0.0430508
0.0439293
0.0448364
0.0457501
0.0466993
0.0476448
0.0486339
0.0496347
0.050659
0.0517093
0.0527724
0.0538698
0.0549792
0.0561131
0.0572704
0.0584375
0.0596477
0.0608538
0.0620963
0.0633411
0.0646051
0.0658809
0.0671827
0.0684623
0.0697172
0.0708398
0.0715774
0.00912451
0.0102921
0.0109484
0.0109803
0.010881
0.0113181
0.0120799
0.0124815
0.0122985
0.0116815
0.0112936
0.0116679
0.0121724
0.0121604
0.0120114
0.0121251
0.0124002
0.0127929
0.0132769
0.013577
0.0135971
0.0137491
0.0142752
0.0147628
0.014908
0.0150447
0.0154662
0.0159618
0.0162862
0.0165336
0.0169023
0.0173841
0.0178245
0.0181845
0.0185727
0.0190296
0.0194977
0.0199534
0.020411
0.020858
0.021304
0.0217992
0.022339
0.0228514
0.0233104
0.0238045
0.0243831
0.0249741
0.0254976
0.0260079
0.0265821
0.0272013
0.0277863
0.0283481
0.0289557
0.0296002
0.0302335
0.0308597
0.0315292
0.0322191
0.0329104
0.0336018
0.0343138
0.0350273
0.0357583
0.0364987
0.037274
0.0380582
0.03886
0.0396722
0.0404974
0.041332
0.0421821
0.0430534
0.0439318
0.0448392
0.0457534
0.0467029
0.0476482
0.0486373
0.0496379
0.0506626
0.051713
0.0527755
0.0538723
0.0549815
0.0561154
0.0572727
0.05844
0.0596491
0.0608548
0.0620984
0.0633429
0.0646085
0.0658858
0.0671893
0.0684724
0.0697288
0.0708565
0.0715939
0.00890291
0.0101846
0.0109926
0.0111096
0.0109528
0.0112586
0.0120535
0.0125991
0.0124849
0.0118484
0.0113462
0.011663
0.0122944
0.0123384
0.0120662
0.0121283
0.012471
0.0128686
0.0132917
0.0136071
0.0136853
0.0137999
0.0142714
0.0148073
0.0149934
0.015084
0.015476
0.0159996
0.0163363
0.0165625
0.0169201
0.0174099
0.0178551
0.0182109
0.0185921
0.0190439
0.019512
0.0199697
0.0204268
0.0208714
0.0213149
0.0218088
0.0223507
0.0228643
0.0233195
0.0238091
0.0243882
0.0249829
0.0255055
0.0260104
0.0265836
0.0272076
0.0277933
0.0283513
0.0289593
0.0296067
0.0302393
0.0308631
0.0315325
0.0322228
0.0329129
0.0336026
0.0343148
0.0350299
0.0357621
0.036503
0.0372773
0.0380599
0.0388621
0.039674
0.0404986
0.0413337
0.0421847
0.043056
0.0439344
0.0448421
0.0457569
0.0467067
0.0476517
0.0486408
0.0496412
0.0506664
0.0517167
0.0527785
0.0538749
0.0549839
0.0561177
0.0572751
0.0584424
0.0596507
0.0608559
0.0621008
0.063345
0.0646122
0.0658911
0.0671961
0.068483
0.0697409
0.0708734
0.0716111
0.00868704
0.0100347
0.0110076
0.0112444
0.0110714
0.0112318
0.0119878
0.0126691
0.0126702
0.0120508
0.0114327
0.0116253
0.0123573
0.012543
0.0121783
0.0121136
0.0125021
0.0129623
0.0133406
0.0136206
0.0137505
0.0138745
0.01428
0.0148273
0.0150774
0.0151434
0.0154837
0.0160277
0.0163929
0.0165982
0.0169341
0.0174337
0.017889
0.0182383
0.0186117
0.0190602
0.0195265
0.0199856
0.0204436
0.0208861
0.0213264
0.0218186
0.0223626
0.0228778
0.0233293
0.023814
0.0243934
0.024992
0.0255142
0.0260135
0.0265849
0.027214
0.027801
0.0283548
0.0289626
0.0296133
0.0302455
0.0308667
0.0315358
0.0322267
0.0329157
0.0336038
0.0343161
0.0350327
0.0357658
0.0365072
0.0372807
0.0380619
0.0388643
0.039676
0.0405
0.0413355
0.0421872
0.0430588
0.0439371
0.0448452
0.0457605
0.0467105
0.0476553
0.0486445
0.0496447
0.0506703
0.0517206
0.0527817
0.0538776
0.0549865
0.0561202
0.0572776
0.058445
0.0596524
0.0608571
0.0621034
0.0633472
0.0646159
0.0658968
0.0672031
0.0684941
0.0697535
0.0708903
0.0716288
0.00849867
0.00985715
0.0109815
0.0113701
0.0112257
0.0112527
0.0119061
0.0126839
0.0128344
0.0122769
0.0115701
0.0115859
0.0123452
0.0127342
0.0123624
0.0121169
0.012481
0.0130427
0.0134323
0.0136458
0.0137813
0.0139501
0.0143171
0.0148346
0.015144
0.0152212
0.0155003
0.0160429
0.0164502
0.016645
0.0169469
0.0174517
0.0179255
0.0182692
0.0186307
0.0190772
0.0195427
0.0200011
0.0204607
0.0209023
0.0213387
0.0218285
0.0223745
0.0228918
0.0233399
0.023819
0.0243984
0.0250016
0.0255239
0.026017
0.026586
0.0272203
0.0278093
0.0283588
0.0289659
0.0296199
0.0302519
0.0308703
0.031539
0.0322308
0.0329188
0.0336051
0.0343176
0.0350356
0.0357695
0.0365113
0.0372841
0.0380639
0.0388667
0.0396781
0.0405014
0.0413374
0.0421899
0.0430617
0.0439399
0.0448483
0.0457642
0.0467144
0.047659
0.0486483
0.0496483
0.0506743
0.0517245
0.052785
0.0538804
0.0549892
0.0561227
0.0572802
0.0584475
0.0596542
0.0608585
0.0621062
0.0633497
0.0646198
0.065903
0.0672103
0.0685055
0.0697666
0.0709075
0.0716471
0.0083466
0.00967366
0.0109125
0.0114704
0.0114006
0.0113265
0.0118328
0.0126482
0.0129608
0.0125092
0.01176
0.0115777
0.0122705
0.0128689
0.0125994
0.0121775
0.0124254
0.0130765
0.0135471
0.0137118
0.0137937
0.0139997
0.0143801
0.0148517
0.0151849
0.0153036
0.015536
0.0160494
0.0165003
0.0167034
0.0169642
0.0174621
0.0179609
0.0183057
0.0186505
0.0190933
0.019561
0.0200172
0.020477
0.0209196
0.0213524
0.0218387
0.0223865
0.0229064
0.0233514
0.0238242
0.0244031
0.0250115
0.0255346
0.0260212
0.0265871
0.0272266
0.027818
0.0283632
0.028969
0.0296265
0.0302588
0.0308741
0.0315422
0.032235
0.0329222
0.0336068
0.0343194
0.0350387
0.0357733
0.0365155
0.0372876
0.038066
0.0388693
0.0396804
0.040503
0.0413393
0.0421927
0.0430648
0.0439428
0.0448515
0.0457681
0.0467184
0.0476628
0.0486523
0.0496521
0.0506784
0.0517285
0.0527883
0.0538833
0.054992
0.0561254
0.057283
0.0584501
0.0596562
0.0608601
0.0621091
0.0633524
0.0646238
0.0659097
0.0672178
0.0685172
0.0697803
0.0709247
0.0716658
0.00822727
0.00950292
0.010813
0.0115335
0.0115778
0.0114493
0.0117904
0.0125755
0.0130381
0.0127293
0.0119898
0.0116267
0.0121672
0.0129174
0.012848
0.0123213
0.0123734
0.0130464
0.0136498
0.0138292
0.0138208
0.0140089
0.0144422
0.014899
0.0152116
0.0153719
0.0155917
0.016058
0.0165372
0.0167691
0.0169917
0.0174669
0.0179912
0.0183474
0.0186736
0.0191072
0.0195801
0.0200357
0.0204928
0.020937
0.0213677
0.0218493
0.0223983
0.0229214
0.0233641
0.02383
0.0244073
0.0250215
0.0255464
0.0260262
0.026588
0.0272328
0.0278273
0.0283681
0.0289722
0.0296332
0.0302659
0.030878
0.0315453
0.0322393
0.032926
0.0336088
0.0343213
0.0350418
0.035777
0.0365196
0.0372912
0.0380683
0.038872
0.0396829
0.0405047
0.0413414
0.0421957
0.0430681
0.0439458
0.0448549
0.0457721
0.0467225
0.0476667
0.0486564
0.049656
0.0506826
0.0517327
0.0527917
0.0538864
0.054995
0.0561282
0.0572859
0.0584527
0.0596583
0.0608619
0.0621121
0.0633554
0.0646279
0.0659168
0.0672257
0.0685292
0.0697945
0.0709422
0.0716849
0.00813583
0.00935279
0.0107002
0.0115578
0.011739
0.0116086
0.0117951
0.0124866
0.013061
0.0129203
0.0122394
0.0117419
0.0120747
0.0128785
0.01306
0.0125415
0.0123679
0.0129666
0.0137028
0.0139762
0.0138965
0.0139954
0.0144718
0.0149748
0.0152502
0.0154152
0.0156543
0.0160808
0.0165617
0.0168335
0.017032
0.0174705
0.0180139
0.0183918
0.0187027
0.0191201
0.0195975
0.0200568
0.0205094
0.0209534
0.0213843
0.0218613
0.0224098
0.0229367
0.0233779
0.0238365
0.0244111
0.0250313
0.0255594
0.0260322
0.0265886
0.0272387
0.0278371
0.0283735
0.0289754
0.0296399
0.0302733
0.0308821
0.0315485
0.0322437
0.0329302
0.0336112
0.0343235
0.0350451
0.0357807
0.0365238
0.037295
0.0380706
0.0388748
0.0396856
0.0405066
0.0413434
0.0421987
0.0430715
0.0439488
0.0448583
0.0457763
0.0467267
0.0476707
0.0486606
0.0496601
0.050687
0.0517369
0.0527952
0.0538895
0.0549981
0.056131
0.0572889
0.0584554
0.0596606
0.0608639
0.0621153
0.0633587
0.0646322
0.0659243
0.0672339
0.0685414
0.0698094
0.0709598
0.0717044
0.00807344
0.00922306
0.0105859
0.0115509
0.0118704
0.0117845
0.0118526
0.0124067
0.0130338
0.0130679
0.0124895
0.0119148
0.0120279
0.0127792
0.0131946
0.0128012
0.0124429
0.0128744
0.0136851
0.0141149
0.0140336
0.0139971
0.0144501
0.0150486
0.0153245
0.015445
0.015704
0.0161219
0.016584
0.0168894
0.0170836
0.0174779
0.018028
0.0184356
0.0187381
0.0191347
0.0196127
0.0200791
0.0205284
0.0209687
0.0214008
0.0218751
0.0224214
0.022952
0.0233931
0.0238438
0.0244145
0.0250408
0.0255734
0.0260396
0.0265892
0.0272442
0.0278475
0.0283793
0.0289783
0.0296469
0.0302811
0.0308862
0.0315515
0.0322483
0.0329347
0.0336139
0.0343259
0.0350485
0.0357843
0.036528
0.0372989
0.0380731
0.0388776
0.0396884
0.0405088
0.0413456
0.0422018
0.0430751
0.0439519
0.0448619
0.0457806
0.046731
0.0476747
0.048665
0.0496643
0.0506916
0.0517411
0.0527988
0.0538927
0.0550014
0.056134
0.0572921
0.0584581
0.059663
0.0608662
0.0621186
0.0633624
0.0646367
0.0659323
0.0672425
0.0685538
0.0698247
0.0709776
0.0717241
0.00804272
0.0091144
0.0104734
0.0115228
0.0119692
0.0119572
0.0119549
0.0123587
0.0129726
0.0131622
0.0127214
0.0121268
0.012046
0.0126596
0.0132356
0.0130532
0.0126038
0.0128128
0.013607
0.014205
0.0142099
0.014053
0.0143957
0.0150827
0.0154343
0.0154899
0.015727
0.0161686
0.0166165
0.016935
0.0171407
0.0174941
0.0180352
0.0184758
0.0187785
0.0191517
0.0196263
0.0201016
0.0205505
0.0209846
0.021416
0.02189
0.022434
0.022967
0.0234092
0.0238523
0.0244177
0.0250497
0.0255881
0.0260484
0.0265899
0.0272492
0.0278585
0.0283859
0.028981
0.0296538
0.0302896
0.0308904
0.0315544
0.0322532
0.0329396
0.0336168
0.0343286
0.035052
0.0357879
0.0365321
0.037303
0.0380759
0.0388805
0.0396914
0.0405111
0.0413478
0.0422051
0.0430789
0.0439551
0.0448655
0.0457851
0.0467355
0.0476789
0.0486695
0.0496687
0.0506962
0.0517455
0.0528026
0.0538961
0.0550049
0.0561371
0.0572954
0.058461
0.0596655
0.0608689
0.0621219
0.0633664
0.0646414
0.0659405
0.0672516
0.0685663
0.0698406
0.0709956
0.0717441
0.00804024
0.00902996
0.0103644
0.0114798
0.012042
0.0121151
0.0120852
0.012354
0.0129001
0.0132022
0.012919
0.0123568
0.0121298
0.0125597
0.0131963
0.013251
0.0128238
0.0128186
0.0135025
0.014223
0.0143855
0.0141806
0.0143505
0.0150534
0.0155469
0.0155785
0.0157341
0.0161995
0.0166646
0.0169777
0.0171952
0.017521
0.0180391
0.0185106
0.0188243
0.0191717
0.0196373
0.0201231
0.020575
0.0210023
0.0214301
0.021905
0.0224481
0.0229821
0.0234258
0.023862
0.0244208
0.025058
0.0256035
0.0260585
0.0265909
0.0272536
0.0278699
0.0283934
0.0289835
0.0296604
0.0302988
0.0308949
0.031557
0.0322581
0.032945
0.0336201
0.0343314
0.0350557
0.0357915
0.0365362
0.0373073
0.0380788
0.0388836
0.0396945
0.0405135
0.0413501
0.0422085
0.043083
0.0439584
0.0448692
0.0457898
0.04674
0.0476832
0.0486742
0.0496732
0.0507011
0.0517499
0.0528064
0.0538995
0.0550086
0.0561403
0.0572988
0.0584639
0.0596681
0.0608719
0.0621253
0.0633707
0.0646464
0.0659491
0.0672612
0.068579
0.0698569
0.0710139
0.0717642
0.0080592
0.00897262
0.0102652
0.0114246
0.0120944
0.012257
0.0122279
0.0123902
0.0128368
0.0131974
0.0130698
0.0125839
0.0122665
0.012509
0.0131108
0.0133675
0.013062
0.0129047
0.0134123
0.0141753
0.014519
0.0143598
0.0143573
0.0149756
0.0156194
0.015714
0.0157569
0.0161993
0.0167171
0.0170301
0.0172436
0.0175546
0.0180437
0.0185367
0.0188752
0.0191983
0.0196457
0.0201433
0.0206019
0.0210219
0.0214435
0.0219187
0.0224634
0.0229988
0.0234429
0.0238727
0.024424
0.0250655
0.0256195
0.02607
0.0265921
0.0272576
0.0278817
0.0284019
0.0289858
0.0296667
0.0303085
0.0309
0.0315594
0.0322629
0.0329509
0.0336237
0.0343344
0.0350596
0.0357953
0.0365403
0.0373116
0.0380819
0.0388868
0.0396978
0.0405162
0.0413524
0.0422121
0.0430873
0.0439616
0.044873
0.0457946
0.0467447
0.0476875
0.048679
0.0496777
0.0507061
0.0517544
0.0528104
0.0539031
0.0550123
0.0561437
0.0573022
0.058467
0.0596708
0.0608753
0.0621289
0.0633753
0.0646518
0.0659578
0.0672713
0.0685918
0.0698736
0.0710325
0.0717845
0.00809528
0.00894183
0.0101834
0.0113606
0.0121246
0.0123832
0.0123743
0.0124591
0.0127973
0.0131643
0.0131695
0.0127893
0.0124361
0.0125179
0.0130171
0.0134032
0.0132736
0.0130546
0.0133711
0.0140911
0.0145864
0.0145514
0.0144394
0.0148929
0.015621
0.0158631
0.0158271
0.0161764
0.0167518
0.0170992
0.0172923
0.0175897
0.0180532
0.0185523
0.0189256
0.0192351
0.0196518
0.0201593
0.0206327
0.0210446
0.0214565
0.0219305
0.0224781
0.0230171
0.0234612
0.0238841
0.0244276
0.0250724
0.0256362
0.0260832
0.0265935
0.0272608
0.0278941
0.0284114
0.028988
0.0296724
0.0303186
0.0309059
0.0315618
0.0322675
0.0329572
0.0336278
0.0343375
0.0350635
0.0357991
0.0365445
0.0373161
0.0380851
0.0388901
0.0397013
0.040519
0.0413547
0.0422159
0.043092
0.0439649
0.0448767
0.0457995
0.0467495
0.047692
0.048684
0.0496825
0.0507112
0.0517588
0.0528145
0.0539068
0.0550163
0.0561474
0.0573057
0.0584703
0.0596735
0.0608791
0.0621325
0.0633801
0.0646577
0.0659667
0.0672819
0.0686049
0.0698906
0.0710513
0.0718049
0.00814654
0.00893472
0.0101222
0.011295
0.01213
0.0124895
0.0125199
0.0125519
0.0127877
0.0131196
0.013222
0.0129601
0.012618
0.0125814
0.012948
0.0133812
0.0134271
0.0132362
0.0133938
0.0140048
0.0145889
0.0147151
0.0145834
0.0148513
0.0155609
0.0159809
0.015954
0.016162
0.0167496
0.0171745
0.0173525
0.0176221
0.0180692
0.0185616
0.0189689
0.0192842
0.0196602
0.0201657
0.0206657
0.0210739
0.0214695
0.0219406
0.0224922
0.0230367
0.0234816
0.0238958
0.0244305
0.0250785
0.0256533
0.0260982
0.0265952
0.027263
0.0279071
0.0284222
0.0289901
0.0296774
0.0303289
0.0309124
0.0315644
0.0322719
0.0329637
0.0336324
0.0343408
0.0350674
0.0358031
0.0365488
0.0373208
0.0380885
0.0388935
0.0397052
0.0405221
0.041357
0.0422197
0.0430969
0.0439683
0.0448806
0.0458046
0.0467545
0.0476965
0.048689
0.0496873
0.0507166
0.0517635
0.0528188
0.0539107
0.0550202
0.0561513
0.0573092
0.0584737
0.0596764
0.0608833
0.0621364
0.0633851
0.064664
0.0659757
0.0672929
0.0686182
0.0699077
0.0710704
0.0718254
0.00821065
0.00894912
0.0100811
0.0112367
0.0121168
0.0125702
0.0126594
0.012661
0.0128079
0.0130777
0.0132352
0.0130895
0.0127931
0.0126845
0.0129218
0.0133331
0.0135154
0.0134139
0.013474
0.013947
0.0145477
0.0148246
0.0147532
0.014877
0.0154793
0.016033
0.0161094
0.0161916
0.0167153
0.0172344
0.017432
0.017655
0.0180869
0.0185702
0.0189996
0.0193416
0.0196809
0.0201613
0.0206937
0.0211127
0.0214843
0.0219467
0.0225052
0.0230574
0.023505
0.0239094
0.0244323
0.0250835
0.0256709
0.0261152
0.0265973
0.0272636
0.0279204
0.0284351
0.0289922
0.0296815
0.0303395
0.0309197
0.0315672
0.0322763
0.0329704
0.0336372
0.0343444
0.0350714
0.035807
0.0365533
0.0373257
0.038092
0.0388967
0.0397091
0.0405255
0.0413593
0.0422238
0.0431021
0.0439717
0.0448845
0.0458098
0.0467596
0.0477011
0.0486942
0.0496922
0.050722
0.051768
0.052823
0.0539149
0.0550243
0.0561555
0.0573127
0.0584774
0.0596794
0.0608877
0.0621405
0.0633903
0.064671
0.0659848
0.0673043
0.0686319
0.0699251
0.0710897
0.0718459
0.00828422
0.00898366
0.0100596
0.0111898
0.0120953
0.012624
0.0127849
0.0127799
0.0128547
0.0130514
0.0132216
0.0131756
0.0129468
0.0128079
0.0129393
0.013287
0.0135508
0.0135594
0.0135897
0.0139354
0.0144912
0.0148776
0.0149128
0.0149632
0.0154188
0.0160188
0.0162491
0.0162791
0.0166771
0.0172583
0.0175253
0.0177
0.0181024
0.018582
0.0190179
0.0193962
0.0197203
0.0201535
0.0207077
0.02116
0.021508
0.0219473
0.0225139
0.0230789
0.023531
0.0239257
0.0244335
0.0250865
0.0256894
0.0261349
0.0266003
0.0272621
0.0279332
0.0284504
0.0289949
0.029684
0.0303501
0.030928
0.0315701
0.0322807
0.0329775
0.0336423
0.0343482
0.0350756
0.0358111
0.0365578
0.0373308
0.0380957
0.0389
0.0397133
0.0405291
0.0413616
0.0422279
0.0431077
0.0439751
0.0448885
0.0458151
0.0467649
0.0477058
0.0486996
0.0496973
0.0507277
0.0517727
0.0528272
0.0539191
0.0550282
0.05616
0.0573162
0.0584812
0.0596827
0.0608923
0.062145
0.0633955
0.0646785
0.0659941
0.0673159
0.0686458
0.0699424
0.0711092
0.0718665
0.00836344
0.00903712
0.0100585
0.0111545
0.0120722
0.0126557
0.012888
0.0129004
0.0129223
0.0130486
0.0131971
0.0132211
0.0130704
0.0129338
0.0129919
0.0132605
0.013554
0.0136612
0.0137132
0.0139693
0.0144452
0.0148875
0.0150386
0.0150834
0.0154084
0.0159706
0.0163372
0.0164049
0.0166674
0.0172423
0.0176113
0.0177659
0.018117
0.0185964
0.0190312
0.0194388
0.019776
0.0201557
0.0207023
0.0212054
0.021548
0.0219472
0.0225146
0.0231011
0.0235605
0.0239446
0.0244342
0.0250857
0.0257077
0.0261584
0.0266048
0.0272582
0.0279453
0.0284684
0.0289988
0.029685
0.0303603
0.0309374
0.0315732
0.0322848
0.032985
0.0336476
0.0343519
0.03508
0.0358155
0.0365624
0.0373362
0.0380996
0.038903
0.0397176
0.0405332
0.041364
0.0422321
0.0431134
0.0439784
0.0448926
0.0458206
0.0467704
0.0477104
0.0487049
0.0497025
0.0507333
0.0517777
0.0528317
0.0539238
0.0550323
0.0561647
0.0573196
0.0584851
0.0596862
0.0608969
0.0621499
0.0634008
0.0646864
0.0660035
0.0673276
0.0686603
0.0699599
0.0711286
0.0718871
0.00844282
0.00910616
0.0100793
0.0111323
0.0120498
0.0126728
0.0129659
0.0130129
0.0130026
0.0130684
0.0131771
0.0132346
0.0131587
0.0130479
0.0130651
0.0132606
0.0135451
0.0137252
0.0138221
0.0140343
0.0144263
0.0148733
0.0151235
0.0152086
0.0154483
0.0159264
0.0163679
0.0165332
0.0167064
0.0172075
0.0176687
0.0178505
0.0181382
0.0186077
0.019045
0.0194661
0.0198362
0.02018
0.0206856
0.0212346
0.0216036
0.0219561
0.0225032
0.0231194
0.0235961
0.0239678
0.0244356
0.0250815
0.0257238
0.0261861
0.0266118
0.027251
0.0279553
0.028489
0.0290044
0.0296844
0.0303697
0.0309482
0.0315768
0.0322885
0.0329931
0.0336536
0.0343554
0.0350842
0.03582
0.036567
0.0373417
0.0381039
0.038906
0.039722
0.0405374
0.0413666
0.0422365
0.0431196
0.0439818
0.0448966
0.045826
0.0467759
0.0477151
0.0487103
0.0497079
0.0507389
0.0517827
0.0528357
0.0539287
0.0550364
0.0561698
0.0573234
0.058489
0.0596904
0.0609016
0.0621552
0.0634062
0.0646948
0.0660133
0.0673393
0.068675
0.0699775
0.071148
0.0719076
0.00851687
0.00918437
0.0101211
0.0111269
0.0120299
0.0126799
0.0130216
0.0131095
0.0130872
0.0131048
0.0131711
0.0132305
0.0132121
0.0131402
0.0131433
0.013284
0.0135373
0.0137624
0.0139073
0.0141104
0.0144392
0.0148551
0.0151728
0.0153182
0.0155189
0.0159116
0.0163612
0.016631
0.0167862
0.0171825
0.0176894
0.0179401
0.0181768
0.0186159
0.0190609
0.0194825
0.0198865
0.0202264
0.0206741
0.0212396
0.021663
0.0219857
0.0224848
0.0231248
0.0236365
0.0239978
0.0244374
0.0250735
0.025737
0.026218
0.0266237
0.0272409
0.0279622
0.0285122
0.0290125
0.0296824
0.030378
0.0309599
0.0315809
0.0322915
0.0330013
0.0336604
0.0343589
0.0350883
0.0358249
0.0365718
0.0373473
0.0381084
0.0389087
0.0397266
0.0405419
0.0413692
0.042241
0.0431259
0.043985
0.0449009
0.0458319
0.0467817
0.0477201
0.0487156
0.0497136
0.0507445
0.051788
0.05284
0.0539337
0.0550404
0.0561747
0.0573272
0.0584927
0.0596949
0.0609063
0.0621607
0.0634121
0.0647033
0.0660235
0.0673512
0.0686901
0.0699951
0.0711672
0.071928
0.00858259
0.00926459
0.0101795
0.0111414
0.0120164
0.0126787
0.0130581
0.0131858
0.0131677
0.0131499
0.0131786
0.013223
0.0132372
0.0132069
0.0132141
0.0133224
0.0135379
0.0137823
0.0139693
0.0141806
0.0144752
0.0148478
0.0151977
0.015405
0.0155998
0.0159308
0.0163463
0.0166864
0.0168813
0.0171875
0.0176822
0.0180152
0.0182353
0.018627
0.0190772
0.0194964
0.019921
0.0202825
0.0206812
0.0212255
0.0217081
0.022038
0.022474
0.0231119
0.0236751
0.02404
0.0244417
0.0250597
0.0257456
0.0262529
0.0266415
0.0272289
0.0279645
0.0285373
0.0290239
0.0296793
0.030385
0.030973
0.0315858
0.0322937
0.0330096
0.0336682
0.0343624
0.0350918
0.0358298
0.0365768
0.0373532
0.0381134
0.0389112
0.0397313
0.0405464
0.0413719
0.0422457
0.0431324
0.0439883
0.0449053
0.0458378
0.0467875
0.0477253
0.048721
0.0497197
0.05075
0.0517935
0.0528443
0.0539391
0.055045
0.0561799
0.0573313
0.0584963
0.0596998
0.0609109
0.0621663
0.0634182
0.064712
0.0660338
0.0673629
0.0687053
0.0700129
0.0711862
0.0719483
0.00864272
0.00934325
0.0102477
0.0111748
0.0120137
0.0126723
0.0130767
0.0132397
0.0132361
0.0131955
0.0131921
0.0132176
0.0132436
0.013248
0.0132717
0.0133669
0.0135511
0.0137945
0.0140138
0.0142382
0.0145201
0.0148573
0.0152096
0.0154687
0.0156762
0.0159713
0.0163443
0.0167092
0.0169663
0.0172255
0.0176666
0.0180636
0.0183048
0.0186482
0.0190921
0.0195114
0.0199436
0.0203363
0.020711
0.0212102
0.0217276
0.0220983
0.0224844
0.0230844
0.023698
0.024095
0.0244562
0.0250391
0.0257471
0.0262906
0.0266667
0.0272164
0.027961
0.0285632
0.0290388
0.0296753
0.0303904
0.0309874
0.0315916
0.032295
0.0330175
0.0336772
0.0343664
0.0350953
0.0358348
0.0365819
0.0373593
0.0381184
0.0389134
0.0397363
0.0405514
0.0413747
0.0422507
0.043139
0.0439916
0.0449092
0.0458439
0.046793
0.0477305
0.0487259
0.0497258
0.0507554
0.0517989
0.0528487
0.0539442
0.0550495
0.0561849
0.0573359
0.0585001
0.0597055
0.060916
0.0621721
0.0634249
0.0647207
0.0660445
0.0673747
0.0687205
0.0700305
0.0712048
0.0719681
0.00870023
0.00941935
0.010318
0.0112211
0.0120239
0.012665
0.0130801
0.0132699
0.0132861
0.0132345
0.0132047
0.0132112
0.0132382
0.0132658
0.0133112
0.0134078
0.0135739
0.0138061
0.0140458
0.0142852
0.0145639
0.0148811
0.0152197
0.0155127
0.0157423
0.0160182
0.0163592
0.0167176
0.0170258
0.0172832
0.0176613
0.0180858
0.0183724
0.0186824
0.0191075
0.0195275
0.019959
0.0203797
0.0207543
0.0212086
0.021729
0.0221503
0.0225213
0.0230608
0.0236956
0.0241521
0.0244896
0.0250148
0.0257355
0.0263291
0.0267012
0.0272047
0.0279507
0.0285887
0.029058
0.0296708
0.0303938
0.0310031
0.0315987
0.032295
0.0330245
0.033687
0.0343707
0.0350986
0.0358396
0.0365869
0.037366
0.0381239
0.0389151
0.0397412
0.0405566
0.0413774
0.0422557
0.0431456
0.0439955
0.0449139
0.0458503
0.046799
0.0477362
0.0487312
0.0497321
0.0507609
0.0518042
0.0528534
0.0539495
0.0550545
0.0561897
0.0573402
0.0585034
0.0597109
0.0609209
0.0621778
0.0634321
0.0647297
0.0660553
0.0673868
0.068736
0.0700485
0.0712234
0.0719879
0.00875977
0.00949545
0.0103923
0.0112748
0.0120454
0.0126604
0.0130727
0.0132772
0.0133127
0.0132597
0.0132106
0.0131988
0.0132222
0.0132641
0.0133299
0.0134383
0.0135995
0.0138213
0.0140701
0.0143242
0.0146032
0.0149117
0.0152352
0.0155427
0.0157975
0.0160647
0.0163848
0.0167268
0.0170594
0.0173409
0.0176733
0.0180911
0.0184272
0.0187275
0.0191269
0.0195455
0.0199716
0.0204105
0.0207998
0.0212216
0.0217244
0.0221826
0.0225698
0.0230578
0.0236742
0.0241958
0.0245463
0.0249998
0.0257069
0.026363
0.0267487
0.0271978
0.0279326
0.0286119
0.0290819
0.0296664
0.0303942
0.0310201
0.0316076
0.0322939
0.0330304
0.0336977
0.0343756
0.035102
0.0358441
0.0365913
0.0373727
0.0381298
0.0389167
0.0397463
0.0405624
0.0413803
0.0422606
0.0431519
0.0439994
0.0449172
0.045856
0.0468043
0.0477416
0.0487362
0.0497385
0.0507663
0.0518094
0.0528583
0.0539545
0.0550595
0.0561946
0.0573452
0.0585074
0.0597168
0.0609262
0.0621831
0.0634394
0.0647382
0.0660657
0.0673986
0.0687507
0.0700657
0.0712412
0.0720067
0.00882477
0.00957053
0.0104628
0.011326
0.012068
0.0126527
0.0130514
0.0132588
0.013309
0.013262
0.0132021
0.0131759
0.0131943
0.0132472
0.0133303
0.0134557
0.0136231
0.0138406
0.0140923
0.0143574
0.0146384
0.0149421
0.0152558
0.015565
0.0158409
0.0161094
0.0164153
0.0167438
0.017079
0.0173859
0.0176997
0.0180927
0.0184652
0.018777
0.0191512
0.0195648
0.0199847
0.02043
0.0208413
0.0212461
0.0217243
0.0221996
0.0226124
0.0230749
0.0236493
0.0242119
0.0246126
0.0250066
0.025663
0.0263813
0.0268084
0.0272009
0.0279069
0.0286306
0.0291122
0.0296647
0.0303916
0.0310385
0.0316202
0.032292
0.0330349
0.0337095
0.0343819
0.0351064
0.0358492
0.0365954
0.03738
0.0381361
0.038918
0.0397509
0.0405685
0.0413834
0.0422655
0.0431578
0.0440045
0.0449227
0.0458626
0.0468104
0.0477478
0.048742
0.0497451
0.050772
0.0518147
0.0528641
0.0539601
0.0550651
0.0561993
0.0573499
0.0585115
0.059723
0.0609322
0.0621892
0.063448
0.0647478
0.0660768
0.0674113
0.0687663
0.0700835
0.0712593
0.0720258
0.00890893
0.00965639
0.0105415
0.0113824
0.0120943
0.0126448
0.0130131
0.013209
0.0132623
0.0132235
0.0131617
0.0131302
0.0131474
0.013212
0.013313
0.0134579
0.0136407
0.0138614
0.0141156
0.014387
0.0146703
0.0149688
0.0152754
0.0155817
0.0158707
0.0161474
0.0164452
0.0167651
0.0170941
0.0174157
0.0177318
0.018101
0.0184902
0.0188255
0.019182
0.0195859
0.0200008
0.0204416
0.0208743
0.0212766
0.0217305
0.0222117
0.0226445
0.0231027
0.0236371
0.0242047
0.0246699
0.0250417
0.0256155
0.026372
0.0268739
0.0272187
0.0278717
0.0286372
0.0291449
0.0296649
0.0303827
0.0310544
0.0316352
0.0322882
0.0330353
0.0337203
0.0343878
0.03511
0.0358534
0.0365978
0.0373868
0.0381431
0.0389193
0.0397552
0.0405749
0.0413869
0.0422697
0.0431632
0.0440091
0.044926
0.0458669
0.0468154
0.0477531
0.0487472
0.049751
0.050777
0.0518189
0.0528691
0.0539647
0.0550699
0.0562038
0.0573544
0.0585153
0.0597281
0.060937
0.0621937
0.0634554
0.0647561
0.0660864
0.0674228
0.0687802
0.0700999
0.0712762
0.0720433
0.00900023
0.00973521
0.0106052
0.0114233
0.0121067
0.0126234
0.0129657
0.0131428
0.0131892
0.0131573
0.0131001
0.0130704
0.0130918
0.0131688
0.0132911
0.013458
0.0136622
0.0138925
0.0141496
0.0144233
0.0147057
0.0149977
0.0152962
0.0155988
0.0158946
0.0161816
0.0164769
0.0167894
0.0171109
0.0174363
0.0177627
0.0181189
0.0185084
0.0188692
0.0192199
0.0196106
0.0200233
0.0204531
0.0208998
0.0213123
0.0217447
0.0222248
0.0226697
0.0231299
0.0236453
0.0241918
0.0247063
0.0251049
0.02559
0.026336
0.0269392
0.0272669
0.0278399
0.0286334
0.029185
0.0296754
0.0303728
0.0310708
0.0316574
0.0322874
0.0330347
0.0337327
0.0343972
0.0351161
0.0358595
0.0366006
0.0373933
0.0381504
0.0389211
0.0397588
0.0405817
0.0413912
0.0422738
0.0431681
0.0440177
0.0449321
0.0458725
0.0468216
0.0477599
0.0487538
0.0497577
0.0507829
0.0518245
0.0528759
0.0539708
0.0550756
0.056209
0.0573596
0.0585207
0.0597349
0.0609439
0.0622003
0.0634646
0.064766
0.066097
0.0674357
0.0687954
0.0701167
0.0712934
0.0720614
0.00916395
0.00985688
0.0106747
0.0114272
0.0120384
0.0124945
0.0127951
0.0129461
0.0129989
0.0129819
0.0129457
0.0129362
0.0129787
0.0130797
0.0132345
0.0134319
0.0136609
0.0139067
0.0141672
0.0144413
0.0147205
0.0150071
0.0152989
0.0155993
0.015901
0.0161967
0.0164968
0.0168055
0.0171217
0.0174474
0.0177822
0.0181368
0.0185191
0.0188973
0.0192545
0.0196308
0.0200413
0.0204609
0.0209101
0.0213425
0.0217618
0.0222344
0.0226896
0.023145
0.0236581
0.0241828
0.0247074
0.0251651
0.025593
0.0262709
0.0269693
0.0273349
0.027813
0.0286044
0.0292193
0.0296923
0.0303564
0.0310792
0.0316804
0.0322861
0.033028
0.0337403
0.0344052
0.0351209
0.035864
0.0366017
0.0373983
0.0381579
0.0389239
0.0397618
0.0405878
0.0413963
0.0422766
0.043172
0.0440182
0.0449359
0.0458753
0.0468264
0.0477657
0.0487599
0.0497634
0.0507871
0.0518283
0.0528812
0.0539755
0.0550798
0.0562133
0.0573635
0.0585244
0.0597393
0.0609482
0.0622047
0.0634721
0.0647746
0.0661061
0.067447
0.0688088
0.070132
0.0713093
0.0720775
0.00940343
0.0100664
0.0108453
0.011539
0.0120778
0.0124532
0.012666
0.0127501
0.0127538
0.0127521
0.0127635
0.0128055
0.012892
0.0130289
0.0132147
0.0134373
0.0136793
0.0139329
0.0141917
0.0144616
0.0147359
0.0150168
0.0153043
0.0156008
0.0159068
0.0162091
0.0165164
0.0168273
0.0171413
0.017467
0.0178041
0.0181604
0.0185373
0.0189229
0.0192935
0.0196608
0.0200641
0.0204787
0.0209188
0.0213688
0.021789
0.0222461
0.0227145
0.0231624
0.0236718
0.0241969
0.0247017
0.0252113
0.0256422
0.0262205
0.0269625
0.0274206
0.0278216
0.0285609
0.029245
0.0297241
0.0303424
0.0310821
0.0317081
0.0322922
0.0330217
0.0337471
0.0344167
0.0351295
0.0358708
0.036604
0.0374022
0.038165
0.0389276
0.0397645
0.040594
0.0414028
0.0422792
0.0431748
0.0440285
0.0449426
0.0458788
0.0468318
0.047772
0.0487663
0.0497696
0.050792
0.0518336
0.0528883
0.0539817
0.0550847
0.0562182
0.0573688
0.0585303
0.0597461
0.0609548
0.062211
0.0634805
0.0647837
0.0661154
0.0674588
0.0688229
0.0701471
0.0713249
0.0720941
0.00954649
0.010013
0.0105928
0.0111192
0.0115457
0.0118709
0.0121145
0.0122795
0.0123876
0.0124544
0.012555
0.0126931
0.0128522
0.0130328
0.0132359
0.013463
0.0137011
0.0139498
0.0142024
0.0144632
0.0147329
0.0150095
0.0152967
0.0155903
0.015899
0.0162088
0.0165229
0.0168415
0.0171575
0.0174851
0.0178209
0.0181753
0.0185504
0.0189365
0.0193191
0.0196869
0.0200797
0.0204945
0.0209257
0.0213815
0.0218165
0.0222573
0.0227321
0.02318
0.0236699
0.0242089
0.0246979
0.0252221
0.0256988
0.0261978
0.0269132
0.0274857
0.0278656
0.0285143
0.0292494
0.0297673
0.0303368
0.0310754
0.0317339
0.0323047
0.0330138
0.0337474
0.0344255
0.0351371
0.035877
0.0366056
0.037404
0.038172
0.0389324
0.039766
0.0405994
0.0414097
0.0422798
0.0431764
0.044037
0.0449483
0.0458811
0.0468379
0.04778
0.0487738
0.0497761
0.0507963
0.0518381
0.0528946
0.0539874
0.0550892
0.0562229
0.057373
0.0585344
0.0597505
0.0609591
0.0622164
0.0634886
0.064793
0.0661247
0.0674702
0.0688361
0.0701613
0.0713396
0.0721089
0.0112427
0.0111223
0.010914
0.0107751
0.010742
0.0108223
0.0110069
0.0112728
0.0116057
0.011977
0.0123125
0.0125988
0.0128454
0.0130711
0.0132828
0.0134973
0.0137216
0.0139577
0.0142015
0.0144522
0.0147181
0.014994
0.0152821
0.0155761
0.0158836
0.0162005
0.0165188
0.016845
0.0171681
0.0175001
0.0178384
0.0181896
0.0185659
0.0189516
0.0193403
0.0197144
0.0200973
0.0205098
0.0209358
0.0213864
0.0218376
0.0222739
0.0227447
0.023202
0.0236707
0.0242137
0.024709
0.0252228
0.0257438
0.0262115
0.0268523
0.0275108
0.0279321
0.0284798
0.029224
0.0298044
0.0303393
0.0310569
0.0317497
0.0323231
0.0330085
0.0337437
0.0344337
0.0351461
0.0358855
0.0366096
0.037403
0.0381783
0.0389392
0.0397664
0.0406049
0.0414195
0.0422804
0.0431789
0.0440485
0.0449538
0.0458807
0.0468416
0.0477856
0.0487784
0.0497801
0.0507991
0.0518423
0.0529006
0.0539918
0.0550924
0.0562265
0.0573773
0.0585395
0.0597562
0.0609643
0.0622215
0.0634953
0.0648
0.0661319
0.0674797
0.0688479
0.0701738
0.0713527
0.0721232
0.0110066
0.0107207
0.0103694
0.010127
0.0100417
0.0101463
0.0104327
0.0108624
0.0113333
0.0117768
0.0121659
0.0125077
0.0128066
0.0130676
0.0132991
0.0135192
0.0137439
0.0139762
0.0142158
0.0144627
0.0147235
0.0149991
0.0152849
0.0155788
0.0158811
0.0161977
0.0165176
0.0168451
0.0171772
0.0175111
0.0178545
0.0182035
0.0185796
0.0189667
0.0193543
0.0197389
0.0201179
0.0205274
0.0209532
0.0213953
0.021857
0.0222972
0.0227574
0.0232223
0.0236788
0.0242095
0.0247251
0.0252288
0.0257688
0.0262516
0.0268141
0.0275008
0.0280105
0.028488
0.0291923
0.02984
0.0303672
0.0310438
0.0317611
0.0323504
0.0330105
0.0337387
0.0344393
0.0351529
0.0358949
0.0366156
0.0374
0.0381825
0.038948
0.0397653
0.0406087
0.041429
0.0422783
0.043178
0.0440613
0.0449611
0.0458817
0.0468497
0.0477972
0.0487878
0.049787
0.0508044
0.0518489
0.0529087
0.0539983
0.0550975
0.0562322
0.0573823
0.0585439
0.0597607
0.0609689
0.0622277
0.0635036
0.0648096
0.0661414
0.0674909
0.0688606
0.0701866
0.071366
0.0721365
0.011785
0.0114643
0.0110199
0.0106356
0.0104055
0.010344
0.0104442
0.0106715
0.0109871
0.0113514
0.0117339
0.0121124
0.0124709
0.0128058
0.0131117
0.0133985
0.0136725
0.0139411
0.0142032
0.0144644
0.014729
0.015005
0.0152881
0.0155781
0.0158744
0.0161822
0.0165018
0.0168263
0.0171646
0.0175044
0.0178562
0.0182143
0.0185875
0.0189767
0.019359
0.0197494
0.020133
0.0205359
0.0209636
0.0213973
0.0218619
0.0223113
0.0227624
0.0232317
0.0236871
0.0241994
0.02473
0.0252368
0.0257726
0.0262835
0.0268005
0.027456
0.0280503
0.028517
0.0291459
0.0298389
0.0303954
0.0310226
0.0317522
0.0323741
0.0330121
0.0337326
0.0344422
0.0351548
0.0359064
0.0366243
0.0373937
0.0381863
0.0389568
0.0397633
0.040614
0.0414412
0.0422759
0.0431775
0.0440747
0.0449657
0.0458766
0.0468511
0.0478032
0.0487912
0.0497878
0.050805
0.0518523
0.0529137
0.0540007
0.0550988
0.0562348
0.057386
0.0585479
0.0597649
0.0609728
0.0622315
0.0635084
0.0648143
0.0661464
0.0674978
0.0688693
0.0701959
0.071376
0.0721477
0.00980774
0.0101173
0.0104991
0.0108321
0.0110981
0.0112613
0.01133
0.011366
0.0114308
0.0115563
0.011752
0.0120164
0.0123273
0.012665
0.0130055
0.0133346
0.0136433
0.0139378
0.0142187
0.0144899
0.01476
0.0150337
0.0153144
0.0155989
0.0158889
0.0161858
0.0164986
0.0168202
0.0171566
0.0175048
0.0178634
0.0182345
0.0186064
0.0189889
0.0193695
0.0197575
0.0201541
0.0205532
0.0209812
0.0214144
0.0218697
0.0223303
0.0227729
0.0232409
0.0237044
0.0241975
0.0247335
0.025251
0.0257772
0.0263068
0.0268179
0.0274276
0.0280606
0.028576
0.0291379
0.0298258
0.0304419
0.0310256
0.0317373
0.0324038
0.0330204
0.0337275
0.0344499
0.0351505
0.0359163
0.0366394
0.0373851
0.038189
0.0389692
0.0397572
0.040618
0.0414543
0.0422703
0.0431743
0.044091
0.0449755
0.0458765
0.046859
0.0478171
0.0488029
0.0497947
0.0508102
0.05186
0.0529229
0.0540073
0.0551034
0.0562402
0.0573905
0.058552
0.0597687
0.0609766
0.0622373
0.0635158
0.0648232
0.066155
0.0675077
0.0688804
0.0702067
0.0713868
0.0721586
0.0118179
0.0114643
0.0109623
0.0105005
0.0101529
0.00997225
0.0099902
0.010188
0.0105082
0.0109091
0.0113423
0.0117763
0.0121939
0.0125908
0.0129626
0.0133073
0.0136255
0.0139205
0.0142014
0.0144728
0.0147448
0.0150198
0.0153003
0.0155859
0.0158738
0.0161701
0.0164788
0.0168025
0.0171392
0.0174937
0.0178613
0.0182394
0.0186174
0.0189902
0.0193706
0.0197555
0.0201585
0.0205632
0.0209842
0.0214246
0.0218697
0.0223352
0.0227801
0.0232386
0.0237162
0.0241974
0.0247304
0.0252598
0.0257778
0.0263139
0.0268327
0.0274168
0.0280405
0.0286028
0.0291488
0.0297915
0.0304583
0.0310389
0.0317102
0.0324192
0.0330334
0.0337172
0.0344591
0.035146
0.0359158
0.0366593
0.0373781
0.0381838
0.0389834
0.0397519
0.0406162
0.0414726
0.0422685
0.0431659
0.0441028
0.0449825
0.0458702
0.0468572
0.047821
0.0488063
0.0497954
0.0508092
0.0518614
0.0529267
0.0540094
0.055104
0.0562419
0.0573931
0.0585547
0.0597716
0.0609789
0.0622393
0.0635187
0.0648259
0.0661576
0.0675114
0.0688857
0.0702123
0.0713932
0.0721657
0.0112309
0.0107746
0.0101895
0.00970295
0.00941868
0.00936337
0.00951284
0.00982724
0.0102591
0.010756
0.0112654
0.0117529
0.0122038
0.0126161
0.0129926
0.0133345
0.0136454
0.0139317
0.0142036
0.0144712
0.0147407
0.0150156
0.0152949
0.0155808
0.0158672
0.0161631
0.0164712
0.0167944
0.0171334
0.0174889
0.0178614
0.0182401
0.0186212
0.0189915
0.0193695
0.0197564
0.0201581
0.0205694
0.0209875
0.0214296
0.0218748
0.0223353
0.0227857
0.0232369
0.023717
0.0241992
0.0247242
0.02526
0.0257761
0.026312
0.0268387
0.0274208
0.0280346
0.0286098
0.0291713
0.0297888
0.0304611
0.0310604
0.031705
0.0324205
0.0330478
0.0337132
0.0344627
0.0351503
0.0359125
0.0366711
0.0373826
0.0381766
0.0389917
0.0397557
0.0406118
0.0414812
0.0422751
0.0431615
0.0441094
0.0449966
0.0458765
0.0468644
0.0478323
0.0488178
0.049805
0.0508166
0.0518682
0.0529343
0.0540168
0.0551091
0.0562467
0.0573969
0.0585579
0.059775
0.0609824
0.0622443
0.0635243
0.0648335
0.0661648
0.067519
0.0688935
0.0702203
0.0714015
0.0721748
)
;

boundaryField
{
    ZeroGradientPlanes
    {
        type            zeroGradient;
    }
    inlet
    {
        type            zeroGradient;
    }
    plate
    {
        type            zeroGradient;
    }
    frontAndBack
    {
        type            empty;
    }
}


// ************************************************************************* //
