/*--------------------------------*- C++ -*----------------------------------*\
| =========                 |                                                 |
| \\      /  F ield         | OpenFOAM: The Open Source CFD Toolbox           |
|  \\    /   O peration     | Version:  2506                                  |
|   \\  /    A nd           | Website:  www.openfoam.com                      |
|    \\/     M anipulation  |                                                 |
\*---------------------------------------------------------------------------*/
FoamFile
{
    version     2.0;
    format      ascii;
    arch        "LSB;label=32;scalar=64";
    class       volScalarField;
    location    "9.5";
    object      p;
}
// * * * * * * * * * * * * * * * * * * * * * * * * * * * * * * * * * * * * * //

dimensions      [0 2 -2 0 0 0 0];

internalField   nonuniform List<scalar> 
9600
(
-8.36919e-11
0.00195206
-0.00447006
0.00212154
0.00847485
0.00451789
0.00235618
0.00862408
0.00660985
0.00554476
0.00607702
0.00595252
0.00743153
0.00740264
0.0066615
0.00722008
0.00844772
0.00964059
0.0098368
0.0129954
-6.35959e-07
0.00191573
-0.00445004
0.00214702
0.00841511
0.00450385
0.00236932
0.00861927
0.00661168
0.00554754
0.0060732
0.00596319
0.0074317
0.00739184
0.00666717
0.0072149
0.00846953
0.00959721
0.00989534
0.0127628
-3.67105e-06
0.00187656
-0.00443027
0.00217158
0.00834959
0.00449047
0.00237939
0.00860215
0.00661856
0.00554683
0.0060703
0.00598394
0.00742481
0.00738309
0.00667469
0.0072136
0.00849607
0.00953482
0.00993028
0.0124565
-7.85776e-06
0.00183228
-0.00440892
0.00220774
0.00827909
0.00448006
0.0023892
0.00857576
0.00663002
0.00554026
0.00606706
0.00601168
0.00741327
0.00737971
0.0066808
0.00721645
0.00851775
0.00947857
0.00993692
0.0121561
-1.28965e-05
0.00178402
-0.00437882
0.00225254
0.00819361
0.00448349
0.00240777
0.00853913
0.00664449
0.00552578
0.0060612
0.0060461
0.00739881
0.00737775
0.00668787
0.00721924
0.00853726
0.009423
0.00991734
0.0118661
-1.80915e-05
0.00173703
-0.00433243
0.00229142
0.00809128
0.00450563
0.00244211
0.00849079
0.00666083
0.0055022
0.00605357
0.00608558
0.00738348
0.00737561
0.00669717
0.00722081
0.00855628
0.00936705
0.00987494
0.0115888
-2.24114e-05
0.00169678
-0.0042646
0.00231188
0.00797648
0.0045461
0.00249471
0.00843252
0.00667888
0.00547126
0.00604586
0.00612873
0.00736971
0.0073725
0.00670807
0.00722101
0.0085729
0.00930065
0.0098137
0.0113257
-2.50033e-05
0.00166715
-0.00417331
0.00231014
0.0078571
0.00459774
0.00256357
0.00836889
0.00669907
0.00543624
0.00603899
0.00617456
0.00735838
0.00736731
0.00671939
0.00721968
0.00858506
0.0092488
0.00973651
0.0110745
-2.54877e-05
0.00164993
-0.00405942
0.00229056
0.00774104
0.00465205
0.00264407
0.00830366
0.00672184
0.00540034
0.006033
0.00622158
0.00734909
0.00735927
0.00673006
0.00721676
0.00859124
0.00920082
0.00964445
0.0108315
-2.39432e-05
0.00164529
-0.00392536
0.00226247
0.0076332
0.00470226
0.00273092
0.00823853
0.00674738
0.00536592
0.00602745
0.00626796
0.00734113
0.0073482
0.00673911
0.0072127
0.00859043
0.0091556
0.0095379
0.0105942
-2.06483e-05
0.00165249
-0.00377422
0.00223446
0.00753437
0.00474498
0.00281942
0.00817399
0.00677555
0.00533446
0.00602194
0.00631206
0.00733386
0.00733424
0.00674569
0.00720807
0.00858191
0.00911113
0.00941882
0.0103609
-1.57859e-05
0.00167011
-0.00360943
0.00221128
0.0074424
0.00477944
0.00290608
0.00810982
0.00680579
0.00530657
0.0060163
0.00635295
0.00732669
0.00731786
0.00674922
0.00720326
0.00856499
0.00906589
0.00929033
0.010129
-9.27306e-06
0.00169615
-0.00343462
0.00219408
0.00735408
0.00480617
0.00298881
0.00804582
0.00683735
0.00528198
0.00601038
0.0063905
0.00731925
0.00729988
0.00674926
0.00719844
0.00854
0.00901815
0.00915481
0.0098951
-8.35416e-07
0.00172828
-0.00325312
0.00218195
0.00726662
0.00482601
0.00306697
0.00798201
0.00686942
0.00525967
0.00600393
0.00642536
0.00731138
0.00728126
0.0067454
0.00719353
0.00850803
0.00896553
0.00901384
0.00965796
9.84311e-06
0.00176427
-0.00306742
0.00217368
0.00717832
0.0048398
0.00314092
0.00791852
0.00690134
0.00523841
0.00599666
0.00645864
0.00730294
0.00726276
0.00673741
0.00718809
0.00847046
0.00890594
0.00886884
0.0094183
2.3052e-05
0.00180233
-0.00287908
0.00216834
0.00708848
0.00484835
0.00321147
0.00785559
0.00693269
0.00521729
0.00598828
0.00649141
0.00729374
0.00724484
0.00672543
0.00718108
0.00842859
0.00883836
0.00872107
0.00917777
3.90232e-05
0.00184111
-0.00268882
0.00216535
0.00699714
0.00485259
0.00327952
0.00779338
0.00696328
0.00519593
0.00597852
0.00652454
0.00728355
0.00722765
0.00671004
0.00717116
0.00838332
0.00876245
0.00857118
0.00893798
5.7935e-05
0.00187969
-0.00249682
0.00216445
0.00690466
0.00485335
0.00334576
0.007732
0.00699303
0.00517435
0.00596714
0.00655863
0.00727224
0.00721085
0.00669209
0.0071572
0.00833496
0.00867854
0.00841902
0.00870067
7.99489e-05
0.00191747
-0.00230297
0.00216559
0.00681137
0.00485131
0.00341065
0.00767149
0.00702192
0.00515292
0.00595388
0.00659397
0.00725981
0.00719374
0.00667238
0.00713845
0.00828351
0.00858747
0.00826414
0.00846763
0.000105219
0.00195404
-0.00210716
0.00216883
0.00671756
0.004847
0.00347438
0.00761187
0.00704998
0.00513212
0.00593836
0.0066306
0.00724649
0.00717559
0.00665132
0.00711425
0.00822892
0.00849037
0.00810622
0.00824047
0.000133901
0.00198914
-0.00190938
0.00217431
0.00662353
0.00484087
0.00353697
0.0075532
0.00707722
0.00511234
0.00592028
0.00666848
0.00723254
0.00715572
0.00662915
0.0070842
0.00817117
0.00838847
0.00794483
0.00802024
0.000166151
0.00202261
-0.0017097
0.00218222
0.00652945
0.00483326
0.00359829
0.00749553
0.00710371
0.00509381
0.00589938
0.00670764
0.00721822
0.00713354
0.00660613
0.00704783
0.00811018
0.00828361
0.00777912
0.00780659
0.000202131
0.0020544
-0.00150838
0.00219276
0.00643542
0.00482448
0.00365817
0.0074389
0.00712956
0.00507656
0.00587536
0.00674816
0.00720383
0.00710855
0.00658255
0.00700441
0.00804535
0.00817858
0.00760861
0.0075968
0.000241972
0.00208459
-0.00130574
0.00220609
0.00634151
0.00481481
0.00371647
0.00738325
0.00715496
0.00506063
0.00584771
0.00679008
0.00718987
0.00708019
0.0065588
0.00695361
0.00797532
0.00807631
0.00743443
0.00738565
0.000285771
0.00211335
-0.00110223
0.00222235
0.00624777
0.00480447
0.00377302
0.00732841
0.00718016
0.00504613
0.00581572
0.00683339
0.0071769
0.00704748
0.00653535
0.0068961
0.00789813
0.0079787
0.00726046
0.00716669
0.000333633
0.00214097
-0.000898387
0.00224168
0.0061543
0.00479374
0.00382765
0.00727402
0.00720555
0.00503341
0.00577856
0.00687805
0.00716577
0.00700886
0.00651239
0.0068336
0.00781162
0.00788608
0.00709336
0.00693525
0.000385594
0.00216784
-0.000694791
0.00226419
0.00606125
0.00478293
0.00388032
0.00721947
0.00723136
0.0050232
0.00573521
0.00692375
0.00715792
0.00696275
0.00648942
0.00676853
0.00771398
0.00779645
0.00694062
0.00669257
0.000441597
0.00219451
-0.000491954
0.00228992
0.00596878
0.00477222
0.00393126
0.007164
0.00725751
0.0050166
0.00568453
0.00696951
0.00715547
0.00690816
0.00646504
0.0067037
0.00760422
0.00770481
0.00680826
0.00644873
0.000501531
0.00222163
-0.000290377
0.00231884
0.00587721
0.00476154
0.00398089
0.00710714
0.00728351
0.00501486
0.00562563
0.00701368
0.00716077
0.00684492
0.00643676
0.00664233
0.00748367
0.00760418
0.00669757
0.00622024
0.000565243
0.00224988
-9.05215e-05
0.00235094
0.00578694
0.00475079
0.00402972
0.00704868
0.00730869
0.00501906
0.00555808
0.00705387
0.00717592
0.00677395
0.00640114
0.00658705
0.00735717
0.00748939
0.00660157
0.00602095
0.000632535
0.00227997
0.00010725
0.00238608
0.00569831
0.00474003
0.00407832
0.00698862
0.00733215
0.00503033
0.00548223
0.00708679
0.00720197
0.00669769
0.0063547
0.00653801
0.00723077
0.00736024
0.00650897
0.00585607
0.000703141
0.00231258
0.000302674
0.002424
0.00561187
0.00472909
0.00412691
0.00692695
0.00735279
0.00504975
0.00539951
0.00710888
0.00723866
0.00661919
0.00629486
0.00649373
0.0071087
0.00722042
0.00641222
0.00571959
0.000776816
0.00234839
0.000495536
0.00246458
0.00552827
0.00471743
0.00417529
0.00686471
0.00736936
0.00507773
0.00531178
0.00711729
0.00728536
0.00654138
0.00621947
0.0064533
0.0069943
0.00707273
0.00630959
0.00560236
0.000853338
0.00238796
0.000685836
0.00250745
0.00544815
0.00470498
0.00422307
0.00680316
0.00738083
0.00511367
0.00522073
0.0071097
0.00734123
0.00646736
0.00612585
0.00641555
0.00689309
0.00691784
0.00619979
0.00549967
0.000932461
0.00243166
0.000873912
0.00255204
0.00537224
0.00469223
0.00426931
0.00674331
0.00738695
0.00515678
0.00512793
0.00708398
0.00740478
0.00640127
0.00601139
0.00637614
0.00681265
0.00675852
0.00607719
0.00540929
0.00101391
0.00247964
0.00106051
0.00259779
0.0053009
0.00467968
0.00431298
0.00668606
0.00738805
0.00520612
0.00503496
0.00703824
0.00747325
0.00634843
0.00587551
0.00632631
0.00675872
0.00660509
0.00593449
0.00532421
0.00109758
0.00253177
0.00124664
0.00264411
0.00523385
0.00466835
0.00435294
0.00663169
0.0073848
0.00526069
0.00494347
0.00697127
0.00754262
0.00631426
0.00572117
0.00625554
0.00673047
0.00647405
0.00576989
0.0052303
0.00118349
0.00258751
0.00143356
0.0026907
0.00517046
0.00465968
0.00438815
0.00657964
0.00737844
0.00531941
0.00485471
0.00688269
0.00760845
0.00630337
0.00555471
0.00615456
0.00671906
0.00637991
0.00559378
0.00511318
0.0012717
0.0026461
0.00162274
0.00273778
0.00510938
0.0046551
0.00441817
0.00652949
0.00737037
0.00538209
0.00476964
0.00677195
0.00766572
0.00631933
0.0053851
0.00601709
0.0067106
0.00633022
0.00542568
0.00496557
0.00136249
0.0027066
0.00181537
0.00278614
0.00504852
0.00465638
0.00444368
0.0064787
0.00736113
0.00544991
0.00468967
0.00663817
0.00770801
0.00636393
0.00522374
0.00584043
0.00668914
0.0063249
0.00528577
0.0047912
0.00145636
0.00276781
0.0020119
0.00283723
0.00498567
0.00466474
0.00446596
0.00642399
0.00734945
0.00552368
0.00461758
0.00648173
0.00772778
0.00643586
0.00508395
0.00562681
0.0066375
0.00635723
0.00519259
0.00460289
0.00155403
0.00282841
0.00221174
0.00289357
0.00491902
0.0046796
0.00448846
0.00636391
0.00733332
0.0056038
0.0045576
0.00630514
0.00771663
0.00652885
0.00497948
0.00538589
0.0065393
0.00641201
0.00516242
0.00442208
0.00165633
0.00288724
0.00241356
0.00295851
0.00484735
0.00469935
0.00451481
0.00629817
0.00731037
0.00568958
0.0045143
0.00611349
0.00766651
0.00663181
0.00492157
0.00513503
0.00638429
0.00646541
0.00520227
0.0042784
0.00176405
0.00294346
0.00261515
0.00303585
0.00477102
0.00472061
0.00454821
0.00622761
0.00727674
0.00577813
0.00449254
0.00591438
0.0075724
0.00673158
0.00491431
0.00489409
0.00617439
0.00649107
0.00530112
0.00420121
0.00187786
0.00299679
0.00281336
0.00312919
0.00469193
0.00473828
0.00459162
0.00615532
0.00722792
0.00586482
0.00449531
0.00571583
0.00743505
0.00681561
0.00495353
0.00468048
0.00592244
0.00647053
0.00543348
0.00420709
0.00199829
0.00304731
0.00300461
0.00324113
0.00461286
0.00474671
0.00464547
0.00608475
0.00716159
0.00594434
0.00452247
0.00552592
0.00726074
0.00687374
0.00503006
0.00450677
0.00564452
0.00639778
0.00557241
0.0042901
0.00212582
0.00309566
0.003185
0.00337249
0.00453826
0.00474086
0.00470631
0.00602298
0.00708009
0.00600946
0.00457066
0.00535389
0.00705862
0.00689829
0.00513177
0.00438156
0.00535713
0.00627317
0.00569733
0.00442924
0.00226063
0.00314352
0.00335095
0.00352128
0.0044738
0.00471854
0.00476965
0.00597642
0.00698794
0.00605297
0.00463296
0.00520797
0.00684128
0.00688658
0.00524475
0.00430869
0.00507881
0.0060983
0.00579242
0.00460254
0.00240266
0.00319278
0.00349978
0.00368381
0.00443333
0.00468031
0.00482721
0.00594831
0.00689215
0.00607335
0.00470041
0.00508887
0.00662185
0.00684304
0.00535725
0.00428485
0.00482702
0.00587977
0.00584262
0.00479189
0.0025515
0.00324593
0.00362962
0.0038545
0.00442051
0.00462885
0.00486776
0.00593552
0.00680457
0.00607586
0.00476311
0.00499193
0.00640884
0.0067753
0.00546345
0.00430018
0.00461163
0.00563162
0.00583681
0.00498039
0.00270629
0.00330594
0.00373979
0.00402629
0.00443841
0.0045689
0.00488257
0.00593361
0.00673512
0.00606683
0.00481602
0.00491324
0.00620509
0.00668905
0.00556148
0.00434629
0.00443601
0.00537123
0.00577279
0.00515027
0.00286594
0.00337526
0.00383085
0.00419178
0.00448857
0.00451019
0.0048679
0.00593235
0.00668732
0.00605664
0.0048596
0.00484722
0.00601182
0.00658618
0.00564747
0.00441889
0.00430351
0.00511495
0.00565675
0.00528392
0.00302884
0.00345594
0.00390608
0.00434365
0.0045685
0.00446508
0.00482487
0.00591458
0.00665666
0.0060591
0.00489938
0.00478848
0.00582856
0.00646866
0.0057165
0.00451233
0.00421736
0.00487692
0.00549919
0.00536654
0.00319357
0.00354847
0.00396985
0.00447636
0.00467233
0.00444661
0.00475841
0.00586635
0.00663607
0.00608338
0.00494502
0.00473727
0.0056519
0.00633856
0.0057672
0.00461882
0.00417649
0.00467015
0.00531552
0.00539088
0.0033593
0.00365467
0.00402714
0.00458484
0.00479072
0.00444094
0.00467678
0.00578111
0.0066133
0.00612977
0.0050079
0.00469953
0.00548076
0.00619508
0.00579925
0.00473215
0.00417495
0.00450287
0.0051253
0.00536091
0.00352258
0.00377185
0.00408764
0.00467075
0.00491232
0.00448894
0.00459524
0.00566063
0.0065716
0.00619396
0.00509526
0.00468192
0.00532133
0.00603756
0.00580858
0.00484823
0.00420693
0.00437591
0.00494492
0.00529106
0.00368462
0.00389544
0.00415148
0.00473191
0.00503058
0.0045823
0.0045369
0.00551088
0.00649651
0.00626703
0.00520819
0.00469016
0.00518046
0.00587158
0.00578993
0.00496001
0.00426962
0.00428791
0.00478237
0.00519899
0.00384799
0.00404503
0.00421944
0.00475323
0.00507655
0.00469604
0.00452129
0.0053496
0.00638143
0.00632905
0.00534395
0.00472897
0.00506262
0.00570534
0.0057444
0.0050579
0.00435822
0.00423977
0.00464017
0.0050967
0.00400458
0.00418515
0.00430161
0.00476957
0.00516336
0.00482992
0.00454813
0.0052028
0.00623302
0.00635975
0.00549355
0.00480188
0.00497344
0.00554456
0.00567808
0.00513544
0.00446297
0.00423352
0.00452338
0.00499031
0.00415626
0.00433237
0.00439663
0.004781
0.00520917
0.00495764
0.00461302
0.00508594
0.0060617
0.00634756
0.00563872
0.00490685
0.00492037
0.00539444
0.00559425
0.00519104
0.00457311
0.00426762
0.0044415
0.00488561
0.00430319
0.00447475
0.00450175
0.0047978
0.00523559
0.00507098
0.00470654
0.00500821
0.00588436
0.00629433
0.00576381
0.00503626
0.00490893
0.00526461
0.00549557
0.00522359
0.00468052
0.00433348
0.00440174
0.00479229
0.0044424
0.00461176
0.00461898
0.00482585
0.00523945
0.00516351
0.00481695
0.0049721
0.00572153
0.00620755
0.00585818
0.00517755
0.00493561
0.00516652
0.00539155
0.00523108
0.00477837
0.00441841
0.00440312
0.00472279
0.00457557
0.00473808
0.00474352
0.0048659
0.00523985
0.00523509
0.00493193
0.00497331
0.00558627
0.00609867
0.00591645
0.00531886
0.00499397
0.0051048
0.00529709
0.00521652
0.00486064
0.00451295
0.00443927
0.00468956
0.00470929
0.0048676
0.00485795
0.00490964
0.00519021
0.00528786
0.00504359
0.0050067
0.00548553
0.00598392
0.00594067
0.00545174
0.00508203
0.00508143
0.005223
0.00519002
0.00492383
0.00460997
0.0044991
0.00469212
0.00483677
0.00498099
0.00497247
0.00497047
0.00519913
0.00532511
0.00514627
0.00506421
0.00542137
0.00587676
0.0059368
0.00556669
0.00519265
0.00509608
0.00517217
0.00516106
0.00496913
0.00470251
0.00457208
0.00471969
0.00495962
0.0050941
0.00508164
0.00503788
0.00520785
0.00535026
0.00523542
0.00513669
0.00539222
0.00578816
0.00591551
0.00565752
0.00531044
0.0051456
0.00515199
0.00514048
0.0050043
0.00479
0.00465773
0.00476884
0.00507513
0.00519461
0.00518671
0.00511556
0.00523556
0.00536759
0.00530965
0.00521573
0.00539347
0.0057254
0.00589038
0.00572867
0.00542529
0.00522332
0.00516951
0.00513833
0.00503535
0.00487063
0.00475283
0.00483784
0.00518809
0.00529306
0.00527757
0.00519109
0.00525869
0.00538162
0.00536959
0.00529546
0.00541895
0.00568836
0.0058694
0.00578798
0.00553814
0.00532181
0.00522418
0.00516561
0.00507227
0.0049452
0.00485122
0.00492289
0.00529301
0.00538448
0.00536118
0.00526573
0.00529347
0.00539438
0.0054159
0.00537177
0.00546335
0.00567762
0.00585898
0.00584112
0.00565043
0.00543725
0.00531143
0.00523106
0.00513229
0.00502358
0.00495215
0.00502165
0.00538375
0.00546302
0.00544533
0.00534369
0.00533766
0.00540918
0.00545224
0.00544016
0.00551864
0.00569306
0.00586673
0.00589313
0.00576419
0.00557247
0.00542935
0.0053359
0.00523071
0.00512412
0.00506551
0.00513558
0.00547434
0.00554308
0.00550539
0.00540111
0.00537952
0.0054283
0.00548298
0.00550023
0.00557608
0.00572734
0.00589667
0.00595292
0.00588169
0.00572941
0.00558095
0.00547841
0.00537385
0.00526608
0.00521014
0.00527536
0.00554847
0.00561064
0.00556556
0.0054561
0.00542329
0.00544911
0.00550805
0.00555318
0.00563487
0.00577248
0.00594474
0.00602773
0.00600538
0.00590596
0.00577214
0.00566373
0.00556512
0.00546289
0.00540921
0.00546956
0.00560781
0.00566412
0.00561874
0.00551933
0.00546429
0.00546951
0.00552424
0.00558982
0.00569131
0.0058267
0.00600711
0.00612444
0.00614871
0.00610667
0.00600598
0.0058903
0.00578946
0.00570186
0.00565795
0.00572538
0.00565607
0.00573194
0.00568054
0.00556233
0.00550882
0.00549858
0.00554163
0.00560351
0.00572326
0.00589222
0.00610677
0.00628647
0.0063862
0.00642395
0.00640767
0.00633592
0.00623392
0.00608743
0.00594199
0.00587913
0.00568242
0.0056922
0.0056231
0.0055604
0.00553634
0.00554805
0.00558184
0.00559762
0.0056203
0.0057139
0.00596023
0.00626247
0.00649751
0.00662691
0.0067172
0.00682781
0.00703056
0.00732919
0.00765207
0.00790624
0.00575052
0.00584455
0.00574477
0.00558656
0.00551236
0.00549606
0.00560649
0.00576574
0.00594655
0.00612047
0.0062999
0.00645563
0.00660796
0.00675667
0.00692101
0.00710011
0.0072768
0.00745625
0.00760812
0.00767836
0.00557839
0.00558868
0.00564897
0.00570997
0.0057609
0.00579251
0.00583158
0.00588277
0.00597037
0.00607897
0.00622608
0.00636576
0.00651936
0.00669108
0.00688931
0.00714283
0.00745193
0.00779939
0.00813025
0.00835607
0.00578599
0.00593722
0.005912
0.0058114
0.00579791
0.00581684
0.0058726
0.00593277
0.00604778
0.00621743
0.00642026
0.0066147
0.00678327
0.00692569
0.00700297
0.00698684
0.00687476
0.0066711
0.00642388
0.00620241
0.00559071
0.00564449
0.00575352
0.00583816
0.00591338
0.0059515
0.0059917
0.00601892
0.00610671
0.00623218
0.00637656
0.00653645
0.00670053
0.00688931
0.00713051
0.00741603
0.00774582
0.00808058
0.00836739
0.008515
0.00570033
0.00589647
0.00601152
0.00603771
0.00607399
0.0060862
0.00610689
0.0061008
0.00614819
0.00626868
0.00642453
0.00661563
0.0068152
0.00701018
0.007221
0.00742422
0.00761308
0.00776796
0.00786267
0.00783832
0.0161236
0.0113117
0.00442754
-0.000629021
-0.00168036
-0.000407546
0.00114884
0.00232987
0.00306259
0.00350596
0.0039073
0.00433453
0.00472082
0.00505162
0.00532925
0.00554776
0.00574756
0.00604994
0.00652508
0.00703751
0.00742041
0.00769881
0.00798402
0.0083334
0.00872602
0.00909507
0.00941151
0.00972672
0.0100609
0.010377
0.0107004
0.0110975
0.011537
0.011973
0.012403
0.0128307
0.0132473
0.0136499
0.014038
0.0144072
0.0147791
0.0151562
0.0155024
0.0158212
0.0161756
0.0165858
0.0170099
0.0174105
0.0178296
0.01831
0.0187989
0.0192725
0.0197896
0.0203672
0.0208947
0.0213044
0.0216442
0.0220503
0.022592
0.0232241
0.023849
0.0244488
0.0250171
0.0255555
0.0261239
0.0267023
0.0272775
0.0278857
0.0285316
0.0291539
0.0298162
0.0304957
0.0311763
0.0318583
0.0325772
0.0333062
0.0340559
0.0348226
0.0356102
0.0364168
0.0372401
0.0381066
0.0389337
0.0397916
0.0406637
0.0415946
0.0425278
0.0434488
0.0443816
0.0453091
0.0462855
0.0472967
0.0482909
0.0493347
0.0503524
0.051408
0.0524314
0.0534406
0.0543695
0.0551176
0.0155287
0.0111789
0.0045162
-0.000479266
-0.00159162
-0.000364652
0.00117626
0.00234891
0.00307604
0.00351588
0.0039152
0.00434137
0.00472695
0.00505721
0.00533435
0.00555225
0.00575125
0.00605287
0.00652767
0.0070401
0.00742286
0.00770092
0.00798578
0.00833491
0.00872743
0.00909644
0.00941278
0.00972787
0.010062
0.0103781
0.0107014
0.0110984
0.0115379
0.0119739
0.0124039
0.0128316
0.0132481
0.0136508
0.0140389
0.014408
0.0147799
0.0151569
0.0155032
0.0158219
0.0161762
0.0165864
0.0170105
0.0174111
0.0178302
0.0183105
0.0187994
0.019273
0.01979
0.0203676
0.0208951
0.0213049
0.0216446
0.0220506
0.0225923
0.0232244
0.0238493
0.0244491
0.0250174
0.0255557
0.0261241
0.0267026
0.0272778
0.0278859
0.0285318
0.0291541
0.0298164
0.0304959
0.0311765
0.0318585
0.0325774
0.0333064
0.0340561
0.0348228
0.0356103
0.036417
0.0372402
0.0381068
0.0389339
0.0397917
0.0406638
0.0415948
0.0425279
0.0434489
0.0443817
0.0453092
0.0462856
0.0472968
0.048291
0.0493348
0.0503525
0.051408
0.0524314
0.0534407
0.0543696
0.0551176
0.0149186
0.0110114
0.00467979
-0.000205845
-0.00143928
-0.000311548
0.00120249
0.00237067
0.00309411
0.00352983
0.00392581
0.00434957
0.00473341
0.00506263
0.00533925
0.00555678
0.00575523
0.00605615
0.00653052
0.00704276
0.00742529
0.00770303
0.00798758
0.00833646
0.00872884
0.00909776
0.00941395
0.00972892
0.010063
0.010379
0.0107021
0.0110991
0.0115387
0.0119748
0.0124047
0.0128323
0.0132489
0.0136515
0.0140396
0.0144087
0.0147805
0.0151576
0.0155038
0.0158225
0.0161768
0.0165869
0.0170111
0.0174116
0.0178306
0.0183109
0.0187999
0.0192733
0.0197903
0.020368
0.0208956
0.0213053
0.0216449
0.0220508
0.0225925
0.0232247
0.0238496
0.0244493
0.0250177
0.0255559
0.0261243
0.0267028
0.027278
0.0278861
0.028532
0.0291543
0.0298165
0.0304961
0.0311766
0.0318586
0.0325775
0.0333065
0.0340562
0.0348229
0.0356104
0.0364171
0.0372403
0.0381069
0.038934
0.0397918
0.0406639
0.0415949
0.042528
0.043449
0.0443818
0.0453093
0.0462856
0.0472969
0.0482911
0.0493349
0.0503526
0.0514081
0.0524315
0.0534408
0.0543697
0.0551177
0.014335
0.0108462
0.00489691
0.000147561
-0.00122719
-0.000236696
0.00124001
0.00240312
0.00312118
0.00355078
0.00394187
0.00436173
0.00474247
0.00506952
0.00534507
0.00556256
0.0057612
0.00606157
0.00653479
0.00704609
0.00742825
0.00770596
0.00799035
0.0083388
0.00873076
0.00909942
0.00941541
0.00973022
0.0100642
0.01038
0.0107029
0.0110998
0.0115395
0.0119756
0.0124055
0.0128331
0.0132496
0.0136522
0.0140404
0.0144094
0.0147812
0.0151582
0.0155045
0.0158231
0.0161773
0.0165875
0.0170116
0.0174121
0.0178311
0.0183114
0.0188003
0.0192737
0.0197906
0.0203684
0.0208961
0.0213058
0.0216452
0.022051
0.0225927
0.0232249
0.0238499
0.0244496
0.0250179
0.0255562
0.0261245
0.026703
0.0272781
0.0278863
0.0285322
0.0291545
0.0298167
0.0304962
0.0311768
0.0318588
0.0325776
0.0333067
0.0340564
0.034823
0.0356106
0.0364172
0.0372404
0.038107
0.0389341
0.0397919
0.040664
0.041595
0.0425281
0.0434491
0.0443819
0.0453094
0.0462857
0.047297
0.0482912
0.049335
0.0503527
0.0514082
0.0524316
0.0534409
0.0543699
0.0551178
0.0137716
0.0106797
0.00513066
0.000526991
-0.00098885
-0.000149755
0.00128389
0.00244318
0.0031563
0.00357906
0.00396428
0.00437903
0.00475551
0.0050792
0.00535276
0.0055704
0.00577026
0.00607041
0.00654133
0.00705031
0.00743187
0.00771019
0.00799482
0.0083426
0.00873369
0.00910189
0.00941768
0.00973222
0.0100658
0.0103812
0.0107037
0.0111005
0.0115402
0.0119764
0.0124064
0.0128339
0.0132503
0.0136529
0.0140412
0.0144103
0.014782
0.0151589
0.0155051
0.0158237
0.0161779
0.016588
0.0170122
0.0174127
0.0178316
0.0183119
0.0188008
0.0192742
0.0197911
0.0203689
0.0208967
0.0213063
0.0216456
0.0220512
0.0225928
0.0232253
0.0238503
0.02445
0.0250183
0.0255565
0.0261247
0.0267032
0.0272784
0.0278865
0.0285324
0.0291547
0.0298168
0.0304964
0.031177
0.0318589
0.0325778
0.0333068
0.0340565
0.0348232
0.0356107
0.0364174
0.0372406
0.0381072
0.0389342
0.039792
0.0406641
0.0415951
0.0425282
0.0434492
0.044382
0.0453095
0.0462858
0.0472971
0.0482912
0.0493351
0.0503528
0.0514083
0.0524318
0.053441
0.0543701
0.0551179
0.0132291
0.0104995
0.00535521
0.00091031
-0.000736456
-5.59341e-05
0.00132909
0.00248592
0.00319564
0.00361167
0.0039907
0.0044
0.00477191
0.00509175
0.0053628
0.00558076
0.00578279
0.00608305
0.00655042
0.00705547
0.00743609
0.00771577
0.00800121
0.00834811
0.00873781
0.00910538
0.00942113
0.00973542
0.0100684
0.0103831
0.0107049
0.0111013
0.0115408
0.0119772
0.0124072
0.0128346
0.0132508
0.0136535
0.0140421
0.0144114
0.0147829
0.0151596
0.0155058
0.0158245
0.0161787
0.0165887
0.0170128
0.0174133
0.0178322
0.0183125
0.0188014
0.0192747
0.0197916
0.0203695
0.0208974
0.0213069
0.0216459
0.0220513
0.0225931
0.0232257
0.0238507
0.0244504
0.0250187
0.0255568
0.026125
0.0267035
0.0272786
0.0278867
0.0285326
0.0291549
0.029817
0.0304966
0.0311771
0.0318591
0.032578
0.033307
0.0340566
0.0348233
0.0356108
0.0364175
0.0372407
0.0381073
0.0389344
0.0397921
0.0406643
0.0415952
0.0425284
0.0434494
0.0443821
0.0453096
0.0462859
0.0472972
0.0482913
0.0493352
0.0503529
0.0514084
0.0524319
0.0534412
0.0543705
0.0551181
0.0127096
0.0102993
0.00556152
0.00129389
-0.000469585
4.58494e-05
0.0013749
0.00252971
0.00323775
0.00364704
0.00401929
0.00442285
0.00479022
0.00510628
0.00537485
0.00559345
0.00579833
0.00609886
0.00656166
0.00706143
0.00744079
0.00772248
0.00800931
0.00835518
0.00874295
0.00910977
0.00942578
0.00974002
0.0100723
0.010386
0.010707
0.0111024
0.0115415
0.0119779
0.0124081
0.0128352
0.0132509
0.0136537
0.0140429
0.0144126
0.0147839
0.0151603
0.0155066
0.0158256
0.0161798
0.0165895
0.0170134
0.0174141
0.017833
0.0183131
0.0188019
0.0192753
0.0197923
0.0203702
0.0208981
0.0213077
0.0216464
0.0220516
0.0225933
0.0232262
0.0238512
0.0244508
0.0250191
0.0255572
0.0261254
0.0267039
0.0272789
0.027887
0.0285329
0.0291551
0.0298173
0.0304969
0.0311773
0.0318593
0.0325781
0.0333072
0.0340568
0.0348235
0.035611
0.0364176
0.0372408
0.0381075
0.0389345
0.0397923
0.0406644
0.0415953
0.0425285
0.0434495
0.0443823
0.0453097
0.046286
0.0472973
0.0482914
0.0493353
0.050353
0.0514085
0.0524321
0.0534414
0.054371
0.0551184
0.0122149
0.0100819
0.00574912
0.00167761
-0.000187142
0.000157265
0.00142149
0.00257393
0.00328227
0.00368497
0.00404969
0.00444696
0.00480962
0.00512199
0.00538826
0.00560781
0.00581594
0.00611681
0.00657441
0.00706807
0.00744589
0.00772998
0.00801863
0.00836339
0.00874881
0.00911471
0.00943127
0.00974575
0.0100773
0.0103902
0.0107101
0.0111042
0.0115425
0.0119788
0.012409
0.0128355
0.0132507
0.0136534
0.0140434
0.0144139
0.014785
0.015161
0.0155075
0.015827
0.0161813
0.0165905
0.0170142
0.0174151
0.017834
0.0183138
0.0188023
0.0192759
0.019793
0.0203709
0.020899
0.0213085
0.021647
0.0220519
0.0225936
0.0232267
0.0238518
0.0244513
0.0250197
0.0255577
0.0261258
0.0267043
0.0272793
0.0278873
0.0285333
0.0291554
0.0298176
0.0304971
0.0311776
0.0318595
0.0325783
0.0333074
0.034057
0.0348237
0.0356111
0.0364178
0.037241
0.0381077
0.0389347
0.0397924
0.0406645
0.0415954
0.0425287
0.0434497
0.0443824
0.0453098
0.0462861
0.0472975
0.0482916
0.0493354
0.0503531
0.0514086
0.0524323
0.0534418
0.0543717
0.0551187
0.0117495
0.00985481
0.00591791
0.00205789
0.000109146
0.000279348
0.00146939
0.00261815
0.0033289
0.00372554
0.00408202
0.00447228
0.0048299
0.0051385
0.00540251
0.00562315
0.00583477
0.00613612
0.00658828
0.00707535
0.00745139
0.00773801
0.00802872
0.00837235
0.00875516
0.00911995
0.00943716
0.00975212
0.0100833
0.0103955
0.0107143
0.0111069
0.011544
0.0119801
0.0124101
0.012836
0.0132501
0.0136526
0.0140435
0.0144149
0.0147861
0.0151615
0.0155083
0.0158287
0.0161833
0.0165919
0.0170152
0.0174164
0.0178354
0.0183146
0.0188027
0.0192764
0.0197936
0.0203716
0.0208998
0.0213095
0.0216478
0.0220523
0.0225941
0.0232273
0.0238524
0.0244519
0.0250203
0.0255583
0.0261264
0.0267049
0.0272799
0.0278878
0.0285337
0.0291559
0.029818
0.0304975
0.0311779
0.0318598
0.0325786
0.0333076
0.0340572
0.0348239
0.0356113
0.036418
0.0372411
0.0381079
0.0389349
0.0397925
0.0406647
0.0415956
0.0425289
0.0434498
0.0443826
0.0453099
0.0462862
0.0472976
0.0482917
0.0493356
0.0503533
0.0514087
0.0524326
0.0534422
0.0543724
0.0551191
0.011318
0.0096242
0.0060647
0.00242901
0.000417117
0.000413685
0.00151955
0.00266173
0.00337692
0.00376857
0.00411636
0.00449898
0.00485114
0.00515571
0.00541732
0.00563907
0.00585444
0.00615648
0.00660315
0.00708331
0.00745731
0.00774646
0.00803934
0.00838187
0.0087619
0.0091254
0.0094432
0.00975875
0.0100898
0.0104016
0.0107196
0.0111104
0.011546
0.0119817
0.0124116
0.0128365
0.0132493
0.0136514
0.0140432
0.0144157
0.0147869
0.0151618
0.015509
0.0158307
0.0161857
0.0165936
0.0170164
0.0174182
0.0178374
0.0183158
0.0188032
0.0192769
0.0197941
0.0203718
0.0209003
0.0213105
0.0216488
0.0220531
0.0225947
0.023228
0.023853
0.0244524
0.0250209
0.025559
0.026127
0.0267055
0.0272805
0.0278884
0.0285343
0.0291564
0.0298185
0.030498
0.0311783
0.0318601
0.032579
0.0333079
0.0340574
0.0348241
0.0356115
0.0364182
0.0372413
0.0381081
0.038935
0.0397927
0.0406648
0.0415957
0.0425291
0.04345
0.0443827
0.0453101
0.0462864
0.0472978
0.0482918
0.0493357
0.0503535
0.0514088
0.052433
0.0534428
0.0543734
0.0551197
0.0109214
0.00939246
0.00618651
0.00278711
0.000735508
0.000561895
0.00157273
0.00270379
0.00342533
0.00381382
0.00415296
0.00452734
0.00487353
0.00517368
0.00543264
0.00565553
0.00587491
0.00617796
0.00661909
0.00709197
0.00746362
0.00775527
0.00805043
0.00839189
0.00876903
0.00913107
0.00944938
0.00976549
0.0100964
0.0104081
0.0107255
0.0111147
0.0115486
0.0119836
0.0124133
0.0128373
0.0132486
0.0136499
0.0140425
0.0144162
0.0147874
0.0151617
0.0155094
0.0158326
0.0161883
0.0165955
0.0170179
0.0174203
0.0178398
0.0183174
0.018804
0.0192775
0.0197944
0.0203716
0.0209003
0.0213112
0.0216499
0.0220541
0.0225957
0.023229
0.0238537
0.0244528
0.0250214
0.0255597
0.0261277
0.0267062
0.0272813
0.0278891
0.0285349
0.0291571
0.0298192
0.0304986
0.0311789
0.0318607
0.0325794
0.0333083
0.0340578
0.0348244
0.0356118
0.0364184
0.0372415
0.0381083
0.0389352
0.0397928
0.040665
0.0415959
0.0425293
0.0434502
0.0443829
0.0453102
0.0462865
0.047298
0.048292
0.0493359
0.0503538
0.0514089
0.0524334
0.0534436
0.0543745
0.0551203
0.0105561
0.00916165
0.00628385
0.00313022
0.00106219
0.000724569
0.00162979
0.00274397
0.00347352
0.00386127
0.00419213
0.00455768
0.00489725
0.00519252
0.00544858
0.00567265
0.00589635
0.00620069
0.0066362
0.00710138
0.00747033
0.00776444
0.00806199
0.00840239
0.00877652
0.00913697
0.00945575
0.00977238
0.0101032
0.0104149
0.0107319
0.0111195
0.0115516
0.0119859
0.0124152
0.0128383
0.013248
0.0136484
0.0140415
0.0144164
0.0147876
0.0151613
0.0155096
0.0158346
0.016191
0.0165976
0.0170196
0.0174227
0.0178427
0.0183195
0.0188053
0.0192785
0.0197947
0.0203708
0.0208995
0.0213113
0.0216506
0.0220552
0.0225971
0.0232305
0.0238547
0.0244532
0.0250218
0.0255603
0.0261282
0.0267069
0.0272822
0.0278899
0.0285357
0.0291579
0.02982
0.0304993
0.0311796
0.0318614
0.0325801
0.0333088
0.0340582
0.0348248
0.0356121
0.0364187
0.0372418
0.0381086
0.0389354
0.039793
0.0406651
0.0415961
0.0425296
0.0434504
0.044383
0.0453104
0.0462867
0.0472981
0.0482922
0.049336
0.0503541
0.051409
0.0524339
0.0534445
0.0543758
0.0551211
0.0102178
0.00893578
0.00635925
0.00345553
0.00139356
0.00090222
0.00169287
0.00278302
0.00352114
0.00391068
0.00423393
0.0045901
0.00492241
0.0052124
0.00546537
0.00569067
0.00591894
0.00622479
0.00665457
0.00711163
0.00747752
0.00777401
0.00807405
0.0084134
0.0087844
0.00914313
0.00946234
0.00977947
0.0101101
0.0104219
0.0107388
0.0111249
0.011555
0.0119883
0.0124174
0.0128395
0.0132476
0.0136468
0.0140404
0.0144164
0.0147876
0.0151607
0.0155097
0.0158364
0.0161938
0.0165997
0.0170213
0.0174254
0.0178459
0.0183219
0.0188069
0.0192797
0.019795
0.0203696
0.0208979
0.0213105
0.0216508
0.0220561
0.0225987
0.0232325
0.0238561
0.0244536
0.025022
0.0255606
0.0261286
0.0267075
0.0272831
0.0278908
0.0285365
0.0291588
0.029821
0.0305001
0.0311804
0.0318624
0.032581
0.0333096
0.0340588
0.0348253
0.0356125
0.036419
0.0372422
0.0381089
0.0389356
0.0397931
0.0406652
0.0415962
0.0425298
0.0434507
0.0443832
0.0453106
0.0462869
0.0472983
0.0482923
0.0493362
0.0503544
0.0514091
0.0524345
0.0534457
0.0543773
0.0551221
0.00990334
0.00871884
0.00641421
0.00375913
0.00172644
0.00109642
0.00176511
0.00282205
0.0035676
0.00396134
0.00427817
0.00462475
0.00494924
0.00523357
0.00548327
0.0057098
0.00594281
0.00625036
0.0066743
0.00712282
0.00748524
0.00778403
0.00808663
0.00842494
0.00879267
0.00914958
0.00946919
0.0097868
0.0101172
0.0104292
0.0107462
0.0111309
0.011559
0.0119911
0.0124196
0.0128408
0.0132473
0.0136452
0.0140392
0.0144163
0.0147876
0.01516
0.0155095
0.0158382
0.0161966
0.0166019
0.0170231
0.0174281
0.0178493
0.0183245
0.0188088
0.0192813
0.0197953
0.020368
0.0208955
0.0213088
0.0216501
0.0220564
0.0226002
0.0232349
0.023858
0.0244543
0.0250222
0.0255608
0.0261288
0.0267079
0.0272839
0.0278917
0.0285373
0.0291598
0.029822
0.0305009
0.0311813
0.0318635
0.0325821
0.0333105
0.0340596
0.0348259
0.035613
0.0364194
0.0372426
0.0381093
0.038936
0.0397933
0.0406653
0.0415963
0.04253
0.0434509
0.0443835
0.0453108
0.0462871
0.0472984
0.0482925
0.0493363
0.0503548
0.0514091
0.0524351
0.053447
0.054379
0.0551232
0.0096094
0.0085124
0.00644963
0.00403875
0.00205904
0.0013087
0.00184919
0.00286205
0.00361222
0.0040124
0.00432468
0.00466189
0.0049781
0.00525638
0.0055026
0.00573029
0.00596814
0.00627753
0.00669549
0.00713499
0.00749354
0.00779453
0.00809976
0.00843704
0.00880137
0.00915633
0.00947635
0.00979441
0.0101245
0.0104369
0.0107543
0.0111377
0.0115635
0.0119941
0.012422
0.0128423
0.0132471
0.0136438
0.014038
0.0144161
0.0147874
0.0151592
0.0155094
0.01584
0.0161995
0.0166042
0.0170249
0.0174309
0.0178528
0.0183273
0.0188108
0.0192831
0.0197957
0.020366
0.0208924
0.0213063
0.0216487
0.022056
0.0226014
0.0232374
0.0238603
0.0244552
0.0250222
0.0255608
0.0261288
0.0267082
0.0272846
0.0278925
0.0285381
0.0291609
0.029823
0.0305017
0.0311822
0.0318647
0.0325834
0.0333117
0.0340606
0.0348268
0.0356136
0.0364199
0.037243
0.0381097
0.0389364
0.0397937
0.0406654
0.0415962
0.0425302
0.0434511
0.0443837
0.0453111
0.0462873
0.0472986
0.0482927
0.0493364
0.0503552
0.0514091
0.0524358
0.0534485
0.0543808
0.0551245
0.00933182
0.00831636
0.00646834
0.00429443
0.00238923
0.00153871
0.00194721
0.00290456
0.00365482
0.00406307
0.00437315
0.00470172
0.00500941
0.00528121
0.00552366
0.00575238
0.00599509
0.00630639
0.00671816
0.00714815
0.00750242
0.00780554
0.0081135
0.00844973
0.00881052
0.00916343
0.00948386
0.00980235
0.0101322
0.0104451
0.0107632
0.0111454
0.0115686
0.0119974
0.0124246
0.0128438
0.013247
0.0136424
0.0140368
0.014416
0.0147873
0.0151583
0.0155091
0.0158419
0.0162025
0.0166065
0.0170267
0.0174337
0.0178564
0.0183302
0.0188129
0.0192849
0.0197962
0.0203637
0.0208887
0.0213031
0.021647
0.0220554
0.0226022
0.0232397
0.0238625
0.0244563
0.0250223
0.0255606
0.0261287
0.0267084
0.0272853
0.0278932
0.0285389
0.0291619
0.0298241
0.0305025
0.031183
0.0318659
0.0325849
0.0333131
0.0340618
0.0348278
0.0356145
0.0364205
0.0372434
0.0381102
0.038937
0.0397942
0.0406656
0.0415961
0.0425302
0.0434513
0.044384
0.0453114
0.0462875
0.0472987
0.0482928
0.0493364
0.0503557
0.0514091
0.0524365
0.0534502
0.0543828
0.0551258
0.00906731
0.00813098
0.00647471
0.00452675
0.00271335
0.00178439
0.00206125
0.00295202
0.00369575
0.0041125
0.00442299
0.00474436
0.00504362
0.0053085
0.00554675
0.00577623
0.00602374
0.00633698
0.00674233
0.00716231
0.00751193
0.00781714
0.00812792
0.00846304
0.00882014
0.00917091
0.00949176
0.00981067
0.0101403
0.010454
0.010773
0.011154
0.0115744
0.0120011
0.0124273
0.0128455
0.013247
0.0136411
0.0140358
0.0144159
0.0147872
0.0151574
0.0155089
0.0158438
0.0162057
0.016609
0.0170285
0.0174366
0.0178601
0.0183331
0.018815
0.0192869
0.0197966
0.0203611
0.0208844
0.0212996
0.0216453
0.0220548
0.0226028
0.0232416
0.0238646
0.0244573
0.0250221
0.0255603
0.0261285
0.0267086
0.027286
0.027894
0.0285398
0.029163
0.0298252
0.0305033
0.0311837
0.031867
0.0325863
0.0333146
0.0340631
0.0348289
0.0356154
0.0364212
0.0372439
0.0381106
0.0389376
0.0397948
0.040666
0.041596
0.0425301
0.0434513
0.0443842
0.0453118
0.0462879
0.0472988
0.048293
0.0493364
0.0503561
0.0514091
0.0524373
0.0534521
0.0543848
0.0551273
0.00881442
0.00795678
0.00647249
0.00473606
0.00302742
0.00204279
0.00219323
0.00300721
0.00373573
0.00415981
0.00447338
0.00478974
0.00508113
0.00533866
0.00557204
0.00580186
0.00605407
0.00636925
0.00676801
0.00717752
0.00752213
0.00782938
0.00814303
0.00847699
0.00883026
0.00917882
0.00950011
0.00981944
0.0101489
0.0104635
0.0107837
0.0111635
0.0115807
0.0120051
0.0124303
0.0128473
0.0132471
0.0136399
0.0140347
0.014416
0.0147872
0.0151565
0.0155087
0.0158459
0.0162091
0.0166117
0.0170305
0.0174395
0.0178639
0.0183361
0.0188172
0.019289
0.0197972
0.0203584
0.0208797
0.021296
0.0216442
0.022055
0.0226037
0.0232431
0.0238661
0.024458
0.0250219
0.02556
0.0261284
0.0267089
0.0272869
0.0278949
0.0285407
0.0291642
0.0298264
0.0305041
0.0311845
0.0318681
0.0325878
0.0333162
0.0340645
0.0348301
0.0356165
0.036422
0.0372444
0.038111
0.0389382
0.0397956
0.0406664
0.0415959
0.0425298
0.0434512
0.0443844
0.0453123
0.0462883
0.047299
0.0482932
0.0493363
0.0503565
0.051409
0.0524381
0.0534541
0.054387
0.0551288
0.0085729
0.00779338
0.00646409
0.00492356
0.0033284
0.00231013
0.00234417
0.00307275
0.00377592
0.0042044
0.00452336
0.00483759
0.00512223
0.00537206
0.00559965
0.00582914
0.00608592
0.00640312
0.00679514
0.0071938
0.00753307
0.00784231
0.00815889
0.00849161
0.0088409
0.00918718
0.00950892
0.00982868
0.0101579
0.0104737
0.0107953
0.0111736
0.0115875
0.0120094
0.0124334
0.0128493
0.0132473
0.0136387
0.0140338
0.0144162
0.0147873
0.0151556
0.0155085
0.0158481
0.0162128
0.0166146
0.0170326
0.0174425
0.0178678
0.0183392
0.0188194
0.0192912
0.0197978
0.0203558
0.0208748
0.0212925
0.0216441
0.0220567
0.0226054
0.0232444
0.0238671
0.0244584
0.0250214
0.0255597
0.0261285
0.0267093
0.0272879
0.027896
0.0285417
0.0291654
0.0298276
0.0305049
0.0311852
0.0318692
0.0325893
0.0333178
0.034066
0.0348314
0.0356177
0.036423
0.0372449
0.0381112
0.0389387
0.0397964
0.0406671
0.0415958
0.0425295
0.043451
0.0443846
0.0453128
0.0462888
0.0472992
0.0482933
0.0493362
0.0503569
0.0514089
0.052439
0.0534564
0.0543893
0.0551304
0.00834274
0.00763936
0.00645119
0.00509172
0.00361408
0.00258192
0.00251384
0.00315121
0.00381814
0.0042461
0.00457188
0.00488735
0.00516704
0.005409
0.0056297
0.00585792
0.00611908
0.00643846
0.00682369
0.00721118
0.00754483
0.00785599
0.00817551
0.00850693
0.00885209
0.009196
0.00951821
0.00983842
0.0101675
0.0104845
0.0108074
0.0111843
0.0115947
0.012014
0.0124368
0.0128514
0.0132475
0.0136376
0.0140329
0.0144165
0.0147875
0.0151548
0.0155084
0.0158505
0.0162167
0.0166178
0.0170349
0.0174456
0.0178718
0.0183424
0.0188217
0.0192934
0.0197986
0.0203532
0.0208698
0.0212893
0.0216452
0.0220602
0.0226084
0.0232458
0.0238676
0.0244583
0.0250208
0.0255595
0.0261287
0.02671
0.0272891
0.0278973
0.0285428
0.0291667
0.0298289
0.0305058
0.0311861
0.0318703
0.0325907
0.0333194
0.0340676
0.0348328
0.035619
0.036424
0.0372455
0.0381115
0.0389393
0.0397973
0.0406678
0.0415958
0.0425291
0.0434506
0.0443846
0.0453133
0.0462894
0.0472994
0.0482936
0.0493361
0.0503573
0.0514087
0.0524399
0.0534587
0.0543917
0.0551321
0.0081245
0.00749296
0.0064346
0.00524361
0.003883
0.00285341
0.0027008
0.00324498
0.00386479
0.00428526
0.004618
0.00493823
0.00521548
0.00544967
0.00566227
0.00588809
0.00615334
0.00647515
0.00685363
0.00722966
0.00755746
0.00787049
0.00819294
0.00852297
0.00886385
0.00920531
0.009528
0.00984868
0.0101775
0.0104957
0.0108201
0.0111955
0.0116021
0.0120188
0.0124405
0.0128538
0.0132478
0.0136364
0.0140321
0.0144169
0.0147878
0.015154
0.0155083
0.0158531
0.016221
0.0166212
0.0170373
0.0174489
0.0178759
0.0183456
0.0188239
0.0192956
0.0197995
0.0203507
0.0208649
0.0212865
0.0216477
0.0220656
0.0226127
0.0232475
0.0238678
0.0244579
0.0250201
0.0255595
0.0261292
0.0267109
0.0272905
0.0278988
0.0285441
0.0291682
0.0298303
0.0305068
0.0311871
0.0318715
0.0325921
0.033321
0.0340692
0.0348342
0.0356203
0.0364252
0.0372462
0.0381116
0.0389397
0.0397983
0.0406687
0.0415959
0.0425287
0.0434502
0.0443847
0.0453138
0.04629
0.0472997
0.0482938
0.049336
0.0503577
0.0514086
0.0524408
0.0534613
0.0543942
0.0551339
0.00792028
0.00735312
0.00641346
0.00538188
0.00413512
0.00312048
0.00290255
0.003356
0.00391849
0.00432277
0.00466103
0.00498924
0.00526722
0.00549412
0.00569743
0.00591965
0.00618862
0.00651311
0.00688494
0.00724926
0.007571
0.00788587
0.00821125
0.00853976
0.00887621
0.00921513
0.00953833
0.00985951
0.0101881
0.0105074
0.0108332
0.0112069
0.0116099
0.0120239
0.0124445
0.0128564
0.0132482
0.0136352
0.0140313
0.0144175
0.0147883
0.0151533
0.0155082
0.0158559
0.0162256
0.0166249
0.01704
0.0174523
0.0178802
0.018349
0.0188262
0.0192978
0.0198005
0.0203484
0.02086
0.021284
0.0216512
0.0220727
0.0226185
0.0232495
0.0238678
0.0244572
0.0250194
0.0255596
0.0261299
0.0267119
0.027292
0.0279004
0.0285454
0.0291697
0.0298317
0.0305078
0.0311882
0.0318729
0.0325937
0.0333226
0.0340708
0.0348357
0.0356217
0.0364264
0.037247
0.0381118
0.0389402
0.0397992
0.0406696
0.0415961
0.0425283
0.0434497
0.0443847
0.0453143
0.0462906
0.0473
0.048294
0.049336
0.0503582
0.0514085
0.0524418
0.0534639
0.054397
0.0551358
0.00773309
0.00722105
0.00638547
0.00550801
0.0043724
0.00337991
0.00311538
0.00348555
0.00398201
0.00436007
0.00470062
0.00503925
0.00532156
0.00554237
0.00573538
0.00595276
0.00622494
0.00655222
0.00691755
0.00726997
0.00758545
0.0079022
0.00823049
0.00855736
0.0088892
0.0092255
0.00954925
0.00987096
0.0101991
0.0105195
0.0108466
0.0112186
0.0116178
0.0120293
0.0124488
0.0128592
0.0132488
0.0136341
0.0140306
0.0144182
0.0147889
0.0151526
0.0155083
0.0158589
0.0162305
0.0166289
0.0170428
0.0174558
0.0178846
0.0183524
0.0188285
0.0193001
0.0198017
0.0203462
0.0208553
0.0212819
0.0216555
0.0220812
0.0226253
0.0232518
0.0238677
0.0244563
0.0250186
0.0255598
0.0261308
0.026713
0.0272937
0.0279023
0.0285469
0.0291713
0.0298332
0.030509
0.0311895
0.0318745
0.0325953
0.0333243
0.0340725
0.0348373
0.0356232
0.0364278
0.0372479
0.0381119
0.0389407
0.0398002
0.0406707
0.0415964
0.0425279
0.0434493
0.0443848
0.0453148
0.0462912
0.0473003
0.0482943
0.0493359
0.0503587
0.0514085
0.0524428
0.0534666
0.0543999
0.0551378
0.00756404
0.00710177
0.00634845
0.00562135
0.00459845
0.0036298
0.00333414
0.00363387
0.0040583
0.00439908
0.00473677
0.0050872
0.00537758
0.00559433
0.00577638
0.00598762
0.00626243
0.00659248
0.0069514
0.00729179
0.00760084
0.00791948
0.00825074
0.00857583
0.00890286
0.00923645
0.0095608
0.00988307
0.0102107
0.010532
0.0108603
0.0112305
0.011626
0.012035
0.0124534
0.0128624
0.0132494
0.013633
0.01403
0.0144191
0.0147897
0.015152
0.0155084
0.0158622
0.0162357
0.0166332
0.0170458
0.0174595
0.0178893
0.018356
0.0188308
0.0193024
0.0198029
0.0203441
0.0208506
0.02128
0.0216604
0.0220906
0.0226328
0.0232545
0.0238675
0.0244552
0.0250179
0.0255602
0.0261318
0.0267142
0.0272955
0.0279042
0.0285484
0.0291729
0.0298348
0.0305102
0.0311909
0.0318762
0.032597
0.033326
0.0340743
0.0348389
0.0356247
0.0364292
0.037249
0.0381122
0.0389412
0.0398013
0.0406718
0.0415967
0.0425276
0.0434489
0.0443849
0.0453153
0.0462918
0.0473006
0.0482946
0.0493358
0.0503591
0.0514086
0.0524439
0.0534695
0.0544029
0.0551399
0.00740925
0.00700336
0.00630338
0.00571806
0.00481693
0.00387045
0.00355306
0.0037998
0.00415021
0.00444189
0.00476992
0.00513243
0.00543438
0.00564974
0.0058206
0.00602433
0.00630117
0.00663404
0.00698654
0.00731475
0.00761718
0.00793774
0.00827206
0.00859525
0.00891726
0.00924801
0.009573
0.00989586
0.0102229
0.0105448
0.0108742
0.0112427
0.0116344
0.012041
0.0124584
0.0128658
0.0132502
0.013632
0.0140295
0.0144202
0.0147906
0.0151514
0.0155086
0.0158656
0.0162413
0.0166377
0.017049
0.0174633
0.0178941
0.0183597
0.0188332
0.0193046
0.0198042
0.0203421
0.0208461
0.0212782
0.0216657
0.0221004
0.0226407
0.0232573
0.0238674
0.0244541
0.0250171
0.0255607
0.026133
0.0267155
0.0272974
0.0279063
0.02855
0.0291747
0.0298365
0.0305115
0.0311924
0.031878
0.0325987
0.0333278
0.0340762
0.0348406
0.0356263
0.0364307
0.0372501
0.0381125
0.0389417
0.0398024
0.040673
0.0415971
0.0425273
0.0434485
0.0443851
0.0453159
0.0462925
0.0473009
0.0482949
0.0493357
0.0503596
0.0514087
0.052445
0.0534725
0.0544062
0.0551422
0.00725875
0.00693364
0.0062574
0.00579198
0.0050287
0.00410478
0.00376722
0.00398039
0.00426031
0.0044907
0.00480088
0.00517473
0.00549116
0.00570797
0.00586804
0.00606303
0.00634132
0.00667715
0.00702314
0.00733883
0.00763446
0.00795698
0.00829447
0.00861569
0.00893242
0.00926022
0.00958589
0.00990938
0.0102356
0.010558
0.0108885
0.0112551
0.0116431
0.0120473
0.0124638
0.0128695
0.0132512
0.013631
0.0140291
0.0144216
0.0147917
0.015151
0.0155088
0.0158693
0.0162471
0.0166425
0.0170523
0.0174673
0.017899
0.0183636
0.0188355
0.0193069
0.0198057
0.0203402
0.0208417
0.0212765
0.021671
0.0221105
0.0226489
0.0232603
0.0238672
0.0244529
0.0250164
0.0255612
0.0261341
0.0267168
0.0272994
0.0279084
0.0285517
0.0291765
0.0298383
0.0305129
0.031194
0.0318798
0.0326006
0.0333297
0.0340782
0.0348423
0.035628
0.0364324
0.0372512
0.0381129
0.0389423
0.0398035
0.0406742
0.0415975
0.042527
0.0434482
0.0443853
0.0453165
0.0462932
0.0473012
0.0482952
0.0493356
0.0503601
0.0514089
0.0524462
0.0534756
0.0544097
0.0551447
0.00709853
0.0068939
0.00622342
0.00583886
0.00522976
0.00433811
0.00397383
0.00417016
0.00439063
0.0045485
0.00483057
0.0052142
0.00554735
0.00576817
0.00591846
0.00610391
0.00638304
0.00672202
0.00706144
0.00736402
0.00765259
0.0079772
0.00831802
0.00863725
0.00894844
0.00927312
0.00959952
0.00992367
0.0102491
0.0105717
0.0109031
0.0112678
0.0116521
0.0120539
0.0124695
0.0128736
0.0132524
0.0136301
0.0140288
0.0144231
0.0147931
0.0151506
0.015509
0.0158731
0.0162532
0.0166475
0.0170558
0.0174714
0.0179042
0.0183675
0.0188379
0.0193092
0.0198072
0.0203384
0.0208375
0.021275
0.0216764
0.0221206
0.022657
0.0232634
0.0238672
0.0244518
0.0250156
0.0255617
0.0261353
0.0267181
0.0273015
0.0279106
0.0285534
0.0291784
0.0298402
0.0305143
0.0311957
0.0318818
0.0326025
0.0333317
0.0340803
0.0348442
0.0356297
0.0364341
0.0372525
0.0381134
0.0389429
0.0398047
0.0406755
0.041598
0.0425267
0.0434479
0.0443856
0.0453171
0.0462939
0.0473015
0.0482956
0.0493356
0.0503607
0.0514092
0.0524475
0.0534789
0.0544133
0.0551472
0.0069147
0.00687296
0.00621651
0.00586159
0.00541105
0.00457571
0.00417391
0.00436134
0.00454156
0.00461942
0.00485994
0.00525087
0.00560272
0.00582961
0.00597141
0.00614705
0.00642648
0.00676884
0.00710177
0.00739054
0.00767147
0.00799834
0.00834277
0.00866
0.00896538
0.00928672
0.0096139
0.00993876
0.0102631
0.0105859
0.010918
0.0112809
0.0116614
0.0120609
0.0124756
0.0128781
0.0132537
0.0136294
0.0140286
0.0144249
0.0147947
0.0151502
0.0155093
0.0158771
0.0162595
0.0166527
0.0170593
0.0174756
0.0179096
0.0183717
0.0188404
0.0193116
0.0198088
0.0203367
0.0208333
0.0212735
0.0216818
0.0221307
0.0226652
0.0232666
0.0238672
0.0244507
0.0250149
0.0255623
0.0261366
0.0267195
0.0273036
0.0279129
0.0285552
0.0291804
0.0298422
0.0305158
0.0311975
0.0318839
0.0326046
0.0333338
0.0340824
0.0348461
0.0356315
0.0364358
0.0372538
0.038114
0.0389436
0.039806
0.0406768
0.0415985
0.0425264
0.0434477
0.0443859
0.0453178
0.0462946
0.0473017
0.048296
0.0493355
0.0503612
0.0514096
0.0524488
0.0534825
0.0544172
0.0551499
0.00670155
0.00685066
0.00624703
0.00587281
0.00556198
0.00481827
0.00437328
0.0045464
0.00471034
0.00470829
0.00489035
0.0052844
0.00565755
0.00589203
0.00602621
0.00619216
0.00647171
0.00681774
0.00714439
0.00741874
0.00769116
0.00802026
0.00836874
0.00868401
0.00898331
0.00930105
0.00962904
0.00995473
0.0102779
0.0106005
0.0109334
0.0112943
0.0116711
0.0120683
0.0124822
0.0128829
0.0132553
0.0136287
0.0140286
0.0144269
0.0147965
0.01515
0.0155096
0.0158811
0.0162661
0.016658
0.0170628
0.0174799
0.0179152
0.0183759
0.0188429
0.0193139
0.0198104
0.0203351
0.0208293
0.0212722
0.0216872
0.0221406
0.0226732
0.0232698
0.0238672
0.0244497
0.0250143
0.0255629
0.0261379
0.0267209
0.0273058
0.0279152
0.028557
0.0291825
0.0298442
0.0305175
0.0311993
0.031886
0.0326067
0.0333359
0.0340846
0.0348481
0.0356333
0.0364376
0.0372552
0.0381146
0.0389444
0.0398073
0.0406781
0.0415989
0.0425261
0.0434475
0.0443863
0.0453185
0.0462954
0.047302
0.0482964
0.0493354
0.0503617
0.05141
0.0524501
0.0534862
0.0544214
0.0551528
0.00646877
0.00680442
0.00631198
0.00589161
0.00567585
0.00505794
0.00458027
0.00472174
0.00488996
0.00481934
0.00492494
0.00531389
0.00571215
0.0059558
0.00608211
0.0062386
0.00651859
0.00686895
0.00718955
0.00744895
0.00771184
0.00804278
0.00839582
0.00870936
0.00900232
0.00931617
0.00964495
0.0099716
0.0102934
0.0106156
0.0109492
0.0113081
0.0116811
0.0120761
0.0124892
0.0128881
0.0132572
0.0136282
0.0140288
0.0144292
0.0147986
0.01515
0.0155099
0.0158853
0.0162728
0.0166635
0.0170665
0.0174843
0.017921
0.0183804
0.0188455
0.0193163
0.0198122
0.0203336
0.0208254
0.0212711
0.0216926
0.0221504
0.0226812
0.0232731
0.0238674
0.0244488
0.0250136
0.0255636
0.0261392
0.0267224
0.027308
0.0279176
0.0285589
0.0291846
0.0298464
0.0305192
0.0312012
0.0318882
0.0326089
0.0333381
0.0340869
0.0348501
0.0356352
0.0364395
0.0372566
0.0381153
0.0389452
0.0398087
0.0406794
0.0415994
0.0425259
0.0434474
0.0443866
0.0453193
0.0462962
0.0473023
0.0482968
0.0493354
0.0503623
0.0514106
0.0524515
0.05349
0.0544258
0.0551558
0.00623665
0.00672031
0.00639365
0.00593755
0.00575695
0.00527966
0.0048013
0.00489075
0.00507032
0.0049538
0.00496962
0.00533857
0.00576597
0.00602179
0.00613878
0.00628546
0.00656665
0.0069226
0.00723765
0.00748144
0.00773383
0.00806592
0.00842381
0.00873614
0.00902255
0.00933215
0.00966163
0.00998937
0.0103097
0.0106312
0.0109653
0.0113223
0.0116915
0.0120842
0.0124966
0.0128937
0.0132593
0.0136278
0.0140292
0.0144318
0.014801
0.01515
0.0155103
0.0158896
0.0162798
0.0166692
0.0170702
0.0174888
0.017927
0.018385
0.0188481
0.0193187
0.019814
0.0203323
0.0208217
0.0212701
0.021698
0.02216
0.0226891
0.0232765
0.0238677
0.024448
0.0250131
0.0255643
0.0261405
0.0267239
0.0273103
0.02792
0.0285608
0.0291868
0.0298487
0.0305209
0.0312032
0.0318906
0.0326111
0.0333404
0.0340892
0.0348523
0.0356372
0.0364415
0.0372581
0.0381161
0.0389461
0.0398101
0.0406807
0.0416
0.0425257
0.0434473
0.044387
0.04532
0.046297
0.0473026
0.0482972
0.0493354
0.0503629
0.0514113
0.0524529
0.0534941
0.0544306
0.055159
0.00602304
0.00660194
0.00646868
0.00602037
0.00582215
0.00546914
0.00503421
0.00506306
0.00524261
0.00510752
0.0050317
0.00535946
0.00581694
0.00609113
0.00619679
0.00633179
0.00661509
0.0069786
0.00728923
0.00751647
0.00775728
0.00808993
0.0084526
0.00876422
0.00904409
0.00934904
0.00967913
0.010008
0.010327
0.0106475
0.0109819
0.011337
0.0117024
0.0120928
0.0125045
0.0128997
0.0132617
0.0136277
0.0140297
0.0144347
0.0148037
0.0151503
0.0155108
0.0158941
0.0162871
0.0166751
0.0170739
0.0174934
0.0179332
0.0183899
0.0188507
0.0193211
0.0198159
0.0203311
0.0208182
0.0212692
0.0217034
0.0221694
0.0226969
0.0232799
0.0238682
0.0244472
0.0250126
0.0255651
0.0261419
0.0267254
0.0273127
0.0279226
0.0285628
0.0291891
0.029851
0.0305228
0.0312053
0.031893
0.0326135
0.0333427
0.0340917
0.0348545
0.0356392
0.0364434
0.0372596
0.0381169
0.0389469
0.0398116
0.0406821
0.0416005
0.0425254
0.0434472
0.0443873
0.0453208
0.0462979
0.0473029
0.0482977
0.0493354
0.0503635
0.0514121
0.0524543
0.0534983
0.0544356
0.0551624
0.00583714
0.0064659
0.00651606
0.00613122
0.00589477
0.00562122
0.00526491
0.00524864
0.00540539
0.00527109
0.00511659
0.00538114
0.00586206
0.00616406
0.00625769
0.00637692
0.00666283
0.0070364
0.00734459
0.0075546
0.00778224
0.00811507
0.00848233
0.00879338
0.00906692
0.00936692
0.00969752
0.0100277
0.0103451
0.0106644
0.0109989
0.011352
0.0117137
0.0121019
0.0125128
0.0129062
0.0132645
0.0136277
0.0140305
0.0144379
0.0148067
0.0151507
0.0155113
0.0158986
0.0162945
0.0166812
0.0170778
0.0174981
0.0179396
0.0183949
0.0188534
0.0193236
0.019818
0.0203301
0.0208149
0.0212686
0.0217088
0.0221787
0.0227046
0.0232834
0.0238688
0.0244466
0.0250122
0.025566
0.0261433
0.026727
0.0273152
0.0279252
0.0285648
0.0291915
0.0298535
0.0305248
0.0312075
0.0318955
0.0326159
0.0333452
0.0340942
0.0348567
0.0356414
0.0364455
0.0372613
0.0381178
0.0389479
0.039813
0.0406834
0.0416011
0.0425253
0.0434471
0.0443877
0.0453216
0.0462988
0.0473032
0.0482982
0.0493355
0.0503641
0.051413
0.0524558
0.0535027
0.0544409
0.0551659
0.00567923
0.00632949
0.00652798
0.006248
0.00599382
0.00574728
0.00547501
0.00545071
0.00556714
0.00543343
0.00522374
0.00541147
0.00589979
0.0062388
0.00632368
0.00642109
0.00670854
0.00709503
0.00740365
0.00759663
0.00780888
0.00814128
0.00851342
0.00882356
0.00909085
0.00938592
0.00971688
0.0100483
0.010364
0.0106819
0.0110164
0.0113674
0.0117255
0.0121115
0.0125217
0.0129131
0.0132676
0.013628
0.0140315
0.0144415
0.0148101
0.0151512
0.0155118
0.0159033
0.0163022
0.0166875
0.0170816
0.0175029
0.0179463
0.0184001
0.0188561
0.0193261
0.0198202
0.0203293
0.0208118
0.0212681
0.0217142
0.0221879
0.0227121
0.023287
0.0238695
0.0244461
0.0250118
0.0255669
0.0261448
0.0267287
0.0273178
0.0279279
0.028567
0.029194
0.0298561
0.0305268
0.0312097
0.031898
0.0326185
0.0333477
0.0340968
0.0348591
0.0356436
0.0364476
0.037263
0.0381188
0.0389489
0.0398146
0.0406848
0.0416016
0.0425251
0.0434471
0.0443881
0.0453224
0.0462997
0.0473035
0.0482988
0.0493356
0.0503647
0.051414
0.0524574
0.0535072
0.0544465
0.0551697
0.0055476
0.0062055
0.00651265
0.00634738
0.00612041
0.00586975
0.00565243
0.0056584
0.00573971
0.00558926
0.00534573
0.0054581
0.00593239
0.00631178
0.00639643
0.00646572
0.00675089
0.00715342
0.00746593
0.0076432
0.00783786
0.00816822
0.00854616
0.00885519
0.00911552
0.0094059
0.00973732
0.0100701
0.0103839
0.0106999
0.0110345
0.0113834
0.0117376
0.0121215
0.0125311
0.0129205
0.0132711
0.0136286
0.0140328
0.0144454
0.0148139
0.015152
0.0155124
0.0159081
0.0163102
0.016694
0.0170856
0.0175078
0.0179532
0.0184056
0.0188589
0.0193286
0.0198226
0.0203288
0.0208089
0.0212678
0.0217196
0.0221968
0.0227196
0.0232906
0.0238704
0.0244457
0.0250116
0.0255679
0.0261463
0.0267304
0.0273204
0.0279307
0.0285692
0.0291966
0.0298588
0.030529
0.0312121
0.0319007
0.0326212
0.0333504
0.0340995
0.0348615
0.0356458
0.0364498
0.0372647
0.0381198
0.0389499
0.0398162
0.0406863
0.0416023
0.042525
0.0434471
0.0443884
0.0453232
0.0463007
0.0473038
0.0482993
0.0493358
0.0503653
0.0514152
0.052459
0.0535119
0.0544525
0.0551737
0.00544282
0.00610166
0.00648587
0.00641403
0.00625524
0.00601183
0.00580295
0.00585178
0.00592946
0.00574524
0.00547197
0.00552311
0.00596611
0.00637979
0.0064757
0.00651318
0.00678913
0.00721042
0.00753083
0.00769422
0.00787012
0.00819585
0.00858029
0.00888901
0.00914097
0.00942636
0.00975889
0.0100931
0.0104048
0.0107186
0.011053
0.0114
0.0117502
0.012132
0.012541
0.0129285
0.0132751
0.0136295
0.0140343
0.0144497
0.0148182
0.015153
0.015513
0.015913
0.0163185
0.0167008
0.0170896
0.0175127
0.0179603
0.0184113
0.0188618
0.0193312
0.0198251
0.0203285
0.0208063
0.0212677
0.021725
0.0222055
0.022727
0.0232943
0.0238714
0.0244454
0.0250115
0.025569
0.0261478
0.0267321
0.0273231
0.0279336
0.0285714
0.0291992
0.0298616
0.0305312
0.0312145
0.0319035
0.0326239
0.0333531
0.0341023
0.0348641
0.0356482
0.036452
0.0372666
0.0381209
0.0389509
0.0398178
0.0406877
0.0416029
0.0425249
0.0434471
0.0443888
0.045324
0.0463017
0.0473042
0.0482999
0.049336
0.050366
0.0514166
0.0524607
0.0535167
0.0544588
0.055178
0.00536394
0.00602334
0.006463
0.00644887
0.00637269
0.00618207
0.00594913
0.00601401
0.0061276
0.00591466
0.00559646
0.0056009
0.00600792
0.0064428
0.00655925
0.00656611
0.00682355
0.00726457
0.00759789
0.00774912
0.00790613
0.00822484
0.00861521
0.00892543
0.00916793
0.00944677
0.00978131
0.0101177
0.0104269
0.010738
0.011072
0.0114172
0.0117635
0.0121429
0.0125516
0.0129371
0.0132795
0.0136307
0.0140361
0.0144544
0.0148229
0.0151544
0.0155137
0.015918
0.0163271
0.0167079
0.0170937
0.0175177
0.0179677
0.0184172
0.0188648
0.0193338
0.0198279
0.0203284
0.020804
0.0212679
0.0217304
0.0222141
0.0227342
0.0232981
0.0238726
0.0244453
0.0250115
0.0255701
0.0261494
0.0267339
0.0273259
0.0279365
0.0285738
0.029202
0.0298645
0.0305335
0.031217
0.0319063
0.0326268
0.033356
0.0341052
0.0348667
0.0356506
0.0364543
0.0372685
0.0381221
0.0389521
0.0398194
0.0406892
0.0416036
0.0425249
0.0434472
0.0443892
0.0453249
0.0463028
0.0473045
0.0483005
0.0493363
0.0503666
0.0514181
0.0524625
0.0535217
0.0544654
0.0551824
0.00530156
0.00597381
0.00645645
0.00646686
0.00645196
0.00636507
0.00611757
0.00614528
0.0063121
0.00610599
0.00572578
0.00568232
0.0060601
0.00650452
0.00664469
0.00662635
0.00685527
0.00731404
0.00766697
0.00780762
0.00794543
0.00825616
0.00865081
0.00896407
0.00919748
0.00946713
0.00980373
0.0101439
0.0104505
0.0107581
0.0110913
0.0114349
0.0117775
0.0121544
0.0125625
0.0129464
0.0132845
0.0136321
0.0140382
0.0144596
0.0148281
0.0151561
0.0155144
0.0159231
0.016336
0.0167152
0.0170978
0.0175226
0.0179753
0.0184233
0.0188678
0.0193364
0.0198308
0.0203286
0.0208019
0.0212682
0.0217358
0.0222224
0.0227412
0.0233019
0.023874
0.0244453
0.0250117
0.0255714
0.0261511
0.0267357
0.0273288
0.0279396
0.0285762
0.0292049
0.0298676
0.030536
0.0312196
0.0319093
0.0326298
0.0333589
0.0341082
0.0348694
0.0356531
0.0364567
0.0372705
0.0381234
0.0389532
0.0398212
0.0406907
0.0416043
0.0425249
0.0434473
0.0443896
0.0453258
0.046304
0.0473049
0.0483012
0.0493367
0.0503673
0.0514197
0.0524644
0.0535267
0.0544724
0.0551872
0.00523963
0.00595193
0.00647432
0.00648676
0.00648736
0.00653187
0.00632462
0.00626865
0.00646074
0.00631173
0.00587527
0.00576236
0.00611764
0.00656919
0.00673143
0.00669466
0.00688617
0.00735674
0.00773754
0.00787058
0.00798701
0.00828995
0.00868794
0.00900421
0.00923013
0.00948845
0.00982528
0.0101712
0.0104761
0.0107791
0.0111111
0.011453
0.0117921
0.0121665
0.0125739
0.0129562
0.0132902
0.013634
0.0140404
0.0144652
0.0148339
0.0151581
0.0155153
0.0159282
0.0163451
0.0167229
0.0171021
0.0175276
0.017983
0.0184298
0.0188708
0.019339
0.0198339
0.0203292
0.0208001
0.0212688
0.0217413
0.0222306
0.0227482
0.0233058
0.0238756
0.0244456
0.025012
0.0255728
0.0261528
0.0267376
0.0273318
0.0279428
0.0285786
0.0292078
0.0298708
0.0305385
0.0312223
0.0319123
0.0326329
0.033362
0.0341112
0.0348722
0.0356557
0.0364592
0.0372726
0.0381247
0.0389544
0.0398229
0.0406922
0.041605
0.042525
0.0434475
0.04439
0.0453266
0.0463052
0.0473053
0.0483018
0.0493373
0.050368
0.0514215
0.0524664
0.0535319
0.0544797
0.0551923
0.00516131
0.0059497
0.00652041
0.00652563
0.00649078
0.00665454
0.0065617
0.00641548
0.00656688
0.00650751
0.00605637
0.0058491
0.00617235
0.00663682
0.0068208
0.00677173
0.00691915
0.00739078
0.00780754
0.00793982
0.00803038
0.00832477
0.00872781
0.00904601
0.00926535
0.00951195
0.00984598
0.0101986
0.010504
0.0108016
0.0111312
0.0114715
0.0118073
0.0121794
0.0125859
0.0129666
0.0132967
0.0136364
0.0140429
0.0144711
0.0148403
0.0151606
0.0155163
0.0159334
0.0163544
0.0167309
0.0171065
0.0175327
0.017991
0.0184366
0.018874
0.0193417
0.0198373
0.0203301
0.0207987
0.0212696
0.0217467
0.0222386
0.022755
0.0233098
0.0238774
0.0244459
0.0250124
0.0255743
0.0261546
0.0267396
0.0273348
0.0279461
0.0285812
0.0292109
0.0298741
0.0305412
0.0312251
0.0319155
0.0326361
0.0333652
0.0341144
0.0348751
0.0356584
0.0364617
0.0372747
0.0381261
0.0389557
0.0398247
0.0406938
0.0416058
0.0425251
0.0434477
0.0443905
0.0453275
0.0463064
0.0473058
0.0483025
0.0493379
0.0503687
0.0514235
0.0524686
0.0535372
0.0544873
0.0551976
0.00505217
0.00595286
0.00659379
0.00659645
0.0064844
0.00671606
0.00679815
0.00661209
0.00665153
0.00666511
0.00626324
0.00596029
0.00622102
0.00670161
0.00691337
0.00685886
0.00695839
0.00741551
0.00787285
0.00801691
0.00807713
0.00835824
0.00877039
0.00909111
0.00930235
0.00953791
0.00986699
0.0102251
0.0105335
0.0108262
0.0111518
0.0114904
0.0118231
0.0121928
0.0125987
0.0129777
0.0133039
0.0136395
0.0140456
0.0144774
0.0148473
0.0151636
0.0155174
0.0159387
0.0163641
0.0167392
0.017111
0.0175377
0.0179991
0.0184437
0.0188774
0.0193443
0.0198409
0.0203313
0.0207975
0.0212706
0.0217522
0.0222464
0.0227617
0.0233138
0.0238793
0.0244465
0.025013
0.0255759
0.0261565
0.0267416
0.027338
0.0279494
0.0285838
0.029214
0.0298775
0.0305439
0.031228
0.0319187
0.0326394
0.0333685
0.0341177
0.034878
0.0356612
0.0364643
0.037277
0.0381276
0.038957
0.0398266
0.0406953
0.0416067
0.0425253
0.043448
0.0443909
0.0453285
0.0463077
0.0473063
0.0483032
0.0493386
0.0503694
0.0514257
0.052471
0.0535425
0.0544953
0.0552034
0.00490327
0.00594178
0.00668765
0.0067072
0.00649301
0.00671804
0.00699794
0.00686221
0.00675081
0.00676881
0.00646921
0.00611088
0.0062741
0.00675569
0.00700527
0.00695662
0.00700931
0.00743327
0.00792779
0.00810122
0.00813135
0.00838863
0.00881315
0.00914154
0.00934164
0.00956519
0.00988954
0.0102507
0.0105634
0.0108532
0.0111736
0.0115093
0.0118394
0.0122068
0.012612
0.0129895
0.0133117
0.0136431
0.0140488
0.0144839
0.014855
0.0151672
0.0155186
0.015944
0.0163741
0.0167479
0.0171157
0.0175428
0.0180075
0.018451
0.0188808
0.019347
0.0198447
0.020333
0.0207967
0.0212718
0.0217576
0.0222541
0.0227683
0.0233179
0.0238814
0.0244473
0.0250138
0.0255777
0.0261584
0.0267437
0.0273413
0.027953
0.0285865
0.0292173
0.0298811
0.0305468
0.0312311
0.0319221
0.0326429
0.0333718
0.034121
0.0348811
0.035664
0.036467
0.0372793
0.0381293
0.0389584
0.0398285
0.0406969
0.0416075
0.0425255
0.0434483
0.0443914
0.0453294
0.046309
0.0473068
0.0483039
0.0493395
0.0503702
0.051428
0.0524736
0.0535479
0.0545036
0.0552094
0.00471633
0.00589371
0.00678811
0.00685942
0.00654053
0.00668063
0.00712973
0.0071409
0.00690143
0.00683353
0.00664057
0.00629759
0.00635165
0.0067979
0.00708813
0.00706201
0.00707737
0.00745051
0.00796716
0.00818793
0.00819775
0.00841707
0.00885171
0.00919776
0.009386
0.0095926
0.00991339
0.0102772
0.0105927
0.0108819
0.0111975
0.0115287
0.011856
0.0122214
0.0126259
0.0130021
0.0133203
0.0136474
0.0140524
0.0144909
0.0148632
0.0151715
0.01552
0.0159494
0.0163844
0.016757
0.0171204
0.0175478
0.018016
0.0184588
0.0188844
0.0193497
0.0198487
0.020335
0.0207963
0.0212733
0.0217631
0.0222616
0.0227747
0.023322
0.0238837
0.0244483
0.0250147
0.0255796
0.0261604
0.0267459
0.0273447
0.0279566
0.0285893
0.0292207
0.0298848
0.0305498
0.0312342
0.0319256
0.0326465
0.0333754
0.0341245
0.0348843
0.035667
0.0364697
0.0372817
0.038131
0.0389598
0.0398304
0.0406986
0.0416085
0.0425259
0.0434486
0.0443919
0.0453303
0.0463104
0.0473074
0.0483046
0.0493406
0.050371
0.0514304
0.0524765
0.0535535
0.0545122
0.0552159
0.00451058
0.00578953
0.00687468
0.00704639
0.00664534
0.00663525
0.00717778
0.00740746
0.00712275
0.00689727
0.00675307
0.00649291
0.00647134
0.00684174
0.00715377
0.00716632
0.00716459
0.00747733
0.00799002
0.00826822
0.00827904
0.00844909
0.00888196
0.00925679
0.00943907
0.00962084
0.00993634
0.0103057
0.0106221
0.0109106
0.0112237
0.0115493
0.0118726
0.0122365
0.0126404
0.0130156
0.01333
0.0136522
0.0140564
0.0144984
0.014872
0.0151763
0.0155217
0.0159547
0.016395
0.0167667
0.0171253
0.0175527
0.0180248
0.0184669
0.018888
0.0193524
0.0198531
0.0203375
0.0207962
0.0212751
0.0217686
0.0222689
0.022781
0.0233263
0.0238862
0.0244495
0.0250159
0.0255817
0.0261625
0.0267482
0.0273482
0.0279603
0.0285922
0.0292242
0.0298887
0.030553
0.0312375
0.0319292
0.0326503
0.033379
0.034128
0.0348876
0.03567
0.0364726
0.0372843
0.0381328
0.0389613
0.0398325
0.0407003
0.0416094
0.0425263
0.043449
0.0443924
0.0453313
0.0463119
0.047308
0.0483053
0.0493418
0.0503718
0.051433
0.0524797
0.0535591
0.054521
0.0552227
0.00432073
0.0056241
0.00692154
0.00725239
0.00681512
0.00661662
0.00714962
0.00761968
0.00740267
0.00700297
0.0068132
0.00665954
0.0066315
0.00690959
0.0072036
0.00725713
0.00726525
0.00752472
0.00800344
0.00833193
0.00837216
0.00849265
0.00890291
0.00931261
0.00950286
0.00965359
0.00995611
0.0103354
0.010654
0.0109385
0.0112507
0.0115724
0.0118897
0.0122515
0.0126556
0.0130298
0.0133407
0.0136578
0.0140605
0.0145063
0.0148817
0.0151817
0.0155235
0.01596
0.0164059
0.0167769
0.0171305
0.0175574
0.0180337
0.0184756
0.0188919
0.019355
0.0198577
0.0203405
0.0207965
0.021277
0.0217741
0.0222761
0.0227872
0.0233306
0.0238889
0.0244509
0.0250172
0.0255839
0.0261648
0.0267505
0.0273518
0.0279642
0.0285952
0.0292278
0.0298927
0.0305563
0.0312409
0.0319329
0.0326542
0.0333828
0.0341317
0.0348909
0.0356731
0.0364755
0.0372869
0.0381347
0.0389629
0.0398345
0.040702
0.0416105
0.0425268
0.0434495
0.0443929
0.0453324
0.0463133
0.0473088
0.048306
0.0493431
0.0503728
0.0514357
0.0524832
0.0535648
0.0545302
0.05523
0.00418139
0.00541435
0.00690453
0.0074544
0.00704468
0.00665563
0.00707497
0.0077447
0.00770369
0.00718287
0.00685688
0.00676705
0.00680419
0.00702084
0.00725503
0.00732485
0.00736544
0.00759853
0.0080216
0.00837272
0.00846642
0.00855495
0.00891959
0.00935812
0.0095752
0.00969611
0.00997275
0.010363
0.0106901
0.0109672
0.0112767
0.0115978
0.0119086
0.0122662
0.0126709
0.0130449
0.0133525
0.0136644
0.0140649
0.0145146
0.0148924
0.0151879
0.0155254
0.0159653
0.016417
0.0167877
0.017136
0.0175618
0.0180426
0.0184848
0.0188961
0.0193575
0.0198625
0.020344
0.0207972
0.0212792
0.0217797
0.0222832
0.0227932
0.0233349
0.0238919
0.0244527
0.0250187
0.0255862
0.0261671
0.0267529
0.0273555
0.0279682
0.0285982
0.0292315
0.0298969
0.0305597
0.0312444
0.0319368
0.0326582
0.0333867
0.0341354
0.0348944
0.0356764
0.0364785
0.0372896
0.0381367
0.0389645
0.0398366
0.0407037
0.0416115
0.0425274
0.04345
0.0443935
0.0453334
0.0463149
0.0473096
0.0483067
0.0493447
0.0503739
0.0514385
0.052487
0.0535705
0.0545395
0.0552377
0.00411425
0.00519463
0.0068123
0.00762379
0.0073174
0.00677197
0.00699413
0.00777108
0.00798008
0.00744054
0.006929
0.00681542
0.00695026
0.00717334
0.00733362
0.00737343
0.00744711
0.00769202
0.00806153
0.00839515
0.00854708
0.00863711
0.00894237
0.0093887
0.00964949
0.00975287
0.00999016
0.0103848
0.0107293
0.0109999
0.0113009
0.0116235
0.0119307
0.0122815
0.0126858
0.0130608
0.0133655
0.013672
0.0140697
0.0145229
0.0149041
0.0151952
0.0155275
0.0159704
0.0164285
0.0167993
0.017142
0.0175662
0.0180514
0.0184945
0.0189006
0.01936
0.0198675
0.020348
0.0207983
0.0212815
0.0217854
0.0222902
0.0227992
0.0233393
0.023895
0.0244547
0.0250205
0.0255887
0.0261696
0.0267554
0.0273593
0.0279724
0.0286014
0.0292352
0.0299013
0.0305633
0.0312481
0.0319407
0.0326624
0.0333907
0.0341393
0.034898
0.0356797
0.0364817
0.0372924
0.0381388
0.0389662
0.0398388
0.0407055
0.0416127
0.0425281
0.0434505
0.044394
0.0453346
0.0463164
0.0473105
0.0483075
0.0493464
0.0503751
0.0514413
0.0524911
0.0535764
0.054549
0.0552458
0.00412175
0.00500149
0.00665464
0.00773101
0.0076077
0.00697045
0.00694885
0.00771387
0.00818708
0.00774891
0.00706953
0.00683697
0.00703655
0.00733735
0.00746056
0.00742521
0.0074972
0.00778593
0.00813477
0.00841631
0.00860161
0.00872911
0.00898275
0.00940649
0.00971648
0.00982422
0.0100144
0.0103995
0.0107676
0.0110388
0.0113252
0.0116469
0.0119554
0.012299
0.0126998
0.0130769
0.01338
0.0136807
0.0140749
0.0145315
0.0149167
0.0152037
0.0155297
0.015975
0.0164401
0.0168116
0.0171484
0.0175703
0.0180602
0.0185046
0.0189056
0.0193626
0.0198726
0.0203526
0.0208
0.021284
0.021791
0.0222972
0.0228051
0.0233437
0.0238983
0.0244569
0.0250224
0.0255913
0.0261722
0.026758
0.0273633
0.0279767
0.0286047
0.0292391
0.0299058
0.0305671
0.0312519
0.0319448
0.0326668
0.0333949
0.0341432
0.0349016
0.0356831
0.0364849
0.0372954
0.0381411
0.0389679
0.039841
0.0407074
0.0416139
0.0425289
0.0434511
0.0443946
0.0453358
0.0463179
0.0473115
0.0483082
0.0493482
0.0503765
0.0514443
0.0524957
0.0535825
0.0545587
0.0552544
0.00419436
0.00486255
0.00646099
0.00775582
0.00788301
0.0072409
0.00697376
0.00761022
0.00829439
0.00806428
0.00729413
0.00687471
0.0070592
0.00747218
0.00763254
0.00751055
0.00752071
0.00785563
0.00823617
0.00845922
0.00863009
0.00881297
0.00904744
0.00942221
0.00976767
0.00990496
0.0100519
0.0104096
0.0108005
0.0110836
0.0113536
0.0116671
0.0119803
0.0123206
0.0127142
0.0130919
0.0133958
0.0136909
0.0140805
0.0145401
0.01493
0.0152136
0.0155325
0.0159792
0.0164518
0.0168249
0.0171554
0.0175742
0.0180688
0.0185151
0.0189109
0.0193652
0.0198779
0.0203577
0.0208022
0.0212867
0.0217966
0.0223042
0.0228111
0.0233482
0.0239018
0.0244594
0.0250246
0.0255941
0.0261749
0.0267607
0.0273674
0.0279811
0.028608
0.0292431
0.0299104
0.030571
0.0312558
0.0319489
0.0326714
0.0333992
0.0341472
0.0349054
0.0356867
0.0364882
0.0372984
0.0381434
0.0389698
0.0398432
0.0407093
0.0416152
0.0425298
0.0434518
0.0443953
0.0453371
0.0463195
0.0473126
0.048309
0.0493502
0.0503781
0.0514473
0.0525006
0.0535887
0.0545684
0.0552633
0.00431984
0.00478922
0.00626642
0.00769877
0.00810792
0.00755789
0.00708879
0.00750706
0.00829874
0.00833817
0.0075885
0.00697025
0.00704659
0.00754322
0.00781735
0.00765396
0.0075446
0.00788153
0.0083416
0.0085423
0.00865028
0.0088702
0.00912985
0.00945049
0.00980053
0.00998555
0.0101066
0.0104204
0.010825
0.0111306
0.0113889
0.0116861
0.0120025
0.0123456
0.0127312
0.0131054
0.0134119
0.0137032
0.0140866
0.0145487
0.0149443
0.0152248
0.0155359
0.0159827
0.0164633
0.0168393
0.0171632
0.0175779
0.0180774
0.0185262
0.0189166
0.0193679
0.0198835
0.0203633
0.0208048
0.0212896
0.0218022
0.0223112
0.022817
0.0233528
0.0239055
0.0244622
0.0250271
0.0255971
0.0261777
0.0267635
0.0273717
0.0279858
0.0286116
0.0292472
0.0299152
0.0305751
0.0312599
0.0319532
0.0326761
0.0334036
0.0341513
0.0349094
0.0356903
0.0364916
0.0373016
0.0381459
0.0389717
0.0398455
0.0407113
0.0416165
0.0425307
0.0434525
0.0443959
0.0453385
0.0463211
0.0473138
0.0483099
0.0493524
0.0503799
0.0514503
0.0525059
0.0535951
0.0545782
0.0552727
0.00448638
0.00477977
0.00609937
0.00758286
0.00825498
0.00788445
0.00729391
0.00745038
0.00822593
0.00852882
0.00791537
0.00714741
0.00703925
0.00754476
0.00797271
0.00785368
0.00760568
0.00786689
0.00841951
0.00866482
0.00868967
0.00889452
0.00921043
0.00950322
0.00982306
0.0100545
0.010177
0.0104389
0.0108409
0.0111755
0.0114312
0.0117075
0.0120207
0.0123714
0.0127527
0.0131189
0.0134267
0.0137173
0.0140938
0.014557
0.0149594
0.0152378
0.0155401
0.0159859
0.0164742
0.0168545
0.0171719
0.0175813
0.0180857
0.0185378
0.0189227
0.0193705
0.0198893
0.0203696
0.0208079
0.0212927
0.0218079
0.0223182
0.0228229
0.0233575
0.0239094
0.0244651
0.0250297
0.0256004
0.0261808
0.0267663
0.027376
0.0279906
0.0286152
0.0292513
0.0299201
0.0305794
0.0312641
0.0319576
0.032681
0.0334082
0.0341555
0.0349134
0.0356941
0.0364951
0.0373048
0.0381484
0.0389737
0.0398479
0.0407133
0.041618
0.0425318
0.0434534
0.0443965
0.0453401
0.0463226
0.0473151
0.0483109
0.0493546
0.0503821
0.0514534
0.0525115
0.0536018
0.054588
0.0552824
0.00468095
0.00482921
0.00597515
0.00744079
0.00831768
0.00818059
0.00756825
0.00747219
0.00811957
0.0086164
0.00822728
0.00740251
0.00707765
0.00750141
0.00806132
0.00807532
0.0077347
0.00784177
0.00844272
0.0088013
0.00877412
0.0089017
0.00926672
0.00957954
0.00985145
0.0101049
0.0102557
0.0104718
0.010851
0.0112151
0.0114792
0.0117338
0.0120364
0.0123952
0.0127785
0.0131349
0.0134397
0.013732
0.0141031
0.0145651
0.0149747
0.0152525
0.0155453
0.0159886
0.0164848
0.0168704
0.0171818
0.0175846
0.0180937
0.0185502
0.0189294
0.0193728
0.0198952
0.0203767
0.0208116
0.0212957
0.0218136
0.0223252
0.0228288
0.0233623
0.0239135
0.0244684
0.0250326
0.0256037
0.0261841
0.0267694
0.0273805
0.0279956
0.028619
0.0292555
0.0299252
0.0305839
0.0312685
0.0319621
0.0326861
0.033413
0.0341597
0.0349175
0.035698
0.0364988
0.0373082
0.038151
0.0389758
0.0398503
0.0407154
0.0416195
0.0425329
0.0434543
0.0443972
0.0453418
0.0463242
0.0473164
0.0483121
0.0493569
0.0503845
0.0514565
0.0525175
0.0536087
0.0545979
0.0552925
0.00488577
0.00493361
0.005899
0.00729902
0.00831145
0.0084164
0.00787707
0.00758374
0.00802795
0.00861294
0.00847825
0.0077066
0.00718955
0.0074517
0.00807342
0.00827349
0.00793408
0.00784768
0.00840802
0.00891436
0.00890908
0.00892099
0.00928525
0.00966085
0.0099012
0.0101393
0.0103303
0.0105221
0.01086
0.0112462
0.0115311
0.0117661
0.0120513
0.0124158
0.0128063
0.0131553
0.0134523
0.0137454
0.0141142
0.014574
0.01499
0.015269
0.0155518
0.0159907
0.0164948
0.0168872
0.0171927
0.0175879
0.0181012
0.0185632
0.0189369
0.0193748
0.019901
0.0203847
0.020816
0.0212987
0.0218192
0.0223324
0.0228348
0.0233672
0.0239179
0.0244719
0.0250356
0.0256073
0.0261877
0.0267725
0.027385
0.0280008
0.028623
0.0292599
0.0299304
0.0305886
0.031273
0.0319668
0.0326913
0.0334178
0.0341641
0.0349217
0.035702
0.0365025
0.0373117
0.0381538
0.0389779
0.0398528
0.0407175
0.0416212
0.0425341
0.0434553
0.0443979
0.0453436
0.0463258
0.0473178
0.0483134
0.0493593
0.0503873
0.0514598
0.0525238
0.053616
0.0546077
0.0553029
0.00507902
0.00508677
0.00587467
0.00717202
0.00825898
0.00857941
0.0081824
0.00777397
0.00798982
0.00855355
0.00864039
0.00801688
0.00737934
0.00743568
0.00803024
0.00840921
0.00817184
0.00792295
0.00834542
0.00896995
0.00907202
0.00898368
0.00927678
0.00972261
0.00997747
0.010173
0.0103901
0.0105873
0.0108756
0.0112665
0.0115844
0.0118059
0.012066
0.0124333
0.0128347
0.01318
0.0134667
0.0137569
0.0141255
0.0145844
0.0150054
0.0152868
0.0155602
0.0159923
0.0165042
0.0169049
0.0172046
0.0175911
0.0181082
0.0185767
0.0189454
0.0193768
0.0199064
0.0203934
0.0208213
0.0213017
0.0218247
0.0223397
0.0228408
0.0233722
0.0239225
0.0244758
0.0250387
0.0256109
0.0261915
0.0267759
0.0273897
0.028006
0.028627
0.0292643
0.0299358
0.0305936
0.0312777
0.0319715
0.0326968
0.0334229
0.0341685
0.0349261
0.0357061
0.0365064
0.0373154
0.0381566
0.0389802
0.0398554
0.0407197
0.041623
0.0425354
0.0434564
0.0443986
0.0453456
0.0463275
0.0473193
0.048315
0.0493617
0.0503904
0.0514632
0.0525302
0.0536236
0.0546176
0.0553135
0.00523818
0.00527347
0.00590773
0.00706978
0.00817958
0.00867335
0.00845269
0.008016
0.00802428
0.00848041
0.00871456
0.00828923
0.0076254
0.00748048
0.00796656
0.00846677
0.00840187
0.00807751
0.0082991
0.00895668
0.00922414
0.00910324
0.00926978
0.00974577
0.0100656
0.0102235
0.010433
0.0106574
0.0109058
0.0112766
0.0116341
0.0118558
0.0120816
0.0124466
0.0128635
0.0132083
0.013484
0.0137676
0.0141355
0.0145961
0.0150219
0.0153055
0.0155701
0.0159939
0.0165128
0.0169236
0.0172177
0.0175941
0.0181147
0.0185907
0.0189548
0.0193789
0.0199114
0.0204028
0.0208278
0.0213048
0.0218299
0.0223473
0.022847
0.0233771
0.0239274
0.02448
0.0250421
0.0256147
0.0261954
0.0267794
0.0273946
0.0280115
0.0286312
0.0292687
0.0299413
0.0305988
0.0312825
0.0319762
0.0327025
0.033428
0.034173
0.0349305
0.0357103
0.0365103
0.0373192
0.0381596
0.0389825
0.039858
0.040722
0.041625
0.0425367
0.0434576
0.0443993
0.0453477
0.0463293
0.0473207
0.0483169
0.0493641
0.0503939
0.0514668
0.0525368
0.0536316
0.0546274
0.0553244
0.0053484
0.0054684
0.00599869
0.00700595
0.00808947
0.00871016
0.00866841
0.00827651
0.00813031
0.00843109
0.00872545
0.00849631
0.00789323
0.00759445
0.00791934
0.00845943
0.00858203
0.00828547
0.00830997
0.00889826
0.0093269
0.00926372
0.00929702
0.00973359
0.010141
0.0102995
0.0104685
0.010719
0.0109537
0.0112827
0.0116728
0.0119172
0.0121026
0.0124525
0.0128914
0.0132411
0.0135043
0.0137789
0.0141441
0.0146075
0.0150404
0.0153257
0.0155807
0.0159953
0.0165205
0.0169431
0.0172325
0.0175968
0.0181203
0.0186055
0.0189655
0.0193809
0.0199159
0.0204125
0.0208351
0.0213082
0.0218349
0.0223548
0.0228536
0.0233822
0.0239323
0.0244845
0.0250457
0.0256187
0.0261996
0.026783
0.0273996
0.0280171
0.0286356
0.0292732
0.029947
0.0306043
0.0312874
0.031981
0.0327083
0.0334334
0.0341776
0.0349352
0.0357147
0.0365144
0.037323
0.0381627
0.0389848
0.0398608
0.0407242
0.0416271
0.042538
0.043459
0.0444001
0.0453498
0.0463312
0.0473221
0.0483191
0.0493666
0.0503975
0.0514707
0.0525435
0.0536398
0.0546373
0.0553354
0.00540946
0.00564545
0.00613478
0.00699425
0.00800666
0.00870532
0.00882301
0.00852345
0.00828974
0.00842771
0.0087037
0.00863222
0.00814718
0.0077655
0.00791802
0.00841811
0.00869248
0.00850499
0.00839471
0.00883606
0.00936255
0.0094297
0.00937922
0.00971157
0.0101832
0.0103942
0.0105146
0.0107654
0.0110138
0.011295
0.0116943
0.0119849
0.0121374
0.01245
0.0129135
0.0132805
0.0135282
0.0137903
0.0141517
0.014617
0.0150602
0.0153492
0.0155924
0.0159962
0.0165276
0.0169633
0.0172492
0.0175995
0.0181243
0.0186209
0.018978
0.0193832
0.0199199
0.0204228
0.0208433
0.0213118
0.0218399
0.0223624
0.0228602
0.0233875
0.0239374
0.0244893
0.0250497
0.0256228
0.0262039
0.0267868
0.0274049
0.0280231
0.02864
0.0292776
0.0299528
0.0306101
0.0312926
0.0319859
0.0327144
0.0334387
0.0341823
0.0349399
0.0357192
0.0365186
0.037327
0.0381659
0.0389873
0.0398637
0.0407265
0.0416294
0.0425394
0.0434604
0.0444011
0.045352
0.0463332
0.0473234
0.0483217
0.0493691
0.0504013
0.051475
0.0525503
0.0536484
0.0546473
0.0553464
0.0054317
0.00578881
0.00629228
0.00703828
0.00795087
0.00867805
0.00892332
0.00873565
0.00847758
0.00847694
0.00867886
0.00870667
0.00835955
0.00796569
0.00797273
0.00837676
0.00873989
0.00869782
0.00853835
0.00880933
0.00934389
0.00956138
0.00950728
0.00970892
0.0101862
0.0104855
0.0105833
0.0108012
0.0110749
0.0113227
0.0117002
0.0120471
0.0121928
0.0124454
0.0129218
0.0133256
0.0135605
0.0138013
0.0141586
0.0146249
0.0150793
0.0153763
0.0156061
0.0159955
0.0165337
0.0169845
0.0172682
0.0176026
0.0181264
0.0186362
0.0189923
0.0193855
0.019923
0.0204335
0.0208524
0.0213156
0.021845
0.0223702
0.0228671
0.023393
0.0239427
0.0244943
0.0250538
0.0256274
0.0262086
0.0267905
0.02741
0.0280294
0.0286448
0.0292819
0.0299585
0.0306162
0.0312979
0.0319909
0.0327206
0.0334444
0.0341871
0.0349448
0.0357237
0.0365228
0.0373311
0.0381692
0.0389897
0.0398666
0.0407288
0.0416319
0.0425409
0.0434618
0.0444023
0.0453542
0.0463355
0.0473246
0.0483246
0.0493718
0.0504052
0.0514797
0.0525572
0.0536591
0.0546575
0.0553576
0.0054257
0.00589505
0.00644713
0.00712508
0.00793355
0.0086462
0.00898209
0.00890412
0.0086682
0.00857302
0.00867557
0.00874007
0.00851888
0.00816453
0.00807258
0.00835994
0.00874466
0.00884188
0.00871015
0.00884078
0.00930679
0.0096388
0.00965439
0.00974977
0.0101671
0.0105515
0.0106728
0.0108394
0.0111266
0.0113677
0.011701
0.0120921
0.0122676
0.0124517
0.0129107
0.0133678
0.0136062
0.0138143
0.0141622
0.0146319
0.0150976
0.0154064
0.0156238
0.0159933
0.0165369
0.0170067
0.0172899
0.0176064
0.0181265
0.0186513
0.0190093
0.0193887
0.0199251
0.0204446
0.0208623
0.0213192
0.02185
0.0223782
0.022874
0.0233984
0.0239483
0.0244994
0.0250578
0.0256321
0.0262138
0.0267944
0.0274152
0.0280358
0.0286499
0.0292862
0.0299645
0.0306227
0.0313033
0.0319957
0.0327269
0.03345
0.0341919
0.0349499
0.0357284
0.0365273
0.0373352
0.0381727
0.0389922
0.0398698
0.0407313
0.0416346
0.0425423
0.0434633
0.0444037
0.0453563
0.046338
0.0473259
0.0483277
0.0493748
0.050409
0.0514849
0.0525642
0.0536681
0.0546677
0.0553688
0.00539811
0.00596842
0.00658486
0.00723519
0.00795403
0.00862232
0.00901134
0.00902836
0.00884012
0.00869854
0.00870895
0.00875929
0.00863219
0.00834403
0.00819929
0.00837773
0.00873089
0.00893145
0.00887694
0.00892331
0.00928515
0.00966666
0.00978674
0.00983596
0.0101525
0.010582
0.0107679
0.0108921
0.0111662
0.0114212
0.011708
0.0121131
0.0123487
0.0124832
0.0128864
0.0133943
0.0136658
0.0138368
0.0141602
0.0146356
0.0151154
0.015438
0.0156468
0.0159916
0.016536
0.0170292
0.0173156
0.0176111
0.018124
0.0186652
0.0190282
0.0193933
0.0199262
0.0204557
0.0208735
0.021323
0.0218548
0.0223868
0.0228812
0.0234053
0.0239541
0.024505
0.0250619
0.0256369
0.0262194
0.0267984
0.0274204
0.0280425
0.0286553
0.0292904
0.0299703
0.0306295
0.0313089
0.0320007
0.0327335
0.0334557
0.0341968
0.034955
0.0357331
0.036532
0.0373395
0.0381765
0.0389947
0.039873
0.0407337
0.0416374
0.042544
0.0434646
0.0444055
0.0453584
0.0463407
0.0473271
0.0483311
0.049378
0.0504129
0.0514905
0.0525712
0.0536771
0.0546781
0.0553801
0.0053535
0.00601382
0.00670223
0.0073558
0.00800777
0.00861661
0.00902371
0.00911457
0.00898039
0.00882834
0.00877392
0.00878334
0.00871053
0.00849552
0.00833535
0.00842816
0.00872103
0.00897686
0.00901563
0.00903489
0.00929796
0.00966887
0.00988064
0.00994767
0.0101653
0.0105845
0.010851
0.0109646
0.0112032
0.0114756
0.01173
0.0121156
0.012418
0.0125431
0.0128647
0.0133948
0.0137295
0.0138788
0.014157
0.0146315
0.0151329
0.0154715
0.015674
0.015992
0.0165301
0.0170497
0.0173464
0.0176183
0.0181187
0.0186776
0.0190493
0.0193997
0.0199265
0.0204661
0.0208858
0.0213272
0.0218588
0.0223955
0.0228893
0.0234104
0.0239596
0.024511
0.0250663
0.0256419
0.0262255
0.0268027
0.0274254
0.0280491
0.028661
0.0292947
0.0299764
0.0306366
0.0313146
0.0320057
0.0327403
0.0334618
0.0342018
0.0349604
0.0357377
0.0365366
0.0373436
0.0381802
0.0389973
0.0398764
0.0407363
0.0416403
0.0425459
0.0434659
0.0444077
0.0453603
0.0463435
0.0473286
0.0483345
0.0493816
0.0504166
0.0514966
0.0525786
0.0536861
0.0546887
0.0553914
0.00529883
0.00603255
0.00679598
0.00747721
0.00808873
0.00863727
0.00903366
0.00917409
0.00909002
0.00894504
0.00885438
0.00882015
0.00876618
0.00861588
0.00846809
0.00850253
0.00872955
0.00899718
0.00911901
0.00915498
0.0093461
0.0096742
0.00993714
0.0100592
0.0102134
0.0105766
0.0109072
0.011047
0.011245
0.0115245
0.0117676
0.0121141
0.0124643
0.0126214
0.0128635
0.0133705
0.0137793
0.0139418
0.0141625
0.0146158
0.0151456
0.0155095
0.0157063
0.0159952
0.0165206
0.0170658
0.0173816
0.0176301
0.0181101
0.018687
0.0190726
0.0194081
0.0199261
0.0204761
0.0208991
0.0213322
0.0218623
0.022404
0.0228985
0.023416
0.0239645
0.0245172
0.025071
0.0256468
0.0262318
0.0268073
0.0274305
0.0280559
0.0286667
0.0292987
0.0299825
0.0306441
0.0313203
0.0320106
0.032747
0.0334678
0.0342068
0.0349661
0.0357426
0.0365419
0.0373481
0.0381842
0.0389999
0.0398796
0.040739
0.0416431
0.0425479
0.0434671
0.0444102
0.0453623
0.0463463
0.0473304
0.0483379
0.0493856
0.0504204
0.0515029
0.0525861
0.0536951
0.0546993
0.0554029
0.00525019
0.00603075
0.00686171
0.00758711
0.00818567
0.00868413
0.00905141
0.00921652
0.00917585
0.00904339
0.00893594
0.00886916
0.00881164
0.00870764
0.00858807
0.00858984
0.00875777
0.00900813
0.00918704
0.00926373
0.00941462
0.00969469
0.00997032
0.0101493
0.0102881
0.0105786
0.010936
0.0111267
0.0112961
0.0115666
0.0118131
0.0121188
0.0124873
0.0127011
0.0128944
0.01334
0.0138024
0.0140157
0.0141891
0.0145925
0.0151442
0.0155503
0.0157466
0.0160007
0.0165077
0.0170766
0.0174195
0.0176489
0.0180996
0.0186919
0.0190981
0.0194193
0.0199246
0.0204854
0.0209135
0.0213376
0.0218652
0.022412
0.0229086
0.0234225
0.0239691
0.0245232
0.0250761
0.0256521
0.0262384
0.0268121
0.0274357
0.028063
0.028673
0.0293028
0.0299888
0.030652
0.0313259
0.0320155
0.032754
0.0334742
0.0342117
0.0349717
0.0357471
0.0365468
0.0373523
0.0381883
0.0390029
0.039883
0.0407422
0.0416459
0.0425503
0.0434682
0.044413
0.0453643
0.0463491
0.0473326
0.0483412
0.0493899
0.0504241
0.0515095
0.0525942
0.0537039
0.0547099
0.0554143
0.00522116
0.00602053
0.00690091
0.00767272
0.00828256
0.00874891
0.00908099
0.00924742
0.00923946
0.00912205
0.00900616
0.00892093
0.00885193
0.00877442
0.00868638
0.00867812
0.0088029
0.00902373
0.00923211
0.00935506
0.00949348
0.00973353
0.00999937
0.0102142
0.0103707
0.0106024
0.0109471
0.0111935
0.0113575
0.011607
0.011861
0.0121342
0.0124931
0.0127647
0.0129496
0.0133217
0.013798
0.0140828
0.0142427
0.0145763
0.0151244
0.015587
0.0157998
0.0160117
0.0164893
0.0170812
0.0174589
0.017675
0.0180892
0.0186909
0.0191245
0.0194342
0.0199218
0.0204934
0.0209295
0.0213441
0.0218676
0.0224194
0.0229193
0.02343
0.0239738
0.0245288
0.025081
0.0256575
0.0262455
0.0268171
0.0274407
0.02807
0.0286792
0.0293067
0.0299954
0.0306608
0.0313317
0.0320203
0.0327608
0.0334806
0.0342168
0.0349777
0.0357519
0.0365521
0.0373567
0.0381921
0.0390057
0.039886
0.0407455
0.0416487
0.0425528
0.0434694
0.0444161
0.0453666
0.0463517
0.0473353
0.0483446
0.0493944
0.050428
0.051516
0.0526025
0.0537128
0.0547206
0.0554258
0.00521565
0.00601464
0.00692501
0.00773396
0.00836812
0.00882324
0.0091262
0.00927813
0.00928638
0.00918544
0.00906359
0.00896875
0.00889017
0.00882434
0.00876182
0.00875679
0.00885648
0.00904681
0.0092632
0.0094252
0.00957161
0.00978519
0.0100344
0.010264
0.0104466
0.0106475
0.010954
0.011239
0.0114216
0.0116483
0.0119076
0.0121622
0.0124947
0.0128078
0.0130153
0.013327
0.0137793
0.0141258
0.0143109
0.014581
0.0150899
0.0156063
0.0158655
0.0160366
0.0164648
0.0170763
0.0174998
0.0177085
0.0180803
0.0186843
0.0191506
0.0194537
0.0199184
0.0204989
0.020947
0.0213521
0.021869
0.0224258
0.0229304
0.0234381
0.0239789
0.0245346
0.0250858
0.0256629
0.0262531
0.0268223
0.0274454
0.0280774
0.0286859
0.0293101
0.0300014
0.0306697
0.0313373
0.0320253
0.0327679
0.0334876
0.0342222
0.0349838
0.0357568
0.0365575
0.0373615
0.0381963
0.0390092
0.0398891
0.0407491
0.0416513
0.0425552
0.0434706
0.0444191
0.0453689
0.046354
0.0473384
0.0483479
0.049399
0.0504323
0.0515228
0.0526112
0.0537215
0.054731
0.0554373
0.00523356
0.006021
0.00694463
0.00777663
0.00843419
0.00889388
0.00917874
0.00931178
0.00931962
0.00923241
0.00910782
0.00900631
0.00892422
0.00886297
0.0088189
0.00882051
0.00890932
0.00907574
0.00928696
0.00947615
0.00963934
0.0098407
0.0100736
0.0103064
0.01051
0.0107048
0.0109709
0.0112671
0.0114818
0.0116932
0.0119497
0.012198
0.0124987
0.0128318
0.0130767
0.0133549
0.0137649
0.0141449
0.0143768
0.0146135
0.0150573
0.0155978
0.0159311
0.0160846
0.016439
0.0170556
0.0175411
0.0177522
0.0180734
0.018672
0.0191751
0.0194778
0.0199153
0.0205013
0.0209659
0.0213627
0.0218697
0.0224312
0.0229419
0.0234465
0.0239842
0.0245406
0.0250904
0.0256683
0.0262616
0.0268283
0.0274495
0.0280847
0.028693
0.0293137
0.0300077
0.0306794
0.0313431
0.0320299
0.0327743
0.0334941
0.0342274
0.0349897
0.0357617
0.0365626
0.0373662
0.0382001
0.0390129
0.0398922
0.0407532
0.0416543
0.0425579
0.0434723
0.0444224
0.0453716
0.0463562
0.0473419
0.0483513
0.0494035
0.0504366
0.0515294
0.0526203
0.0537304
0.0547412
0.0554487
0.00527109
0.00603998
0.0069641
0.00780672
0.00847862
0.00894865
0.00922635
0.00934433
0.00934238
0.00926103
0.00913786
0.00903045
0.00894881
0.00889046
0.00886044
0.00886958
0.0089547
0.00910889
0.00931023
0.00951606
0.00969596
0.00989452
0.0101149
0.0103445
0.0105607
0.0107601
0.0109983
0.0112841
0.0115302
0.0117429
0.0119899
0.0122396
0.0125137
0.0128459
0.0131267
0.0133949
0.013763
0.0141498
0.0144262
0.0146636
0.0150447
0.0155676
0.0159788
0.0161571
0.0164259
0.0170134
0.0175744
0.0178093
0.018071
0.0186524
0.0191974
0.0195067
0.0199128
0.0204995
0.020985
0.0213764
0.0218702
0.0224349
0.0229536
0.0234557
0.0239894
0.0245473
0.0250949
0.0256727
0.0262701
0.0268348
0.0274532
0.0280923
0.028701
0.0293172
0.0300134
0.0306892
0.0313491
0.032035
0.0327812
0.0335011
0.0342331
0.0349957
0.035767
0.0365678
0.0373711
0.0382038
0.0390166
0.0398949
0.0407568
0.0416571
0.0425602
0.0434743
0.0444256
0.0453745
0.0463585
0.047346
0.0483552
0.0494082
0.0504415
0.0515361
0.0526296
0.0537393
0.0547512
0.05546
0.0053264
0.00607149
0.00698664
0.00783027
0.00850527
0.0089812
0.00925781
0.00936643
0.00935323
0.00926946
0.00914989
0.009039
0.0089594
0.00890667
0.00888815
0.0089073
0.00899067
0.0091413
0.00933451
0.00954859
0.00974366
0.00994348
0.0101584
0.0103827
0.0106049
0.01081
0.0110322
0.0112983
0.0115604
0.0117878
0.0120256
0.0122772
0.0125379
0.0128567
0.0131644
0.0134398
0.0137755
0.0141532
0.0144588
0.0147149
0.0150577
0.0155347
0.0159954
0.0162401
0.0164438
0.0169564
0.0175861
0.0178805
0.0180804
0.0186231
0.0192149
0.0195421
0.0199121
0.0204932
0.0210033
0.0213939
0.0218714
0.0224364
0.0229648
0.0234652
0.0239943
0.0245547
0.0251001
0.0256767
0.0262791
0.0268425
0.0274562
0.0280992
0.0287091
0.0293204
0.030019
0.030699
0.0313552
0.0320399
0.0327877
0.0335077
0.0342389
0.0350014
0.0357722
0.0365729
0.0373759
0.0382076
0.0390209
0.0398982
0.0407609
0.0416602
0.0425623
0.0434763
0.0444285
0.0453771
0.0463602
0.0473498
0.0483586
0.0494121
0.0504462
0.0515426
0.0526391
0.0537478
0.0547608
0.0554709
0.00540101
0.0061183
0.0070151
0.00785124
0.0085207
0.00899286
0.0092659
0.00936686
0.00934353
0.00925295
0.00913623
0.0090271
0.00895153
0.00890924
0.0089028
0.00893534
0.00902132
0.0091714
0.00936066
0.00957617
0.00978348
0.00998492
0.010198
0.0104181
0.0106412
0.0108524
0.0110664
0.0113166
0.0115811
0.0118252
0.0120616
0.0123105
0.0125679
0.0128688
0.0131869
0.0134796
0.0137958
0.0141584
0.0144817
0.0147572
0.015085
0.0155167
0.0159849
0.0163097
0.0164988
0.0169051
0.0175643
0.0179566
0.0181141
0.0185868
0.0192223
0.0195853
0.0199155
0.0204817
0.0210197
0.0214158
0.0218751
0.0224362
0.0229762
0.0234758
0.023999
0.0245623
0.0251058
0.0256795
0.0262876
0.0268512
0.0274589
0.0281055
0.0287186
0.0293255
0.0300248
0.030709
0.031362
0.0320455
0.0327945
0.0335144
0.0342453
0.0350074
0.0357782
0.0365784
0.0373809
0.0382114
0.0390251
0.0399015
0.0407648
0.0416639
0.0425651
0.0434796
0.0444323
0.0453807
0.0463631
0.0473546
0.0483633
0.0494167
0.0504518
0.0515493
0.052649
0.0537573
0.0547703
0.0554817
0.00549498
0.00618149
0.00704934
0.00786647
0.00852211
0.00898209
0.00924377
0.00933403
0.00930017
0.00920159
0.00908632
0.00898395
0.00891604
0.00888825
0.00889981
0.00895164
0.0090493
0.00920136
0.00939028
0.00960328
0.00981769
0.0100237
0.0102359
0.0104551
0.0106738
0.0108881
0.0110981
0.0113359
0.0115969
0.0118514
0.0120955
0.0123437
0.012602
0.01289
0.0132033
0.0135127
0.0138223
0.0141658
0.0144995
0.0147902
0.0151118
0.015515
0.0159632
0.0163458
0.0165733
0.0168783
0.0175047
0.0180128
0.0181761
0.0185506
0.0192086
0.0196325
0.0199261
0.0204633
0.0210303
0.0214404
0.0218814
0.0224337
0.0229841
0.0234867
0.0240038
0.0245702
0.0251128
0.0256819
0.0262956
0.0268606
0.0274612
0.0281115
0.0287276
0.0293282
0.0300292
0.030717
0.0313682
0.0320506
0.0328005
0.0335202
0.0342511
0.0350124
0.0357833
0.0365831
0.0373848
0.0382149
0.0390291
0.0399046
0.0407679
0.0416664
0.0425662
0.0434815
0.0444348
0.0453826
0.0463649
0.0473582
0.0483668
0.04942
0.0504566
0.0515556
0.0526588
0.0537646
0.0547789
0.0554918
0.00561272
0.00626406
0.00709169
0.00787353
0.0085
0.00893579
0.00917583
0.00924987
0.00920582
0.00910211
0.00899071
0.00890025
0.00884782
0.00884077
0.00887913
0.00895785
0.00907502
0.00923216
0.00942001
0.00962804
0.0098419
0.0100555
0.01027
0.0104904
0.0107042
0.0109176
0.0111282
0.0113556
0.0116121
0.0118707
0.0121244
0.0123781
0.0126371
0.0129184
0.0132205
0.0135385
0.0138542
0.0141822
0.01452
0.0148242
0.0151389
0.0155293
0.0159547
0.0163585
0.0166526
0.0169022
0.0174366
0.0180354
0.0182685
0.0185392
0.0191746
0.0196797
0.019954
0.020443
0.0210354
0.0214696
0.0218935
0.0224315
0.0229902
0.0234975
0.0240088
0.0245778
0.0251205
0.0256841
0.0263027
0.0268707
0.0274639
0.0281161
0.0287386
0.0293353
0.0300349
0.0307261
0.0313762
0.0320574
0.032807
0.033527
0.0342581
0.035019
0.0357904
0.0365893
0.0373896
0.0382194
0.0390341
0.0399089
0.0407723
0.041671
0.0425698
0.0434858
0.0444392
0.0453862
0.0463683
0.0473636
0.0483718
0.0494245
0.0504622
0.0515617
0.052671
0.0537754
0.0547879
0.0555017
0.00578477
0.00639763
0.00716844
0.00788723
0.00845499
0.00884179
0.00904326
0.00908953
0.00903152
0.00892647
0.00882584
0.00875528
0.00872955
0.00875467
0.00883025
0.00894527
0.00908795
0.00925378
0.00943858
0.00964008
0.00984741
0.0100653
0.0102854
0.0105074
0.0107204
0.0109313
0.0111459
0.0113681
0.0116196
0.0118823
0.0121427
0.0124071
0.0126674
0.0129432
0.0132352
0.0135491
0.0138744
0.0141954
0.0145307
0.0148494
0.0151564
0.0155375
0.0159521
0.0163484
0.0166994
0.0169553
0.0173768
0.0180009
0.0183557
0.0185601
0.0191188
0.0197038
0.0199959
0.0204218
0.0210251
0.021498
0.0219093
0.0224276
0.0229929
0.0235067
0.0240139
0.0245862
0.0251292
0.0256861
0.0263089
0.0268804
0.0274663
0.0281201
0.028748
0.0293399
0.0300384
0.0307321
0.0313837
0.0320638
0.032812
0.0335325
0.0342636
0.0350234
0.0357956
0.0365937
0.0373923
0.0382229
0.039038
0.0399116
0.0407744
0.0416728
0.0425708
0.0434878
0.0444419
0.0453881
0.0463708
0.0473674
0.0483754
0.0494276
0.0504669
0.0515664
0.0526546
0.0537748
0.0547954
0.0555109
0.00604018
0.0066271
0.007332
0.00796235
0.00844316
0.00875355
0.00889481
0.00890046
0.00882775
0.00873275
0.00865906
0.00862402
0.00863888
0.00870244
0.00880967
0.00895215
0.00911192
0.00928303
0.00946201
0.00965515
0.00985524
0.01007
0.0102942
0.0105174
0.010735
0.010947
0.0111652
0.011388
0.0116312
0.0118974
0.0121614
0.0124348
0.0127009
0.0129722
0.0132611
0.0135661
0.0138954
0.0142198
0.014549
0.0148791
0.015185
0.0155496
0.0159622
0.0163458
0.0167211
0.0170262
0.0173672
0.017938
0.0184178
0.018629
0.0190745
0.0197009
0.0200542
0.020419
0.021004
0.0215253
0.0219339
0.0224259
0.0229953
0.0235143
0.0240177
0.0245943
0.0251393
0.025688
0.0263145
0.026891
0.0274694
0.0281236
0.028759
0.0293479
0.0300423
0.0307382
0.0313925
0.0320709
0.0328161
0.0335389
0.0342708
0.0350296
0.035803
0.0365999
0.0373958
0.0382274
0.0390435
0.0399161
0.0407788
0.0416774
0.0425746
0.0434917
0.0444456
0.0453907
0.0463739
0.0473724
0.0483799
0.0494316
0.0504723
0.0515723
0.0526661
0.0537836
0.0548035
0.0555197
0.00605179
0.00648946
0.00703233
0.00751624
0.00789674
0.00816144
0.00831118
0.00837642
0.00840041
0.00841572
0.00844633
0.00850087
0.00858446
0.00869307
0.00882265
0.00897395
0.00913395
0.00930078
0.00947242
0.00965555
0.00984947
0.010056
0.0102777
0.0105032
0.0107297
0.0109524
0.0111747
0.0114033
0.0116422
0.011909
0.0121767
0.0124531
0.0127256
0.0129924
0.0132798
0.013578
0.0139017
0.0142345
0.0145618
0.0148972
0.015212
0.0155588
0.0159666
0.0163499
0.0167247
0.0170815
0.0173987
0.0178762
0.0184256
0.0187134
0.0190575
0.019663
0.0201017
0.0204358
0.0209719
0.0215386
0.0219633
0.0224257
0.0229948
0.0235221
0.0240205
0.0246012
0.0251516
0.0256905
0.026317
0.026901
0.027472
0.0281231
0.0287688
0.029357
0.0300444
0.0307435
0.0314044
0.0320801
0.0328197
0.0335453
0.0342779
0.0350345
0.0358091
0.0366049
0.0373985
0.0382317
0.0390483
0.039919
0.0407808
0.0416793
0.0425768
0.0434952
0.0444495
0.0453938
0.0463779
0.0473773
0.0483839
0.0494351
0.0504772
0.0515786
0.052674
0.0537902
0.0548106
0.0555279
0.00792462
0.00768734
0.00736124
0.00711432
0.00699241
0.00700962
0.00716037
0.0073952
0.00766309
0.00792419
0.00816423
0.00837645
0.00856057
0.00872019
0.00886412
0.00900797
0.00915587
0.00931385
0.00947985
0.00965651
0.00984546
0.010044
0.0102558
0.010482
0.0107168
0.0109524
0.0111785
0.0114104
0.0116499
0.0119136
0.0121873
0.0124652
0.0127457
0.0130152
0.0132993
0.0135962
0.0139084
0.0142461
0.0145775
0.014911
0.0152378
0.0155709
0.0159614
0.0163506
0.0167199
0.0171052
0.0174398
0.0178378
0.0183887
0.0187802
0.019083
0.0196154
0.0201266
0.020476
0.0209472
0.0215361
0.021996
0.0224328
0.0229917
0.0235296
0.0240231
0.024604
0.0251645
0.025696
0.026318
0.0269116
0.0274786
0.0281232
0.0287792
0.0293685
0.0300433
0.0307431
0.0314149
0.0320868
0.0328183
0.0335492
0.0342848
0.0350394
0.035815
0.0366086
0.0373999
0.0382354
0.039053
0.0399222
0.0407842
0.0416827
0.0425796
0.0434978
0.0444513
0.0453948
0.04638
0.0473812
0.0483872
0.0494382
0.050482
0.0515845
0.0526823
0.0537974
0.0548182
0.0555359
0.00753131
0.0071423
0.00668534
0.00634767
0.00619753
0.00624631
0.00647122
0.00680735
0.00718983
0.00756131
0.00789762
0.00819283
0.00844219
0.00865181
0.00882843
0.00899126
0.00914914
0.00931372
0.00948242
0.00965833
0.00984498
0.0100398
0.0102453
0.0104681
0.0107066
0.0109476
0.0111805
0.011416
0.0116603
0.0119213
0.0121969
0.0124785
0.0127609
0.0130385
0.0133168
0.0136137
0.0139197
0.0142554
0.0145983
0.014928
0.0152662
0.0155961
0.0159639
0.0163587
0.0167323
0.017129
0.0174922
0.0178481
0.0183527
0.0188169
0.0191389
0.0195851
0.0201215
0.020523
0.0209399
0.0215169
0.0220217
0.022449
0.0229858
0.0235366
0.024028
0.0246019
0.0251775
0.0257046
0.0263144
0.0269191
0.0274849
0.0281202
0.0287884
0.0293856
0.030045
0.0307447
0.0314329
0.0321017
0.0328203
0.0335554
0.0342952
0.035047
0.0358227
0.0366136
0.0374033
0.0382418
0.0390592
0.0399252
0.0407863
0.0416857
0.042583
0.0435025
0.0444564
0.0453993
0.0463855
0.0473868
0.0483918
0.0494423
0.0504872
0.051591
0.0526885
0.0538039
0.0548247
0.0555427
0.00832436
0.00800176
0.00754142
0.0071279
0.00684377
0.00670514
0.00671291
0.00684337
0.00706006
0.00732624
0.00760951
0.00789613
0.00816851
0.00842508
0.00865728
0.00887409
0.00907813
0.00927644
0.00946963
0.00965854
0.00985241
0.0100481
0.0102519
0.0104648
0.0106927
0.0109258
0.0111592
0.0114018
0.0116509
0.0119151
0.012191
0.0124801
0.0127646
0.0130494
0.0133275
0.0136201
0.0139294
0.0142561
0.014606
0.014935
0.0152741
0.015611
0.0159542
0.016347
0.0167307
0.0171257
0.0175114
0.0178606
0.0183146
0.0188065
0.0191826
0.0195797
0.0200948
0.0205571
0.0209568
0.0214896
0.0220338
0.0224753
0.022979
0.0235408
0.0240368
0.0245928
0.0251887
0.025719
0.0263091
0.0269282
0.0274955
0.0281128
0.0287961
0.0294027
0.0300397
0.0307363
0.0314447
0.0321106
0.0328151
0.0335543
0.0343009
0.0350522
0.0358273
0.0366139
0.0374025
0.0382455
0.0390637
0.039927
0.0407882
0.0416885
0.0425853
0.043504
0.0444569
0.0453994
0.0463867
0.0473895
0.0483938
0.0494443
0.0504911
0.0515958
0.0526944
0.0538095
0.0548311
0.0555494
0.00617272
0.00637581
0.00668007
0.0069372
0.007105
0.00718537
0.00721112
0.0072311
0.00727845
0.0073779
0.00753067
0.007739
0.00798611
0.00825481
0.00852198
0.00877743
0.00901889
0.00924436
0.00946177
0.00966658
0.00987058
0.0100728
0.0102759
0.0104794
0.0106884
0.0109118
0.0111448
0.0113981
0.0116539
0.0119216
0.0121985
0.0124871
0.0127739
0.013057
0.0133403
0.0136297
0.0139445
0.0142712
0.0146155
0.0149535
0.0152873
0.0156329
0.0159679
0.0163461
0.0167483
0.0171356
0.0175323
0.0178976
0.0183115
0.0187958
0.0192118
0.0196011
0.0200745
0.0205646
0.0209904
0.0214681
0.0220237
0.0225089
0.0229738
0.0235394
0.0240548
0.02458
0.0251918
0.0257401
0.0262994
0.0269305
0.0275121
0.0281024
0.0287995
0.0294311
0.0300424
0.0307309
0.0314653
0.0321304
0.0328178
0.0335588
0.0343105
0.0350617
0.0358371
0.0366182
0.0374044
0.038252
0.03907
0.0399294
0.0407894
0.0416914
0.0425891
0.0435089
0.0444622
0.0454042
0.0463928
0.0473953
0.0483985
0.0494483
0.0504957
0.0516017
0.0526991
0.0538147
0.0548363
0.055555
0.00837315
0.00791218
0.00728947
0.00672279
0.00631337
0.00609286
0.00605611
0.00618271
0.00642932
0.00675543
0.00711742
0.00748432
0.00783561
0.00816049
0.00845982
0.00873167
0.00898431
0.00921857
0.00944255
0.0096547
0.00986059
0.0100653
0.0102644
0.010463
0.0106598
0.0108778
0.0111174
0.0113806
0.0116472
0.0119175
0.0121993
0.0124856
0.0127732
0.0130556
0.0133412
0.0136348
0.0139473
0.0142805
0.0146153
0.0149575
0.0152928
0.0156339
0.0159762
0.0163367
0.0167481
0.017136
0.0175243
0.0179164
0.0183131
0.0187794
0.0192178
0.0196198
0.0200736
0.0205552
0.0210201
0.0214723
0.0219988
0.0225353
0.0229825
0.0235269
0.0240839
0.0245748
0.0251825
0.0257638
0.0262913
0.0269235
0.027532
0.0280969
0.0287902
0.029452
0.0300463
0.0307139
0.031471
0.0321429
0.0328143
0.033556
0.0343138
0.0350646
0.035842
0.0366199
0.0374027
0.0382543
0.0390744
0.0399315
0.0407908
0.0416935
0.0425908
0.04351
0.0444629
0.0454042
0.0463934
0.0473969
0.0483997
0.0494495
0.0504979
0.0516047
0.0527026
0.0538182
0.0548407
0.0555597
0.00755852
0.00699831
0.00632601
0.00576286
0.00540081
0.00526701
0.00535186
0.00561719
0.00600446
0.00645562
0.00692046
0.00736427
0.00777103
0.00813214
0.00845072
0.00872903
0.00897845
0.00920814
0.00942691
0.00963928
0.00984585
0.0100509
0.0102485
0.010445
0.0106393
0.0108539
0.0110994
0.0113686
0.0116421
0.0119147
0.0121963
0.0124809
0.0127654
0.0130488
0.0133334
0.013632
0.0139434
0.0142783
0.0146134
0.0149533
0.0152947
0.0156314
0.0159796
0.0163395
0.0167483
0.0171448
0.0175249
0.0179259
0.0183246
0.0187753
0.019218
0.0196264
0.0200783
0.0205468
0.0210233
0.0214862
0.0219841
0.0225404
0.0230032
0.0235187
0.0240896
0.0245861
0.0251664
0.0257726
0.026301
0.0269152
0.027542
0.0281064
0.0287862
0.0294649
0.0300645
0.0307165
0.0314789
0.0321608
0.0328243
0.0335613
0.0343219
0.0350717
0.0358489
0.0366266
0.0374062
0.0382577
0.0390783
0.0399341
0.0407922
0.0416959
0.0425942
0.0435144
0.0444686
0.0454096
0.0463992
0.0474021
0.0484046
0.0494533
0.0505013
0.0516093
0.0527055
0.0538223
0.0548438
0.055568
)
;

boundaryField
{
    ZeroGradientPlanes
    {
        type            zeroGradient;
    }
    inlet
    {
        type            zeroGradient;
    }
    plate
    {
        type            zeroGradient;
    }
    frontAndBack
    {
        type            empty;
    }
}


// ************************************************************************* //
