/*--------------------------------*- C++ -*----------------------------------*\
| =========                 |                                                 |
| \\      /  F ield         | OpenFOAM: The Open Source CFD Toolbox           |
|  \\    /   O peration     | Version:  2506                                  |
|   \\  /    A nd           | Website:  www.openfoam.com                      |
|    \\/     M anipulation  |                                                 |
\*---------------------------------------------------------------------------*/
FoamFile
{
    version     2.0;
    format      ascii;
    arch        "LSB;label=32;scalar=64";
    class       volScalarField;
    location    "5.45";
    object      p;
}
// * * * * * * * * * * * * * * * * * * * * * * * * * * * * * * * * * * * * * //

dimensions      [0 2 -2 0 0 0 0];

internalField   nonuniform List<scalar> 
9600
(
3.00616e-11
0.00857311
0.0119775
0.00586801
0.0024628
0.0107257
0.0111994
0.00910314
0.0120675
0.0148437
0.0125776
0.0122288
0.01217
0.0137514
0.0125656
0.0126802
0.0126295
0.012186
0.0126997
0.0131555
4.55253e-06
0.00858006
0.0119448
0.00585587
0.0024838
0.0107179
0.0111806
0.00910278
0.0120623
0.0148351
0.0125781
0.0122339
0.012176
0.0137365
0.0125781
0.0126778
0.0126423
0.0121695
0.0127175
0.0130756
8.42722e-06
0.00858391
0.0119112
0.00585137
0.00249366
0.0107077
0.0111588
0.00910876
0.0120555
0.0148399
0.0125834
0.0122385
0.0121819
0.0137135
0.012607
0.0126643
0.0126641
0.0121375
0.0127396
0.0129516
1.36412e-05
0.008596
0.0118779
0.00585748
0.00250247
0.0107014
0.0111387
0.00912476
0.0120485
0.0148174
0.0125936
0.0122344
0.0121887
0.0136911
0.0126371
0.0126424
0.0126813
0.0121074
0.0127437
0.0128229
2.62454e-05
0.0086152
0.0118368
0.00588053
0.00252054
0.0106903
0.0111166
0.00915276
0.0120408
0.0147842
0.0126077
0.0122212
0.0121974
0.0136649
0.0126637
0.012615
0.0126975
0.0120805
0.0127269
0.0127155
5.20205e-05
0.00863221
0.0117843
0.0059239
0.00255944
0.0106664
0.0110919
0.009193
0.0120325
0.0147423
0.0126239
0.0122011
0.0122057
0.0136334
0.0126896
0.0125856
0.0127151
0.012052
0.0126965
0.012636
9.47005e-05
0.00863893
0.0117208
0.00598664
0.00262723
0.0106482
0.0110686
0.0092434
0.012024
0.0146965
0.0126407
0.0121763
0.0122127
0.0135997
0.0127171
0.0125552
0.0127309
0.0120229
0.0126562
0.0125744
0.000155622
0.00863285
0.0116497
0.0060639
0.00272622
0.0105955
0.0110517
0.00929993
0.0120155
0.014649
0.0126571
0.0121493
0.0122193
0.0135661
0.0127459
0.0125235
0.0127423
0.0119967
0.0126037
0.0125224
0.000234015
0.0086163
0.0115757
0.00614922
0.0028536
0.0105349
0.0110437
0.00935788
0.0120066
0.0146004
0.012673
0.0121221
0.0122262
0.0135327
0.0127753
0.0124909
0.0127483
0.0119747
0.0125362
0.0124762
0.000327609
0.00859426
0.0115024
0.0062373
0.00300338
0.0104717
0.0110438
0.00941333
0.0119968
0.0145511
0.0126886
0.0120954
0.0122341
0.0135002
0.0128047
0.0124586
0.0127481
0.0119571
0.0124544
0.0124341
0.000433462
0.00857154
0.0114317
0.00632521
0.00316859
0.0104097
0.0110501
0.00946426
0.0119851
0.0145014
0.0127035
0.0120694
0.0122436
0.0134692
0.0128331
0.0124284
0.0127409
0.0119439
0.0123617
0.0123939
0.000548674
0.00855104
0.0113634
0.00641192
0.00334303
0.0103511
0.0110604
0.00951061
0.0119717
0.0144514
0.0127175
0.0120438
0.012255
0.0134406
0.01286
0.012402
0.0127265
0.0119346
0.0122627
0.0123531
0.00067084
0.00853363
0.0112963
0.00649729
0.00352209
0.0102965
0.0110731
0.00955342
0.0119574
0.0144016
0.0127302
0.0120187
0.0122679
0.0134149
0.0128849
0.0123805
0.0127052
0.0119283
0.0121616
0.0123098
0.000798221
0.00851889
0.0112294
0.0065812
0.00370306
0.0102453
0.0110868
0.00959382
0.0119429
0.0143523
0.0127415
0.0119937
0.0122814
0.0133923
0.0129073
0.0123637
0.0126775
0.011924
0.0120612
0.0122629
0.000929737
0.00850607
0.0111617
0.00666345
0.0038848
0.0101968
0.0111007
0.00963261
0.0119288
0.0143042
0.0127512
0.0119691
0.0122942
0.0133725
0.0129273
0.0123503
0.0126438
0.0119202
0.0119637
0.012212
0.00106484
0.00849462
0.0110933
0.00674373
0.00406699
0.0101505
0.0111144
0.00967034
0.0119154
0.0142576
0.0127592
0.0119447
0.0123054
0.0133551
0.0129452
0.0123388
0.0126043
0.011916
0.0118704
0.0121567
0.00120336
0.00848421
0.0110243
0.00682188
0.00424973
0.0101063
0.0111278
0.00970742
0.0119026
0.0142127
0.0127655
0.0119206
0.0123145
0.01334
0.0129614
0.0123277
0.0125592
0.0119106
0.0117826
0.0120966
0.0013453
0.00847466
0.0109553
0.00689795
0.00443326
0.0100646
0.0111412
0.00974422
0.0118904
0.0141698
0.0127698
0.011897
0.0123216
0.0133265
0.0129763
0.0123164
0.0125085
0.011903
0.0117014
0.012032
0.00149076
0.00846585
0.0108869
0.0069721
0.00461776
0.0100259
0.0111546
0.00978106
0.0118782
0.0141291
0.012772
0.0118737
0.0123269
0.0133143
0.0129903
0.012305
0.0124526
0.0118928
0.0116276
0.0119641
0.00163987
0.00845774
0.01082
0.00704453
0.00480325
0.00999045
0.0111679
0.00981823
0.0118659
0.0140908
0.0127724
0.0118505
0.0123309
0.0133027
0.0130035
0.0122936
0.0123919
0.0118799
0.011562
0.0118942
0.00179274
0.00845028
0.010755
0.0071154
0.00498954
0.00995884
0.0111812
0.00985601
0.0118529
0.0140552
0.0127711
0.0118271
0.0123341
0.0132915
0.0130158
0.0122827
0.012327
0.0118645
0.0115056
0.0118227
0.00194944
0.00844344
0.0106926
0.00718489
0.00517627
0.00993141
0.0111942
0.00989468
0.011839
0.0140222
0.0127689
0.011803
0.0123369
0.0132808
0.0130265
0.0122727
0.0122587
0.0118464
0.0114597
0.0117499
0.00211004
0.00843722
0.010633
0.00725318
0.00536288
0.00990845
0.0112068
0.00993443
0.011824
0.0139916
0.0127662
0.0117778
0.0123393
0.0132708
0.0130349
0.0122639
0.012188
0.0118247
0.0114256
0.0116776
0.00227457
0.00843167
0.0105768
0.00732047
0.00554869
0.00989021
0.0112188
0.00997541
0.0118078
0.0139632
0.012764
0.0117513
0.0123412
0.013262
0.0130407
0.0122561
0.0121157
0.0117982
0.0114043
0.0116093
0.00244306
0.00842677
0.010524
0.00738707
0.00573307
0.00987689
0.0112302
0.0100177
0.0117906
0.0139365
0.0127627
0.0117234
0.0123422
0.0132551
0.0130436
0.0122488
0.0120431
0.0117655
0.0113961
0.0115512
0.00261551
0.00842253
0.0104748
0.00745338
0.00591542
0.00986858
0.011241
0.0100613
0.0117726
0.0139111
0.012763
0.0116937
0.0123418
0.0132508
0.0130433
0.0122415
0.0119716
0.0117253
0.0113987
0.0115109
0.00279194
0.00841904
0.0104295
0.00751975
0.00609518
0.00986537
0.0112514
0.0101061
0.0117538
0.0138869
0.0127657
0.0116622
0.0123394
0.0132498
0.0130398
0.0122334
0.0119038
0.011677
0.0114049
0.0114931
0.00297231
0.00841638
0.010388
0.00758666
0.00627182
0.00986724
0.0112617
0.010152
0.0117345
0.0138637
0.0127709
0.0116288
0.0123348
0.0132526
0.0130335
0.0122235
0.0118424
0.0116232
0.0114058
0.0114944
0.00315657
0.00841459
0.0103504
0.00765462
0.00644486
0.00987391
0.0112724
0.0101988
0.0117143
0.0138413
0.0127794
0.0115934
0.012327
0.0132604
0.0130254
0.0122097
0.011788
0.0115696
0.011397
0.011504
0.00334462
0.00841068
0.0103168
0.00772413
0.00661413
0.00988493
0.0112843
0.0102469
0.0116929
0.0138193
0.0127918
0.0115558
0.0123146
0.0132744
0.0130179
0.0121903
0.011739
0.0115214
0.011382
0.0115098
0.00353638
0.00841258
0.0102871
0.00779564
0.00677969
0.00989967
0.011298
0.010297
0.01167
0.0137971
0.0128091
0.011516
0.0122954
0.0132946
0.0130135
0.0121653
0.0116928
0.0114796
0.0113677
0.0115067
0.00373168
0.008417
0.0102613
0.00786949
0.0069416
0.00991733
0.0113138
0.0103496
0.0116454
0.0137739
0.0128325
0.011475
0.0122673
0.0133203
0.0130148
0.0121357
0.0116491
0.0114427
0.0113572
0.011499
0.00393037
0.00842409
0.0102395
0.00794599
0.00710022
0.00993712
0.0113313
0.0104062
0.0116189
0.0137479
0.0128628
0.0114347
0.0122281
0.0133497
0.0130244
0.0121014
0.0116083
0.0114122
0.0113493
0.0114919
0.00413221
0.00843426
0.0102216
0.0080253
0.0072562
0.00995853
0.0113506
0.0104679
0.0115908
0.0137172
0.0129007
0.0113974
0.0121756
0.0133807
0.0130458
0.0120618
0.0115683
0.0113938
0.0113446
0.0114858
0.004337
0.00844779
0.0102079
0.00810745
0.00741006
0.00998155
0.0113709
0.0105357
0.0115625
0.0136799
0.0129456
0.0113659
0.012108
0.0134096
0.0130832
0.0120185
0.0115229
0.0113917
0.0113505
0.0114793
0.00454456
0.00846494
0.0101987
0.00819237
0.00756209
0.0100062
0.0113915
0.0106101
0.0115352
0.0136341
0.0129961
0.0113435
0.0120254
0.0134316
0.0131388
0.0119773
0.0114652
0.0114025
0.0113775
0.0114764
0.00475473
0.00848591
0.0101946
0.00828004
0.00771239
0.0100328
0.0114108
0.0106906
0.0115116
0.0135788
0.013049
0.0113338
0.0119302
0.0134411
0.0132125
0.0119456
0.0113915
0.0114165
0.0114326
0.011489
0.00496752
0.00851055
0.0101961
0.00837066
0.00786062
0.0100623
0.011427
0.0107764
0.011495
0.0135137
0.013101
0.0113398
0.0118255
0.0134329
0.0133027
0.0119315
0.011302
0.0114226
0.0115153
0.01153
0.00518296
0.00853832
0.0102046
0.00846476
0.00800545
0.010096
0.0114391
0.0108658
0.0114879
0.0134401
0.0131484
0.0113622
0.0117149
0.0134028
0.0134063
0.0119432
0.0111999
0.0114099
0.0116185
0.0116101
0.0054012
0.00856869
0.0102211
0.0085633
0.00814512
0.0101351
0.0114464
0.0109561
0.0114913
0.01336
0.0131881
0.0114005
0.0116029
0.0133473
0.0135172
0.0119887
0.0110922
0.0113675
0.0117299
0.0117356
0.00562252
0.00860113
0.0102457
0.00866775
0.00827798
0.0101792
0.0114555
0.0110448
0.0115045
0.0132765
0.0132186
0.0114535
0.0114946
0.0132637
0.013626
0.012075
0.010993
0.0112868
0.0118311
0.0119049
0.00584725
0.00863526
0.010278
0.00878031
0.00840291
0.0102272
0.0114681
0.0111305
0.0115271
0.013193
0.0132396
0.01152
0.0113948
0.0131509
0.0137202
0.0122051
0.010922
0.0111685
0.0118984
0.0121026
0.00607578
0.00867101
0.0103167
0.00890368
0.00852007
0.0102767
0.0114862
0.0112127
0.0115573
0.0131108
0.0132514
0.0115998
0.0113086
0.0130101
0.0137871
0.012373
0.0108989
0.0110274
0.0119116
0.0123024
0.00630861
0.0087085
0.0103594
0.00904121
0.00863107
0.0103237
0.0115118
0.0112927
0.0115906
0.0130295
0.0132543
0.0116927
0.0112417
0.0128454
0.0138163
0.012566
0.0109387
0.0108864
0.0118631
0.0124746
0.00654606
0.0087484
0.0104028
0.00919558
0.00873909
0.0103628
0.0115458
0.0113722
0.011624
0.0129483
0.013248
0.0117981
0.0112
0.0126633
0.0137994
0.0127681
0.0110486
0.0107699
0.0117602
0.0125934
0.0067882
0.00879175
0.0104439
0.00936728
0.0088493
0.0103902
0.0115855
0.0114564
0.0116576
0.012866
0.0132312
0.0119144
0.0111899
0.0124743
0.0137317
0.0129609
0.0112252
0.0107024
0.011621
0.0126447
0.00703484
0.00884004
0.01048
0.00955535
0.00896793
0.0104041
0.0116259
0.0115505
0.0116946
0.0127801
0.0132009
0.0120381
0.0112176
0.0122918
0.013616
0.0131242
0.0114523
0.0107042
0.0114714
0.0126266
0.00728557
0.00889527
0.0105091
0.00975635
0.0091017
0.0104048
0.0116594
0.0116575
0.0117381
0.0126912
0.0131545
0.0121621
0.0112856
0.0121311
0.0134639
0.0132418
0.0117055
0.0107834
0.0113413
0.0125481
0.00753981
0.00895964
0.01053
0.00996383
0.00925778
0.0103953
0.0116767
0.0117753
0.0117989
0.012606
0.01309
0.012278
0.0113909
0.0120061
0.0132915
0.013308
0.0119587
0.0109305
0.0112592
0.0124306
0.0077967
0.00903561
0.0105419
0.0101698
0.00944101
0.0103828
0.0116697
0.0119016
0.0118849
0.0125309
0.0130086
0.0123768
0.0115246
0.0119278
0.0131143
0.0133257
0.0121921
0.0111247
0.0112419
0.0123051
0.00805524
0.00912553
0.0105458
0.0103661
0.0096526
0.0103775
0.011635
0.0120233
0.0119986
0.0124775
0.0129169
0.0124489
0.0116745
0.0119019
0.012949
0.0133027
0.0123949
0.0113447
0.0112883
0.0122028
0.00831399
0.00923117
0.0105445
0.0105464
0.00988982
0.0103914
0.0115744
0.0121208
0.0121349
0.0124603
0.0128255
0.0124902
0.0118255
0.011924
0.0128127
0.0132514
0.0125614
0.0115724
0.0113838
0.0121445
0.00857131
0.00935351
0.0105428
0.0107058
0.0101445
0.0104352
0.0114955
0.0121795
0.0122868
0.0124881
0.0127478
0.0125051
0.0119627
0.0119816
0.0127174
0.0131885
0.0126904
0.0117947
0.0115115
0.012132
0.00882573
0.00949288
0.0105469
0.0108407
0.010405
0.0105165
0.0114122
0.0121934
0.0124364
0.0125603
0.0127
0.0125045
0.012077
0.0120614
0.0126634
0.0131296
0.0127873
0.0120045
0.0116624
0.0121554
0.00907605
0.00964876
0.0105631
0.0109495
0.0106579
0.0106377
0.0113417
0.0121661
0.0125605
0.0126699
0.0126971
0.0125008
0.0121671
0.0121497
0.0126423
0.0130839
0.0128618
0.0121986
0.0118338
0.0122088
0.0093216
0.00981931
0.0105967
0.0110332
0.0108909
0.0107953
0.0113005
0.0120997
0.0126413
0.012805
0.0127458
0.01251
0.0122371
0.0122363
0.0126477
0.0130564
0.0129254
0.0123748
0.0120193
0.0122924
0.00956207
0.0100026
0.0106507
0.0110946
0.0110958
0.0109814
0.0113005
0.011989
0.012673
0.0129411
0.0128404
0.0125499
0.0122966
0.0123133
0.0126723
0.0130491
0.0129877
0.0125339
0.0122065
0.0124058
0.00979677
0.0101955
0.010727
0.0111409
0.011268
0.0111828
0.0113494
0.0119256
0.0126627
0.0130529
0.0129712
0.0126313
0.0123607
0.0123799
0.0127061
0.0130595
0.0130544
0.0126828
0.0123865
0.0125418
0.0100249
0.0103909
0.0108265
0.0111865
0.0114074
0.0113839
0.0114451
0.011889
0.0126179
0.013124
0.0131178
0.0127525
0.012445
0.0124455
0.0127416
0.0130797
0.0131261
0.0128313
0.0125617
0.0126887
0.0102465
0.0105865
0.0109471
0.0112384
0.0115179
0.0115732
0.011578
0.0118897
0.0125585
0.0131519
0.0132564
0.0129065
0.012558
0.0125201
0.0127809
0.0131033
0.0131973
0.0129831
0.0127424
0.0128427
0.0104624
0.010779
0.0110842
0.0113037
0.0116069
0.0117431
0.0117347
0.0119317
0.01251
0.0131462
0.0133686
0.0130809
0.0127018
0.012611
0.01283
0.0131318
0.0132624
0.0131304
0.0129328
0.0130087
0.0106731
0.0109663
0.0112326
0.0113868
0.011683
0.0118898
0.0119017
0.012013
0.0124887
0.0131195
0.0134466
0.0132571
0.0128757
0.0127245
0.0128911
0.0131704
0.0133237
0.0132641
0.0131251
0.0131898
0.0108789
0.011148
0.0113869
0.0114876
0.011755
0.0120134
0.0120686
0.0121262
0.0125013
0.0130907
0.0134946
0.0134178
0.0130717
0.012869
0.0129685
0.0132199
0.013389
0.0133852
0.0133095
0.0133821
0.0110799
0.011324
0.0115417
0.0116044
0.0118304
0.0121172
0.0122272
0.0122616
0.0125494
0.0130768
0.0135222
0.0135536
0.0132739
0.0130455
0.0130727
0.0132806
0.0134607
0.0135001
0.013482
0.0135791
0.0112757
0.0114943
0.0116945
0.0117333
0.011914
0.0122066
0.0123723
0.0124095
0.0126301
0.0130887
0.0135425
0.0136658
0.0134685
0.013244
0.0132121
0.0133598
0.0135378
0.0136127
0.0136422
0.0137733
0.0114655
0.0116598
0.0118431
0.0118693
0.0120077
0.0122883
0.0125021
0.0125696
0.0127392
0.0131299
0.0135683
0.0137615
0.013651
0.0134523
0.0133832
0.0134696
0.0136258
0.0137277
0.0137947
0.013959
0.0116483
0.011819
0.0119862
0.0120087
0.0121121
0.0123679
0.0126173
0.0127218
0.0128698
0.0132007
0.0136079
0.0138476
0.0138205
0.0136628
0.0135755
0.0136134
0.0137358
0.013851
0.0139475
0.014138
0.0118239
0.011974
0.0121218
0.0121452
0.0122252
0.0124502
0.0127193
0.0128637
0.0130123
0.0132988
0.0136694
0.0139335
0.0139798
0.0138746
0.013785
0.0137871
0.0138744
0.0139884
0.0141058
0.0143136
0.0119895
0.0121227
0.0122518
0.0122774
0.0123431
0.012537
0.0128127
0.0129938
0.0131569
0.0134178
0.013756
0.0140295
0.0141347
0.0140884
0.014014
0.013991
0.0140452
0.0141467
0.0142743
0.0144918
0.0121427
0.0122617
0.0123769
0.012404
0.0124618
0.0126283
0.0129009
0.0131138
0.0133005
0.0135506
0.013864
0.0141431
0.0142934
0.0143043
0.0142615
0.0142298
0.014256
0.0143388
0.0144646
0.0146833
0.012286
0.012396
0.0124911
0.0125174
0.0125773
0.0127246
0.0129853
0.0132209
0.0134394
0.0136909
0.0139884
0.0142763
0.0144663
0.0145279
0.0145272
0.0145086
0.014519
0.0145825
0.014698
0.014907
0.0124133
0.0125183
0.0126003
0.012623
0.0126851
0.0128203
0.0130676
0.0133142
0.013566
0.0138344
0.0141274
0.0144255
0.0146566
0.0147682
0.0148138
0.0148266
0.0148394
0.0148915
0.0149992
0.0151952
0.0125215
0.0126258
0.0127038
0.0127198
0.0127834
0.01291
0.0131461
0.0133958
0.0136704
0.0139705
0.0142802
0.014597
0.0148734
0.0150348
0.0151176
0.0151612
0.0151858
0.0152421
0.0153555
0.0155665
0.0126167
0.0127203
0.0127887
0.0127986
0.0128725
0.0130069
0.0132227
0.0134651
0.0137389
0.0140619
0.0144337
0.014829
0.0152075
0.0154896
0.0156621
0.0157565
0.0157665
0.0157053
0.0156679
0.0157355
0.0126965
0.0127947
0.0128516
0.0128563
0.0129159
0.0130548
0.013281
0.0135227
0.013779
0.0140133
0.0142871
0.0146876
0.015215
0.015716
0.0160945
0.016419
0.016781
0.0171769
0.0175773
0.0179027
0.0127441
0.0128522
0.0129313
0.0129492
0.0130421
0.0131794
0.0133382
0.0135303
0.0138704
0.0143682
0.0149038
0.0153839
0.0157713
0.0160998
0.016397
0.0166685
0.0169325
0.017189
0.0174266
0.0175983
0.0127503
0.0128438
0.0128882
0.0128683
0.0129801
0.013194
0.0135754
0.0139841
0.0143388
0.0146585
0.0149503
0.015253
0.0155836
0.015925
0.0163079
0.0167212
0.0171842
0.0176669
0.0181138
0.0184465
0.0127574
0.0129127
0.0130432
0.0131579
0.0133678
0.0136303
0.0138585
0.0140911
0.0144059
0.0147687
0.0151727
0.01558
0.0159586
0.0162545
0.0164705
0.0165856
0.0165898
0.0165052
0.0163687
0.016266
0.0126397
0.0127673
0.0130154
0.0132353
0.0134651
0.0136446
0.01391
0.0141701
0.0144864
0.0148204
0.0151876
0.015528
0.0158892
0.0162618
0.0166498
0.0170885
0.0175539
0.0180168
0.0184104
0.0186522
0.012624
0.0127859
0.013063
0.0133468
0.0136843
0.0140013
0.0142463
0.0144421
0.0147071
0.015003
0.0153657
0.0157382
0.0161026
0.0164642
0.0167956
0.0171073
0.0173975
0.0176602
0.0178623
0.0179423
0.0144983
0.0133795
0.00832498
0.00397802
0.0035977
0.0057513
0.00812536
0.00985147
0.010986
0.011815
0.0125429
0.0132654
0.0139831
0.0146405
0.0152765
0.0160063
0.0167789
0.0174506
0.0179998
0.0185082
0.0190821
0.0197527
0.0204057
0.0209724
0.0215671
0.0222971
0.0230894
0.023849
0.0245689
0.0252793
0.0259981
0.0267167
0.0274199
0.028106
0.0287779
0.0294415
0.0301314
0.0308725
0.0316513
0.032437
0.0332097
0.0339717
0.0347642
0.0355877
0.0363901
0.0371801
0.0380117
0.0388779
0.0396919
0.0404374
0.0412247
0.0421254
0.0430488
0.043962
0.0449266
0.0459534
0.046976
0.0480191
0.0491092
0.0501779
0.0511379
0.0520395
0.0530711
0.0542606
0.0554705
0.0566437
0.0578371
0.0590107
0.0602018
0.0614185
0.0626619
0.0639355
0.0652721
0.0666232
0.0679897
0.0693705
0.0707894
0.0722382
0.073704
0.0752315
0.0767572
0.078343
0.0799516
0.0816169
0.0832711
0.084942
0.0866632
0.0884133
0.0902349
0.0920572
0.0938785
0.0957571
0.0976356
0.0995886
0.10153
0.103526
0.105519
0.107446
0.10932
0.111038
0.014264
0.0132845
0.00841854
0.00412145
0.00368365
0.00579354
0.00815281
0.00987142
0.0110009
0.0118264
0.0125519
0.0132727
0.0139895
0.014646
0.0152811
0.0160103
0.0167827
0.0174541
0.0180029
0.0185108
0.0190843
0.0197547
0.0204077
0.0209742
0.0215685
0.0222984
0.0230907
0.0238503
0.02457
0.0252803
0.0259991
0.0267176
0.0274208
0.0281069
0.0287788
0.0294424
0.0301322
0.0308733
0.0316521
0.0324379
0.0332105
0.0339725
0.0347649
0.0355884
0.0363908
0.0371807
0.0380122
0.0388785
0.0396925
0.040438
0.0412252
0.0421259
0.0430492
0.0439625
0.044927
0.0459537
0.0469764
0.0480194
0.0491096
0.0501783
0.0511382
0.0520398
0.0530713
0.0542608
0.0554708
0.0566439
0.0578374
0.0590109
0.060202
0.0614187
0.0626621
0.0639357
0.0652723
0.0666234
0.0679899
0.0693706
0.0707896
0.0722383
0.0737042
0.0752317
0.0767573
0.0783432
0.0799518
0.081617
0.0832712
0.0849421
0.0866633
0.0884134
0.090235
0.0920574
0.0938786
0.0957572
0.0976357
0.0995887
0.101531
0.103526
0.105519
0.107446
0.109321
0.111038
0.0139239
0.0131487
0.00860108
0.00439392
0.00383566
0.00584958
0.00817848
0.00989053
0.0110174
0.0118407
0.0125637
0.0132821
0.0139969
0.0146521
0.0152861
0.0160147
0.0167866
0.0174577
0.0180061
0.0185135
0.0190866
0.0197567
0.0204096
0.0209758
0.0215698
0.0222997
0.023092
0.0238514
0.0245711
0.0252812
0.026
0.0267184
0.0274216
0.0281077
0.0287796
0.0294431
0.0301328
0.0308739
0.0316528
0.0324386
0.0332112
0.0339731
0.0347655
0.035589
0.0363914
0.0371812
0.0380127
0.038879
0.039693
0.0404385
0.0412256
0.0421263
0.0430497
0.0439628
0.0449273
0.0459541
0.0469767
0.0480197
0.0491099
0.0501786
0.0511386
0.05204
0.0530714
0.054261
0.055471
0.0566441
0.0578376
0.0590111
0.0602022
0.0614189
0.0626623
0.0639358
0.0652724
0.0666235
0.06799
0.0693708
0.0707897
0.0722385
0.0737043
0.0752318
0.0767574
0.0783433
0.0799519
0.0816172
0.0832713
0.0849422
0.0866634
0.0884135
0.0902351
0.0920575
0.0938787
0.0957573
0.0976358
0.0995887
0.101531
0.103526
0.10552
0.107446
0.109321
0.111038
0.0135958
0.0130361
0.00884733
0.00474542
0.00404611
0.00592807
0.00821353
0.00991647
0.0110398
0.0118605
0.0125808
0.0132959
0.0140075
0.0146607
0.0152935
0.0160209
0.0167918
0.0174622
0.0180104
0.0185178
0.0190902
0.0197596
0.0204118
0.0209777
0.0215716
0.0223014
0.0230937
0.0238529
0.0245724
0.0252824
0.026001
0.0267194
0.0274224
0.0281084
0.0287803
0.0294437
0.0301334
0.0308745
0.0316534
0.0324392
0.0332119
0.0339738
0.0347661
0.0355897
0.036392
0.0371818
0.0380133
0.0388796
0.0396936
0.0404389
0.0412259
0.0421266
0.0430501
0.0439632
0.0449276
0.0459544
0.0469771
0.04802
0.0491102
0.0501791
0.051139
0.0520402
0.0530715
0.0542612
0.0554713
0.0566443
0.0578378
0.0590113
0.0602024
0.0614191
0.0626625
0.063936
0.0652726
0.0666237
0.0679901
0.0693709
0.0707898
0.0722386
0.0737044
0.0752319
0.0767575
0.0783434
0.079952
0.0816173
0.0832715
0.0849423
0.0866635
0.0884136
0.0902352
0.0920576
0.0938788
0.0957574
0.0976358
0.0995888
0.101531
0.103526
0.10552
0.107447
0.109321
0.111039
0.0133026
0.0129334
0.00910523
0.00511949
0.00428052
0.00601811
0.00825341
0.00994727
0.0110678
0.0118861
0.012604
0.0133152
0.0140225
0.0146731
0.0153045
0.0160301
0.0167985
0.0174678
0.0180166
0.0185248
0.0190966
0.0197641
0.0204149
0.0209803
0.0215743
0.022304
0.0230959
0.0238549
0.0245742
0.0252841
0.0260025
0.0267208
0.0274235
0.0281093
0.028781
0.0294443
0.030134
0.030875
0.0316539
0.0324398
0.0332126
0.0339745
0.0347668
0.0355903
0.0363927
0.0371824
0.0380139
0.0388803
0.0396943
0.0404395
0.0412263
0.0421271
0.0430505
0.0439636
0.044928
0.0459548
0.0469774
0.0480203
0.0491106
0.0501796
0.0511394
0.0520404
0.0530716
0.0542615
0.0554716
0.0566446
0.057838
0.0590115
0.0602026
0.0614193
0.0626626
0.0639361
0.0652727
0.0666239
0.0679903
0.0693711
0.07079
0.0722387
0.0737045
0.075232
0.0767577
0.0783435
0.0799521
0.0816174
0.0832716
0.0849424
0.0866637
0.0884137
0.0902353
0.0920577
0.0938789
0.0957575
0.0976359
0.0995889
0.101531
0.103526
0.10552
0.107447
0.109321
0.111039
0.0130281
0.0128124
0.00935164
0.00550107
0.00453039
0.00611562
0.00829457
0.00997985
0.011099
0.0119155
0.0126313
0.0133385
0.0140411
0.014689
0.0153192
0.0160423
0.016807
0.0174744
0.0180245
0.0185347
0.0191062
0.0197709
0.0204193
0.0209842
0.0215785
0.0223079
0.023099
0.0238574
0.0245765
0.0252862
0.0260046
0.0267226
0.0274251
0.0281104
0.0287818
0.0294451
0.0301347
0.0308756
0.0316543
0.0324402
0.0332132
0.0339753
0.0347675
0.0355909
0.0363934
0.0371833
0.0380148
0.0388811
0.0396951
0.0404401
0.0412268
0.0421275
0.043051
0.043964
0.0449284
0.0459553
0.0469778
0.0480207
0.0491111
0.0501802
0.05114
0.0520406
0.0530717
0.0542617
0.055472
0.0566449
0.0578383
0.0590118
0.0602028
0.0614195
0.0626628
0.0639363
0.0652729
0.0666241
0.0679905
0.0693712
0.0707901
0.0722389
0.0737047
0.0752322
0.0767578
0.0783436
0.0799522
0.0816175
0.0832718
0.0849425
0.0866638
0.0884138
0.0902354
0.0920578
0.093879
0.0957576
0.097636
0.099589
0.101531
0.103526
0.10552
0.107447
0.109322
0.11104
0.0127629
0.0126678
0.00958616
0.00589203
0.00479779
0.00622189
0.00833682
0.0100133
0.0111328
0.0119477
0.012661
0.0133641
0.0140619
0.0147072
0.0153366
0.0160568
0.016817
0.0174819
0.0180336
0.0185471
0.0191187
0.01978
0.0204253
0.0209898
0.0215844
0.0223131
0.0231028
0.0238603
0.0245792
0.0252888
0.0260071
0.026725
0.0274272
0.0281121
0.028783
0.0294461
0.0301356
0.0308762
0.0316545
0.0324404
0.0332137
0.033976
0.0347681
0.0355913
0.036394
0.0371843
0.0380159
0.0388821
0.0396959
0.0404409
0.0412275
0.0421281
0.0430515
0.0439645
0.0449289
0.0459558
0.0469783
0.0480211
0.0491116
0.0501808
0.0511406
0.0520409
0.0530718
0.0542621
0.0554725
0.0566453
0.0578387
0.0590122
0.0602031
0.0614198
0.062663
0.0639365
0.0652731
0.0666243
0.0679907
0.0693714
0.0707903
0.0722391
0.0737048
0.0752323
0.076758
0.0783438
0.0799524
0.0816177
0.0832719
0.0849427
0.0866639
0.0884139
0.0902355
0.092058
0.0938791
0.0957577
0.0976361
0.0995891
0.101531
0.103526
0.10552
0.107447
0.109322
0.111041
0.0125107
0.0125071
0.00981095
0.00629294
0.00508383
0.00633832
0.00838044
0.0100472
0.0111688
0.0119827
0.012693
0.0133914
0.0140841
0.0147269
0.0153556
0.0160731
0.0168282
0.0174901
0.0180437
0.0185608
0.019133
0.0197908
0.0204328
0.020997
0.0215923
0.0223198
0.0231075
0.0238638
0.0245823
0.0252917
0.0260098
0.0267276
0.0274296
0.0281141
0.0287848
0.0294477
0.030137
0.0308771
0.0316548
0.0324404
0.0332141
0.0339768
0.0347686
0.0355915
0.0363944
0.0371853
0.0380171
0.0388831
0.039697
0.0404421
0.0412285
0.0421289
0.0430522
0.0439652
0.0449295
0.0459562
0.0469787
0.0480216
0.0491123
0.0501816
0.0511413
0.0520412
0.053072
0.0542625
0.0554731
0.0566458
0.0578391
0.0590126
0.0602035
0.0614201
0.0626633
0.0639368
0.0652734
0.0666245
0.0679909
0.0693716
0.0707905
0.0722393
0.0737049
0.0752325
0.0767581
0.0783439
0.0799525
0.0816178
0.0832721
0.0849428
0.086664
0.088414
0.0902357
0.0920581
0.0938792
0.0957578
0.0976362
0.0995893
0.101531
0.103526
0.10552
0.107448
0.109323
0.111042
0.0122803
0.0123371
0.0100221
0.00669911
0.00538736
0.00646607
0.00842601
0.0100811
0.0112065
0.0120202
0.0127273
0.0134204
0.0141075
0.0147475
0.0153757
0.0160906
0.0168405
0.0174992
0.0180544
0.0185754
0.0191482
0.0198024
0.0204412
0.0210056
0.0216016
0.0223278
0.023113
0.0238677
0.0245857
0.0252948
0.0260125
0.0267301
0.027432
0.0281164
0.028787
0.02945
0.0301391
0.0308784
0.0316552
0.0324404
0.0332145
0.0339777
0.0347691
0.0355913
0.0363945
0.0371862
0.0380184
0.038884
0.039698
0.0404436
0.04123
0.04213
0.043053
0.0439661
0.0449302
0.0459566
0.0469789
0.0480219
0.0491129
0.0501824
0.0511421
0.0520417
0.0530724
0.0542631
0.0554737
0.0566463
0.0578396
0.0590131
0.060204
0.0614205
0.0626637
0.0639371
0.0652737
0.0666248
0.0679912
0.0693719
0.0707907
0.0722395
0.0737051
0.0752327
0.0767583
0.078344
0.0799527
0.081618
0.0832723
0.0849429
0.0866642
0.0884141
0.0902358
0.0920583
0.0938794
0.095758
0.0976364
0.0995894
0.101531
0.103526
0.105521
0.107448
0.109324
0.111043
0.0120781
0.0121614
0.0102131
0.00710456
0.00570718
0.00660688
0.00847444
0.0101145
0.0112454
0.0120603
0.012764
0.0134512
0.0141321
0.0147691
0.0153967
0.0161091
0.0168539
0.0175091
0.0180656
0.0185904
0.019164
0.0198145
0.0204502
0.021015
0.0216121
0.0223369
0.0231192
0.0238721
0.0245894
0.0252981
0.0260152
0.0267323
0.0274341
0.0281186
0.0287894
0.0294529
0.0301419
0.0308804
0.031656
0.0324406
0.0332151
0.0339787
0.0347697
0.035591
0.0363943
0.037187
0.0380194
0.0388847
0.0396988
0.0404452
0.0412318
0.0421315
0.0430543
0.0439674
0.0449313
0.045957
0.046979
0.048022
0.0491133
0.0501832
0.051143
0.0520424
0.0530728
0.0542637
0.0554744
0.0566469
0.0578402
0.0590137
0.0602046
0.061421
0.0626642
0.0639376
0.0652742
0.0666253
0.0679916
0.0693722
0.070791
0.0722398
0.0737053
0.0752329
0.0767585
0.0783442
0.0799528
0.0816182
0.0832724
0.0849431
0.0866643
0.0884142
0.090236
0.0920585
0.0938795
0.0957581
0.0976365
0.0995895
0.101532
0.103527
0.105521
0.107449
0.109325
0.111045
0.0119075
0.0119836
0.0103792
0.0075046
0.00604224
0.00676233
0.00852646
0.0101466
0.0112846
0.0121027
0.0128032
0.013484
0.014158
0.0147915
0.0154186
0.0161286
0.0168682
0.0175197
0.0180774
0.018606
0.0191802
0.0198269
0.0204593
0.0210247
0.0216233
0.0223467
0.0231261
0.0238768
0.0245934
0.0253016
0.0260179
0.0267344
0.0274359
0.0281204
0.0287919
0.0294561
0.0301454
0.0308829
0.0316571
0.0324409
0.0332158
0.03398
0.0347704
0.0355906
0.036394
0.0371877
0.0380203
0.0388849
0.0396993
0.0404467
0.0412338
0.0421332
0.0430559
0.0439693
0.0449329
0.0459578
0.046979
0.0480219
0.0491132
0.0501836
0.0511438
0.0520431
0.0530735
0.0542645
0.0554753
0.0566475
0.0578407
0.0590143
0.0602053
0.0614217
0.0626647
0.0639382
0.0652748
0.0666258
0.067992
0.0693727
0.0707914
0.0722401
0.0737056
0.0752331
0.0767587
0.0783444
0.079953
0.0816184
0.0832726
0.0849432
0.0866645
0.0884144
0.0902361
0.0920587
0.0938797
0.0957583
0.0976367
0.0995897
0.101532
0.103527
0.105522
0.10745
0.109327
0.111047
0.0117688
0.0118083
0.0105191
0.00789547
0.00639046
0.00693324
0.00858302
0.0101772
0.0113235
0.0121475
0.0128454
0.0135189
0.0141854
0.0148149
0.0154413
0.0161491
0.0168834
0.017531
0.0180898
0.0186221
0.019197
0.0198397
0.0204687
0.0210348
0.0216351
0.0223573
0.0231334
0.0238818
0.0245977
0.0253053
0.0260208
0.0267364
0.0274375
0.0281221
0.0287943
0.0294596
0.0301494
0.030886
0.0316585
0.0324414
0.0332166
0.0339814
0.0347712
0.0355902
0.0363936
0.0371882
0.0380209
0.0388847
0.0396993
0.0404479
0.0412357
0.0421349
0.0430577
0.0439717
0.0449352
0.0459591
0.0469793
0.0480215
0.0491126
0.0501834
0.0511442
0.0520439
0.0530743
0.0542656
0.0554763
0.0566482
0.0578413
0.059015
0.0602061
0.0614224
0.0626655
0.0639389
0.0652754
0.0666264
0.0679927
0.0693733
0.070792
0.0722406
0.073706
0.0752334
0.076759
0.0783446
0.0799532
0.0816186
0.0832728
0.0849434
0.0866646
0.0884145
0.0902363
0.0920589
0.0938799
0.0957585
0.0976368
0.0995898
0.101532
0.103527
0.105522
0.107451
0.109328
0.111049
0.0116609
0.0116414
0.010633
0.00827299
0.00674868
0.00712046
0.0086462
0.0102069
0.0113617
0.0121943
0.0128907
0.0135563
0.0142143
0.0148394
0.0154651
0.0161706
0.0168996
0.0175432
0.0181028
0.0186389
0.0192143
0.0198529
0.0204783
0.0210454
0.0216477
0.0223688
0.0231414
0.0238872
0.0246022
0.0253093
0.0260238
0.0267384
0.0274389
0.0281237
0.0287966
0.0294632
0.0301537
0.0308895
0.0316603
0.032442
0.0332176
0.0339831
0.0347722
0.0355899
0.0363933
0.0371888
0.0380213
0.0388841
0.0396987
0.0404488
0.0412374
0.0421365
0.0430594
0.0439742
0.044938
0.045961
0.0469801
0.048021
0.0491115
0.0501823
0.0511439
0.0520443
0.0530753
0.054267
0.0554775
0.056649
0.0578417
0.0590155
0.0602068
0.0614231
0.0626662
0.0639398
0.0652762
0.0666271
0.0679934
0.0693741
0.0707928
0.0722413
0.0737065
0.0752339
0.0767593
0.0783449
0.0799535
0.0816189
0.0832731
0.0849435
0.0866648
0.0884146
0.0902365
0.0920591
0.0938801
0.0957587
0.097637
0.09959
0.101533
0.103527
0.105523
0.107452
0.10933
0.111052
0.011582
0.0114876
0.0107216
0.00863284
0.0071142
0.0073255
0.00871874
0.0102368
0.0113988
0.012243
0.0129393
0.0135967
0.014245
0.014865
0.0154899
0.0161933
0.0169169
0.0175562
0.0181166
0.0186563
0.0192322
0.0198665
0.0204885
0.0210566
0.0216613
0.0223813
0.0231501
0.023893
0.024607
0.0253135
0.0260269
0.0267405
0.0274404
0.0281253
0.028799
0.0294669
0.0301583
0.0308934
0.0316623
0.0324428
0.0332186
0.0339849
0.0347734
0.0355897
0.0363929
0.0371893
0.0380216
0.0388832
0.0396978
0.0404493
0.0412389
0.042138
0.0430611
0.0439768
0.044941
0.0459633
0.0469812
0.0480207
0.0491099
0.0501805
0.0511428
0.0520442
0.0530761
0.0542687
0.0554791
0.0566499
0.0578422
0.059016
0.0602074
0.0614238
0.062667
0.0639407
0.0652771
0.0666279
0.0679942
0.069375
0.0707937
0.0722421
0.0737072
0.0752344
0.0767598
0.0783453
0.0799537
0.0816192
0.0832734
0.0849438
0.0866649
0.0884147
0.0902366
0.0920593
0.0938803
0.0957589
0.0976372
0.0995901
0.101533
0.103527
0.105523
0.107454
0.109332
0.111055
0.0115291
0.0113503
0.0107859
0.00897193
0.00748519
0.00754969
0.00880312
0.0102681
0.0114344
0.0122929
0.0129916
0.0136405
0.0142778
0.0148918
0.0155157
0.0162172
0.0169355
0.0175703
0.0181311
0.0186743
0.0192508
0.0198809
0.0204995
0.021069
0.0216763
0.0223951
0.0231596
0.0238992
0.024612
0.025318
0.0260303
0.0267426
0.027442
0.028127
0.0288015
0.0294708
0.0301632
0.0308978
0.0316647
0.0324436
0.0332197
0.0339868
0.0347748
0.0355896
0.0363926
0.0371898
0.0380219
0.038882
0.0396965
0.0404495
0.0412403
0.0421393
0.0430626
0.0439793
0.044944
0.0459658
0.0469825
0.0480204
0.0491077
0.0501779
0.051141
0.0520433
0.0530765
0.0542705
0.055481
0.0566511
0.0578427
0.0590164
0.0602079
0.0614242
0.0626677
0.0639417
0.0652781
0.0666287
0.067995
0.069376
0.0707948
0.0722432
0.0737081
0.0752352
0.0767604
0.0783457
0.079954
0.0816195
0.0832738
0.0849441
0.0866651
0.0884147
0.0902366
0.0920594
0.0938805
0.0957591
0.0976374
0.0995902
0.101534
0.103527
0.105524
0.107456
0.109335
0.111058
0.0114982
0.0112316
0.0108284
0.00928866
0.00785954
0.00779309
0.00890133
0.0103024
0.0114684
0.0123433
0.0130472
0.0136878
0.0143129
0.0149198
0.0155425
0.0162424
0.0169554
0.0175854
0.0181464
0.018693
0.0192702
0.0198963
0.0205116
0.0210828
0.0216929
0.0224101
0.0231698
0.0239057
0.0246174
0.0253229
0.026034
0.0267449
0.0274437
0.0281288
0.0288041
0.0294749
0.0301685
0.0309026
0.0316674
0.0324446
0.0332208
0.0339888
0.0347763
0.0355895
0.0363923
0.0371904
0.038022
0.0388805
0.0396949
0.0404495
0.0412417
0.0421407
0.0430642
0.0439817
0.0449468
0.0459683
0.0469838
0.0480201
0.0491053
0.0501746
0.0511384
0.052042
0.0530767
0.0542721
0.0554831
0.0566524
0.0578432
0.0590168
0.0602083
0.0614245
0.0626683
0.0639427
0.0652792
0.0666296
0.0679958
0.069377
0.070796
0.0722445
0.0737091
0.0752361
0.0767612
0.0783462
0.0799543
0.0816197
0.0832742
0.0849446
0.0866655
0.0884148
0.0902366
0.0920595
0.0938807
0.0957593
0.0976377
0.0995903
0.101534
0.103527
0.105525
0.107458
0.109338
0.111061
0.0114851
0.0111339
0.0108532
0.0095818
0.00823439
0.0080547
0.00901529
0.0103421
0.0115013
0.0123933
0.0131056
0.0137389
0.0143506
0.0149493
0.0155706
0.016269
0.0169767
0.0176015
0.0181623
0.0187123
0.0192905
0.019913
0.0205252
0.0210984
0.0217113
0.0224266
0.0231809
0.0239127
0.0246232
0.0253281
0.0260379
0.0267475
0.0274457
0.0281309
0.0288069
0.0294792
0.0301741
0.0309079
0.0316704
0.0324456
0.0332219
0.0339909
0.0347779
0.0355896
0.0363921
0.037191
0.0380222
0.0388789
0.039693
0.0404495
0.0412432
0.0421423
0.0430658
0.0439841
0.0449496
0.0459706
0.0469851
0.0480198
0.0491024
0.0501706
0.0511354
0.0520406
0.0530767
0.0542736
0.0554851
0.0566538
0.0578438
0.0590171
0.0602086
0.0614248
0.0626689
0.0639437
0.0652803
0.0666305
0.0679966
0.0693779
0.0707972
0.0722458
0.0737103
0.0752371
0.0767622
0.0783469
0.0799547
0.0816199
0.0832747
0.0849451
0.0866659
0.0884149
0.0902365
0.0920594
0.0938809
0.0957596
0.097638
0.0995904
0.101535
0.103527
0.105526
0.107461
0.109341
0.111065
0.0114861
0.011059
0.0108642
0.00984998
0.00860678
0.00833308
0.00914677
0.0103894
0.0115336
0.012442
0.0131661
0.0137939
0.0143915
0.0149806
0.0156
0.016297
0.0169993
0.0176186
0.0181788
0.0187324
0.019312
0.0199311
0.0205404
0.0211157
0.0217315
0.0224445
0.0231927
0.0239202
0.0246293
0.0253337
0.0260422
0.0267503
0.0274479
0.0281332
0.0288099
0.0294837
0.0301801
0.0309136
0.0316738
0.0324468
0.0332231
0.0339931
0.0347796
0.0355896
0.0363919
0.0371918
0.0380222
0.0388771
0.0396911
0.0404497
0.0412451
0.0421441
0.0430676
0.0439866
0.0449524
0.0459727
0.0469863
0.0480195
0.0490994
0.0501661
0.0511323
0.0520396
0.0530771
0.0542749
0.0554869
0.056655
0.0578443
0.0590174
0.060209
0.0614251
0.0626694
0.0639446
0.0652814
0.0666314
0.0679974
0.0693788
0.0707984
0.0722473
0.0737117
0.0752382
0.0767633
0.0783478
0.0799551
0.0816201
0.083275
0.0849458
0.0866665
0.0884151
0.0902363
0.0920592
0.093881
0.0957598
0.0976384
0.0995906
0.101535
0.103528
0.105526
0.107463
0.109344
0.111068
0.0114982
0.0110077
0.0108646
0.0100926
0.00897439
0.00862625
0.00929677
0.0104465
0.0115666
0.0124891
0.0132277
0.0138524
0.0144357
0.015014
0.0156309
0.0163265
0.0170234
0.0176368
0.0181961
0.0187533
0.0193348
0.0199508
0.0205572
0.0211347
0.0217533
0.0224636
0.0232054
0.0239282
0.0246359
0.0253396
0.0260468
0.0267535
0.0274504
0.0281357
0.028813
0.0294885
0.0301865
0.0309197
0.0316775
0.0324481
0.0332243
0.0339954
0.0347814
0.0355897
0.0363916
0.0371926
0.0380224
0.0388753
0.0396891
0.0404502
0.0412476
0.0421464
0.0430697
0.0439893
0.0449552
0.0459748
0.0469875
0.0480193
0.0490963
0.0501615
0.0511293
0.0520395
0.0530784
0.0542761
0.0554882
0.0566559
0.0578446
0.0590177
0.0602094
0.0614256
0.0626702
0.0639457
0.0652826
0.0666324
0.0679981
0.0693796
0.0707996
0.0722487
0.0737131
0.0752394
0.0767644
0.0783488
0.0799555
0.0816202
0.0832754
0.0849464
0.0866672
0.0884154
0.0902362
0.0920589
0.0938811
0.0957601
0.0976388
0.0995907
0.101536
0.103528
0.105527
0.107466
0.109347
0.111072
0.0115186
0.0109798
0.0108581
0.0103101
0.00933506
0.00893154
0.00946524
0.0105156
0.0116023
0.0125344
0.0132895
0.013914
0.0144833
0.0150499
0.0156635
0.0163577
0.017049
0.017656
0.0182142
0.0187752
0.0193589
0.019972
0.0205755
0.0211551
0.0217766
0.0224839
0.0232188
0.0239368
0.0246429
0.025346
0.0260518
0.0267569
0.0274532
0.0281385
0.0288164
0.0294934
0.0301931
0.0309261
0.0316814
0.0324496
0.0332257
0.0339979
0.0347834
0.0355898
0.0363914
0.0371935
0.0380228
0.0388736
0.0396873
0.0404512
0.0412509
0.0421493
0.0430721
0.0439922
0.0449581
0.0459767
0.0469886
0.0480191
0.0490933
0.0501568
0.0511266
0.0520397
0.0530811
0.0542776
0.0554892
0.0566565
0.0578448
0.0590179
0.0602099
0.0614262
0.0626712
0.063947
0.0652838
0.0666334
0.067999
0.0693805
0.0708007
0.0722501
0.0737145
0.0752406
0.0767657
0.0783499
0.0799561
0.0816202
0.0832756
0.084947
0.086668
0.0884158
0.090236
0.0920585
0.0938811
0.0957603
0.0976393
0.0995909
0.101536
0.103528
0.105528
0.107469
0.109351
0.111076
0.0115441
0.0109753
0.0108487
0.010503
0.00968613
0.00924617
0.00965155
0.0105989
0.0116432
0.0125786
0.0133504
0.0139776
0.0145342
0.0150884
0.0156983
0.0163907
0.0170762
0.0176764
0.0182332
0.0187982
0.0193843
0.0199946
0.020595
0.0211767
0.0218009
0.0225051
0.0232329
0.0239459
0.0246505
0.0253528
0.0260571
0.0267607
0.0274563
0.0281415
0.0288199
0.0294986
0.0302
0.0309328
0.0316855
0.0324511
0.0332272
0.0340005
0.0347854
0.0355899
0.0363912
0.0371945
0.0380233
0.0388719
0.0396856
0.0404528
0.0412551
0.0421527
0.0430749
0.0439955
0.0449613
0.0459787
0.0469897
0.0480191
0.0490905
0.0501521
0.0511244
0.0520424
0.0530853
0.0542796
0.0554898
0.0566568
0.0578449
0.059018
0.0602104
0.0614271
0.0626725
0.0639486
0.0652851
0.0666343
0.0679998
0.0693815
0.0708019
0.0722514
0.073716
0.0752418
0.076767
0.0783511
0.0799567
0.0816202
0.0832758
0.0849477
0.0866689
0.0884163
0.0902358
0.092058
0.0938811
0.0957605
0.0976398
0.0995911
0.101537
0.103528
0.105529
0.107472
0.109355
0.11108
0.0115707
0.0109949
0.0108419
0.0106708
0.0100247
0.0095682
0.00985453
0.0106976
0.0116917
0.0126226
0.0134097
0.0140423
0.014588
0.01513
0.0157356
0.0164259
0.0171051
0.0176981
0.0182533
0.0188224
0.0194112
0.0200186
0.0206155
0.0211991
0.0218262
0.0225273
0.0232478
0.0239556
0.0246585
0.0253601
0.0260628
0.0267648
0.0274598
0.0281448
0.0288237
0.0295039
0.030207
0.0309396
0.0316897
0.0324528
0.0332288
0.0340033
0.0347876
0.0355901
0.036391
0.0371955
0.0380239
0.0388703
0.039684
0.0404549
0.04126
0.0421569
0.0430781
0.043999
0.0449646
0.0459807
0.0469908
0.0480192
0.0490879
0.0501476
0.0511227
0.0520465
0.053091
0.0542821
0.0554902
0.0566568
0.0578448
0.0590181
0.0602111
0.0614283
0.0626742
0.0639504
0.0652865
0.0666353
0.0680008
0.0693826
0.0708032
0.0722528
0.0737174
0.0752431
0.0767683
0.0783523
0.0799575
0.0816202
0.083276
0.0849483
0.0866698
0.088417
0.0902357
0.0920575
0.0938811
0.0957607
0.0976403
0.0995913
0.101538
0.103529
0.10553
0.107475
0.109359
0.111085
0.0115935
0.0110377
0.0108434
0.0108135
0.010348
0.00989651
0.0100724
0.010812
0.01175
0.012668
0.0134674
0.0141072
0.0146443
0.0151746
0.0157756
0.0164636
0.0171361
0.0177212
0.0182743
0.0188478
0.0194396
0.0200438
0.0206369
0.0212221
0.0218522
0.0225502
0.0232634
0.023966
0.0246671
0.0253678
0.0260689
0.0267694
0.0274636
0.0281484
0.0288276
0.0295095
0.0302143
0.0309466
0.0316941
0.0324547
0.0332306
0.0340064
0.03479
0.0355902
0.0363907
0.0371966
0.038025
0.0388688
0.0396827
0.0404575
0.0412656
0.0421615
0.0430816
0.0440028
0.0449682
0.0459828
0.0469919
0.0480192
0.0490855
0.0501432
0.0511214
0.0520516
0.0530979
0.0542852
0.0554905
0.0566567
0.0578447
0.0590182
0.0602119
0.0614297
0.0626761
0.0639524
0.065288
0.0666363
0.0680018
0.0693838
0.0708046
0.0722542
0.073719
0.0752444
0.0767697
0.0783537
0.0799583
0.0816203
0.0832761
0.0849489
0.0866708
0.0884178
0.0902356
0.092057
0.093881
0.0957609
0.0976408
0.0995915
0.101539
0.103529
0.105531
0.107478
0.109364
0.11109
0.0116071
0.0110989
0.0108602
0.0109336
0.0106526
0.0102297
0.0103034
0.0109414
0.0118204
0.0127174
0.0135236
0.0141716
0.0147022
0.0152219
0.0158187
0.016504
0.0171693
0.0177459
0.0182966
0.0188743
0.0194694
0.0200704
0.0206592
0.0212458
0.0218789
0.022574
0.0232798
0.023977
0.0246763
0.0253761
0.0260754
0.0267743
0.0274677
0.0281523
0.0288318
0.0295152
0.0302217
0.0309537
0.0316986
0.0324566
0.0332325
0.0340096
0.0347925
0.0355905
0.0363905
0.0371978
0.038026
0.0388675
0.0396815
0.0404605
0.0412719
0.0421668
0.0430854
0.0440069
0.0449719
0.0459848
0.046993
0.0480194
0.0490832
0.0501389
0.0511204
0.0520575
0.0531057
0.0542887
0.0554907
0.0566564
0.0578445
0.0590183
0.0602128
0.0614314
0.0626784
0.0639546
0.0652896
0.0666373
0.0680028
0.0693852
0.0708061
0.0722558
0.0737206
0.0752458
0.0767712
0.0783552
0.0799593
0.0816204
0.0832763
0.0849495
0.0866718
0.0884186
0.0902356
0.0920565
0.093881
0.0957612
0.0976414
0.0995918
0.10154
0.103529
0.105532
0.107482
0.109368
0.111094
0.011607
0.0111692
0.0108985
0.0110375
0.0109344
0.0105653
0.010547
0.0110843
0.011904
0.0127734
0.0135793
0.0142347
0.0147608
0.0152715
0.0158651
0.0165477
0.017205
0.0177724
0.01832
0.0189021
0.0195006
0.0200983
0.0206824
0.0212702
0.0219063
0.0225986
0.0232971
0.0239887
0.0246861
0.0253849
0.0260825
0.0267796
0.0274723
0.0281566
0.0288363
0.0295211
0.0302293
0.0309611
0.0317032
0.0324587
0.0332347
0.034013
0.0347953
0.0355907
0.0363902
0.0371991
0.0380271
0.0388662
0.0396804
0.0404639
0.0412786
0.0421724
0.0430895
0.0440112
0.0449758
0.045987
0.046994
0.0480195
0.0490811
0.0501348
0.0511196
0.0520638
0.0531139
0.0542925
0.0554909
0.0566562
0.0578443
0.0590184
0.0602138
0.0614331
0.0626808
0.063957
0.0652912
0.0666384
0.068004
0.0693866
0.0708076
0.0722573
0.0737223
0.0752473
0.0767727
0.0783568
0.0799605
0.0816206
0.0832765
0.0849502
0.0866729
0.0884195
0.0902356
0.092056
0.0938811
0.0957615
0.097642
0.099592
0.101541
0.10353
0.105533
0.107486
0.109373
0.111099
0.0115945
0.0112364
0.01096
0.0111352
0.0111903
0.0108989
0.0108037
0.0112391
0.0120008
0.0128388
0.0136359
0.0142961
0.0148193
0.0153228
0.0159144
0.0165951
0.0172437
0.0178007
0.0183448
0.0189311
0.0195333
0.0201276
0.0207067
0.0212953
0.0219345
0.0226241
0.0233152
0.0240012
0.0246966
0.0253944
0.02609
0.0267854
0.0274773
0.0281613
0.0288411
0.0295272
0.0302371
0.0309686
0.031708
0.0324609
0.033237
0.0340167
0.0347982
0.0355911
0.03639
0.0372005
0.0380284
0.0388652
0.0396794
0.0404674
0.0412856
0.0421783
0.0430938
0.0440158
0.04498
0.0459892
0.046995
0.0480197
0.049079
0.0501308
0.0511189
0.0520702
0.0531223
0.0542964
0.0554911
0.056656
0.0578441
0.0590185
0.0602149
0.061435
0.0626833
0.0639594
0.065293
0.0666395
0.0680052
0.0693881
0.0708093
0.072259
0.0737241
0.0752489
0.0767743
0.0783585
0.0799617
0.0816208
0.0832767
0.0849509
0.086674
0.0884204
0.0902357
0.0920556
0.0938811
0.0957618
0.0976426
0.0995923
0.101541
0.10353
0.105534
0.10749
0.109379
0.111105
0.0115799
0.0112902
0.0110376
0.0112385
0.0114214
0.011224
0.0110739
0.0114055
0.0121094
0.0129161
0.013696
0.0143557
0.0148772
0.0153751
0.0159665
0.0166464
0.0172858
0.0178311
0.0183709
0.0189614
0.0195674
0.0201582
0.020732
0.0213212
0.0219635
0.0226505
0.0233342
0.0240144
0.0247077
0.0254044
0.0260982
0.0267918
0.0274828
0.0281663
0.0288462
0.0295337
0.0302452
0.0309764
0.0317129
0.0324632
0.0332394
0.0340206
0.0348013
0.0355915
0.0363898
0.0372019
0.0380298
0.0388642
0.0396785
0.0404711
0.0412928
0.0421844
0.0430982
0.0440205
0.0449842
0.0459914
0.0469961
0.0480198
0.049077
0.0501269
0.0511182
0.0520767
0.0531307
0.0543004
0.0554914
0.0566558
0.0578439
0.0590187
0.060216
0.061437
0.0626858
0.063962
0.0652948
0.0666407
0.0680065
0.0693897
0.070811
0.0722608
0.0737259
0.0752505
0.0767759
0.0783603
0.079963
0.0816212
0.083277
0.0849516
0.0866752
0.0884214
0.0902358
0.0920552
0.0938813
0.0957621
0.0976432
0.0995926
0.101542
0.103531
0.105535
0.107494
0.109384
0.11111
0.0115773
0.0113295
0.0111192
0.0113552
0.0116347
0.0115328
0.0113554
0.0115856
0.0122279
0.0130059
0.0137627
0.0144141
0.0149337
0.0154279
0.0160207
0.0167014
0.0173319
0.017864
0.0183984
0.0189932
0.0196031
0.0201902
0.0207583
0.0213481
0.0219935
0.022678
0.0233541
0.0240285
0.0247196
0.0254152
0.026107
0.0267986
0.0274888
0.0281719
0.0288516
0.0295403
0.0302535
0.0309844
0.0317182
0.0324658
0.0332421
0.0340247
0.0348046
0.0355919
0.0363895
0.0372034
0.0380315
0.0388634
0.0396777
0.0404748
0.0413001
0.0421907
0.0431028
0.0440253
0.0449886
0.0459938
0.0469971
0.04802
0.0490751
0.0501231
0.0511176
0.0520831
0.0531391
0.0543045
0.0554917
0.0566557
0.0578437
0.0590189
0.0602173
0.061439
0.0626885
0.0639646
0.0652966
0.066642
0.0680079
0.0693914
0.0708128
0.0722626
0.0737279
0.0752522
0.0767776
0.0783621
0.0799643
0.0816216
0.0832773
0.0849524
0.0866764
0.0884224
0.090236
0.0920548
0.0938814
0.0957625
0.0976439
0.0995929
0.101543
0.103532
0.105536
0.107498
0.10939
0.111116
0.0115952
0.0113652
0.0111925
0.011484
0.0118422
0.0118211
0.0116412
0.0117824
0.012355
0.0131068
0.0138397
0.014473
0.0149881
0.0154808
0.0160765
0.0167598
0.017382
0.0178999
0.0184276
0.0190265
0.0196407
0.0202237
0.0207857
0.0213759
0.0220246
0.0227065
0.023375
0.0240434
0.0247323
0.0254266
0.0261164
0.0268061
0.0274953
0.0281779
0.0288574
0.0295473
0.0302622
0.0309928
0.0317236
0.0324685
0.0332449
0.0340291
0.0348082
0.0355925
0.0363893
0.037205
0.0380333
0.0388629
0.0396769
0.0404787
0.0413076
0.0421972
0.0431075
0.0440303
0.0449932
0.0459963
0.0469981
0.0480202
0.0490732
0.0501195
0.0511172
0.0520895
0.0531474
0.0543085
0.0554922
0.0566556
0.0578436
0.0590191
0.0602185
0.0614411
0.0626912
0.0639672
0.0652986
0.0666433
0.0680093
0.0693932
0.0708147
0.0722645
0.0737299
0.075254
0.0767794
0.0783641
0.0799657
0.081622
0.0832776
0.0849533
0.0866777
0.0884234
0.0902361
0.0920544
0.0938816
0.0957629
0.0976446
0.0995933
0.101544
0.103533
0.105538
0.107503
0.109396
0.111122
0.0116308
0.0114129
0.0112529
0.0116134
0.0120564
0.0120921
0.0119211
0.0119968
0.0124925
0.0132162
0.013929
0.0145357
0.0150398
0.015533
0.0161335
0.0168211
0.0174362
0.0179392
0.0184588
0.0190613
0.0196802
0.0202589
0.0208139
0.0214044
0.0220569
0.0227363
0.0233969
0.0240592
0.0247458
0.0254389
0.0261265
0.0268142
0.0275024
0.0281844
0.0288636
0.0295546
0.0302711
0.0310014
0.0317294
0.0324714
0.0332479
0.0340338
0.034812
0.0355932
0.0363892
0.0372068
0.0380354
0.0388625
0.0396763
0.0404826
0.0413152
0.0422037
0.0431123
0.0440353
0.0449979
0.0459988
0.0469992
0.0480205
0.0490714
0.050116
0.0511167
0.0520957
0.0531555
0.0543126
0.0554927
0.0566557
0.0578435
0.0590194
0.0602199
0.0614432
0.0626939
0.06397
0.0653006
0.0666447
0.0680108
0.069395
0.0708166
0.0722665
0.0737319
0.0752559
0.0767812
0.0783661
0.0799671
0.0816225
0.083278
0.0849542
0.0866789
0.0884244
0.0902363
0.0920541
0.0938818
0.0957633
0.0976453
0.0995937
0.101546
0.103534
0.105539
0.107508
0.109403
0.111128
0.0116718
0.0114837
0.011308
0.011729
0.0122817
0.0123577
0.0121858
0.0122234
0.0126459
0.0133316
0.0140298
0.0146067
0.0150894
0.0155831
0.0161919
0.0168851
0.0174943
0.017982
0.0184923
0.0190979
0.0197216
0.0202961
0.0208431
0.0214335
0.0220903
0.0227676
0.02342
0.0240758
0.0247601
0.0254521
0.0261374
0.0268229
0.0275102
0.0281914
0.0288702
0.0295622
0.0302803
0.0310103
0.0317354
0.0324745
0.0332511
0.0340387
0.0348161
0.035594
0.036389
0.0372086
0.0380377
0.0388623
0.0396757
0.0404865
0.0413228
0.0422104
0.0431172
0.0440405
0.0450028
0.0460015
0.0470003
0.0480207
0.0490697
0.0501126
0.0511164
0.0521018
0.0531635
0.0543167
0.0554934
0.0566558
0.0578435
0.0590198
0.0602213
0.0614454
0.0626966
0.0639727
0.0653027
0.0666462
0.0680124
0.0693969
0.0708187
0.0722685
0.073734
0.0752578
0.0767832
0.0783681
0.0799686
0.0816231
0.0832784
0.0849551
0.0866802
0.0884255
0.0902364
0.0920537
0.0938821
0.0957638
0.097646
0.0995941
0.101547
0.103535
0.105541
0.107513
0.10941
0.111135
0.0117071
0.0115779
0.0113735
0.0118198
0.0125082
0.0126336
0.0124342
0.0124505
0.0128195
0.0134542
0.0141385
0.0146897
0.0151399
0.0156295
0.0162509
0.0169517
0.0175557
0.0180281
0.0185285
0.0191368
0.0197652
0.0203353
0.0208737
0.0214631
0.0221245
0.0228004
0.0234445
0.0240932
0.0247751
0.0254661
0.0261491
0.0268323
0.0275186
0.0281991
0.0288773
0.0295702
0.0302899
0.0310196
0.0317418
0.0324779
0.0332545
0.034044
0.0348206
0.035595
0.0363889
0.0372106
0.0380402
0.0388623
0.0396753
0.0404905
0.0413306
0.0422172
0.0431221
0.0440459
0.0450079
0.0460043
0.0470014
0.0480211
0.0490681
0.0501095
0.0511162
0.0521077
0.0531714
0.0543208
0.0554942
0.0566561
0.0578435
0.0590202
0.0602228
0.0614476
0.0626994
0.0639756
0.0653049
0.0666478
0.068014
0.0693989
0.0708208
0.0722706
0.0737362
0.0752598
0.0767852
0.0783702
0.0799701
0.0816237
0.0832789
0.0849561
0.0866816
0.0884266
0.0902366
0.0920534
0.0938824
0.0957643
0.0976468
0.0995946
0.101548
0.103536
0.105543
0.107518
0.109417
0.111141
0.0117319
0.0116861
0.0114647
0.0118868
0.0127158
0.0129308
0.0126778
0.0126643
0.013011
0.0135902
0.0142509
0.0147852
0.0151964
0.0156718
0.016309
0.0170214
0.0176204
0.0180773
0.018567
0.0191783
0.0198115
0.0203767
0.0209057
0.0214933
0.0221594
0.0228347
0.0234706
0.0241117
0.024791
0.0254811
0.0261618
0.0268425
0.0275276
0.0282073
0.0288848
0.0295785
0.0302998
0.0310293
0.0317485
0.0324815
0.0332581
0.0340494
0.0348253
0.0355961
0.0363888
0.0372127
0.0380431
0.0388627
0.0396749
0.0404945
0.0413385
0.0422242
0.0431271
0.0440513
0.0450131
0.0460072
0.0470025
0.0480214
0.0490666
0.0501065
0.051116
0.0521136
0.053179
0.0543248
0.0554951
0.0566564
0.0578436
0.0590207
0.0602244
0.0614499
0.0627023
0.0639785
0.0653072
0.0666495
0.0680158
0.069401
0.070823
0.0722728
0.0737385
0.0752619
0.0767873
0.0783724
0.0799716
0.0816243
0.0832794
0.0849571
0.0866829
0.0884277
0.0902369
0.092053
0.0938827
0.0957647
0.0976477
0.0995951
0.101549
0.103538
0.105544
0.107523
0.109425
0.111149
0.011746
0.0117956
0.0115914
0.0119466
0.0128847
0.0132436
0.0129358
0.012858
0.0132089
0.0137472
0.0143666
0.0148891
0.0152644
0.0157118
0.0163635
0.0170941
0.0176889
0.0181293
0.0186075
0.0192222
0.0198613
0.0204206
0.020939
0.0215243
0.0221949
0.0228703
0.0234984
0.0241314
0.0248076
0.0254969
0.0261755
0.0268535
0.0275372
0.0282163
0.028893
0.0295872
0.03031
0.0310393
0.0317555
0.0324854
0.0332619
0.0340552
0.0348304
0.0355974
0.0363888
0.037215
0.0380462
0.0388633
0.0396747
0.0404985
0.0413465
0.0422312
0.0431322
0.0440568
0.0450185
0.0460102
0.0470037
0.0480219
0.0490653
0.0501037
0.051116
0.0521193
0.0531865
0.0543289
0.0554962
0.0566568
0.0578437
0.0590212
0.0602261
0.0614523
0.0627052
0.0639815
0.0653096
0.0666512
0.0680176
0.0694031
0.0708253
0.0722751
0.0737408
0.075264
0.0767894
0.0783746
0.0799732
0.081625
0.0832799
0.0849582
0.0866843
0.0884288
0.0902371
0.0920527
0.0938831
0.0957653
0.0976485
0.0995957
0.10155
0.103539
0.105546
0.107529
0.109433
0.111156
0.0117487
0.0118947
0.0117526
0.0120222
0.0130056
0.0135491
0.0132264
0.0130403
0.0133959
0.0139268
0.0144921
0.0149963
0.0153457
0.0157545
0.0164124
0.0171683
0.0177621
0.018184
0.0186496
0.0192679
0.0199147
0.020468
0.0209738
0.021556
0.0222312
0.0229069
0.0235279
0.0241527
0.0248252
0.0255135
0.0261902
0.0268656
0.0275477
0.0282258
0.0289017
0.0295963
0.0303206
0.0310497
0.031763
0.0324896
0.033266
0.0340613
0.0348358
0.0355989
0.0363889
0.0372174
0.0380496
0.0388642
0.0396746
0.0405026
0.0413546
0.0422384
0.0431373
0.0440624
0.0450241
0.0460133
0.0470049
0.0480224
0.0490642
0.0501012
0.0511161
0.0521249
0.0531939
0.054333
0.0554974
0.0566574
0.0578439
0.0590218
0.0602279
0.0614547
0.0627081
0.0639846
0.0653121
0.0666531
0.0680195
0.0694054
0.0708277
0.0722774
0.0737432
0.0752663
0.0767917
0.078377
0.0799748
0.0816258
0.0832805
0.0849593
0.0866857
0.08843
0.0902374
0.0920524
0.0938835
0.0957658
0.0976494
0.0995964
0.101551
0.103541
0.105548
0.107535
0.109441
0.111164
0.0117387
0.0119735
0.0119364
0.0121346
0.0130894
0.0138201
0.0135527
0.0132325
0.0135593
0.0141191
0.014637
0.0151046
0.0154371
0.0158055
0.0164563
0.0172416
0.0178408
0.0182418
0.0186928
0.0193149
0.0199716
0.02052
0.0210104
0.0215881
0.0222686
0.0229445
0.0235586
0.0241757
0.024844
0.0255311
0.0262058
0.0268786
0.027559
0.0282359
0.0289109
0.029606
0.0303316
0.0310605
0.0317709
0.0324941
0.0332703
0.0340678
0.0348416
0.0356007
0.0363891
0.03722
0.0380534
0.0388654
0.0396747
0.0405068
0.0413628
0.0422457
0.0431425
0.0440681
0.0450298
0.0460166
0.0470062
0.0480229
0.0490632
0.0500989
0.0511163
0.0521304
0.053201
0.0543371
0.0554987
0.0566581
0.0578442
0.0590226
0.0602298
0.0614572
0.0627111
0.0639877
0.0653146
0.0666551
0.0680215
0.0694077
0.0708302
0.0722799
0.0737457
0.0752685
0.076794
0.0783793
0.0799765
0.0816266
0.0832811
0.0849604
0.0866871
0.0884312
0.0902377
0.0920521
0.0938839
0.0957664
0.0976503
0.0995972
0.101553
0.103543
0.10555
0.107541
0.10945
0.111172
0.0117185
0.0120242
0.0121247
0.0122951
0.0131618
0.0140353
0.0138946
0.0134583
0.0137025
0.0143062
0.0148056
0.0152196
0.0155337
0.0158678
0.0164985
0.0173115
0.0179246
0.0183036
0.0187368
0.019363
0.0200313
0.0205769
0.0210501
0.0216202
0.0223069
0.0229839
0.0235904
0.0241999
0.0248643
0.0255496
0.0262223
0.0268926
0.0275713
0.0282469
0.0289208
0.0296162
0.0303431
0.0310717
0.0317793
0.032499
0.0332749
0.0340746
0.0348479
0.0356026
0.0363894
0.0372228
0.0380575
0.038867
0.0396749
0.0405109
0.0413711
0.0422532
0.0431477
0.0440738
0.0450357
0.04602
0.0470075
0.0480236
0.0490625
0.0500968
0.0511167
0.0521358
0.053208
0.0543412
0.0555002
0.0566589
0.0578446
0.0590234
0.0602318
0.0614597
0.0627141
0.063991
0.0653173
0.0666571
0.0680236
0.0694102
0.0708328
0.0722824
0.0737483
0.0752709
0.0767964
0.0783818
0.0799782
0.0816275
0.0832818
0.0849617
0.0866886
0.0884325
0.0902381
0.0920518
0.0938844
0.095767
0.0976513
0.0995981
0.101554
0.103545
0.105553
0.107547
0.10946
0.11118
0.0116974
0.0120433
0.0122991
0.0125011
0.0132507
0.0141921
0.0142219
0.0137296
0.013846
0.0144718
0.0149907
0.0153512
0.0156334
0.0159397
0.0165428
0.017377
0.0180128
0.0183707
0.0187809
0.0194118
0.0200935
0.0206383
0.0210941
0.0216528
0.0223451
0.0230255
0.0236236
0.0242249
0.0248862
0.0255697
0.0262398
0.0269076
0.0275846
0.0282588
0.0289312
0.0296268
0.0303551
0.0310834
0.0317881
0.0325043
0.0332797
0.0340818
0.0348546
0.0356049
0.0363897
0.0372257
0.038062
0.038869
0.0396753
0.0405151
0.0413795
0.0422608
0.043153
0.0440797
0.0450418
0.0460236
0.047009
0.0480244
0.0490619
0.0500951
0.0511172
0.052141
0.0532148
0.0543453
0.0555019
0.0566598
0.057845
0.0590243
0.0602339
0.0614624
0.0627172
0.0639943
0.0653201
0.0666593
0.0680259
0.0694127
0.0708355
0.072285
0.0737509
0.0752734
0.0767989
0.0783843
0.07998
0.0816285
0.0832826
0.0849629
0.0866901
0.0884337
0.0902385
0.0920516
0.093885
0.0957676
0.0976523
0.0995991
0.101555
0.103548
0.105555
0.107553
0.10947
0.111189
0.0116899
0.0120329
0.0124424
0.012739
0.01338
0.0143087
0.0145061
0.0140337
0.0140147
0.014615
0.0151756
0.0155047
0.0157414
0.016018
0.0165911
0.0174388
0.0181045
0.0184445
0.0188248
0.01946
0.0201587
0.0207036
0.0211427
0.0216874
0.0223827
0.0230687
0.0236592
0.0242503
0.0249092
0.0255917
0.0262587
0.0269234
0.0275987
0.0282717
0.0289425
0.0296379
0.0303675
0.0310957
0.0317973
0.0325099
0.0332848
0.0340893
0.0348618
0.0356076
0.0363902
0.0372289
0.038067
0.0388714
0.0396758
0.0405193
0.0413881
0.0422685
0.0431583
0.0440855
0.0450481
0.0460273
0.0470105
0.0480253
0.0490616
0.0500936
0.0511179
0.0521462
0.0532214
0.0543494
0.0555036
0.0566609
0.0578456
0.0590253
0.0602361
0.0614651
0.0627204
0.0639976
0.065323
0.0666615
0.0680282
0.0694154
0.0708383
0.0722876
0.0737536
0.0752759
0.0768015
0.0783869
0.0799818
0.0816295
0.0832834
0.0849642
0.0866917
0.0884351
0.0902389
0.0920514
0.0938856
0.0957683
0.0976532
0.0996002
0.101557
0.10355
0.105558
0.10756
0.10948
0.111198
0.0117137
0.0120033
0.0125403
0.0129871
0.0135629
0.0144131
0.0147328
0.014342
0.014225
0.0147537
0.0153438
0.0156734
0.0158666
0.0161033
0.0166421
0.0174967
0.018199
0.0185274
0.0188687
0.0195054
0.0202273
0.0207735
0.021195
0.0217251
0.0224205
0.0231126
0.0236977
0.0242769
0.0249322
0.0256157
0.0262794
0.02694
0.0276136
0.0282855
0.0289546
0.0296495
0.0303803
0.0311086
0.0318072
0.0325159
0.0332902
0.0340972
0.0348696
0.0356106
0.0363907
0.0372321
0.0380724
0.0388744
0.0396765
0.0405235
0.0413969
0.0422765
0.0431636
0.0440915
0.0450545
0.0460312
0.0470121
0.0480263
0.0490616
0.0500924
0.0511187
0.0521513
0.0532279
0.0543535
0.0555056
0.0566622
0.0578463
0.0590265
0.0602385
0.0614678
0.0627236
0.0640011
0.065326
0.0666639
0.0680306
0.0694182
0.0708412
0.0722904
0.0737564
0.0752785
0.0768041
0.0783896
0.0799837
0.0816306
0.0832842
0.0849656
0.0866933
0.0884364
0.0902394
0.0920512
0.0938862
0.095769
0.0976543
0.0996015
0.101558
0.103553
0.105561
0.107567
0.109491
0.111208
0.0117878
0.0119747
0.0125854
0.0132194
0.0137984
0.0145352
0.0149095
0.0146246
0.0144697
0.0149116
0.0154938
0.0158414
0.0160125
0.0162026
0.0166957
0.0175488
0.0182943
0.0186222
0.0189153
0.0195446
0.020298
0.0208499
0.0212502
0.0217653
0.02246
0.0231567
0.0237386
0.0243057
0.024955
0.0256407
0.0263028
0.0269579
0.027629
0.0283002
0.0289677
0.0296619
0.0303936
0.031122
0.0318178
0.0325224
0.0332958
0.0341055
0.0348779
0.0356141
0.0363915
0.0372355
0.0380782
0.0388779
0.0396774
0.0405276
0.0414058
0.0422846
0.0431689
0.0440975
0.0450612
0.0460352
0.0470137
0.0480274
0.0490618
0.0500916
0.0511197
0.0521562
0.0532342
0.0543576
0.0555077
0.0566636
0.057847
0.0590277
0.060241
0.0614707
0.0627268
0.0640046
0.0653291
0.0666664
0.0680331
0.0694211
0.0708442
0.0722933
0.0737593
0.0752812
0.0768069
0.0783924
0.0799857
0.0816318
0.0832851
0.084967
0.0866949
0.0884378
0.09024
0.0920511
0.093887
0.0957698
0.0976553
0.0996029
0.10156
0.103556
0.105565
0.107573
0.109502
0.111218
0.0119257
0.0119751
0.0125846
0.0134079
0.0140704
0.0146999
0.0150589
0.0148623
0.0147232
0.0151053
0.0156431
0.0159934
0.01617
0.0163248
0.0167574
0.0175926
0.0183854
0.0187308
0.0189702
0.0195754
0.0203665
0.0209354
0.0213098
0.0218059
0.0225023
0.0232023
0.0237806
0.0243373
0.0249785
0.0256657
0.0263287
0.0269781
0.0276449
0.0283155
0.0289819
0.0296751
0.0304074
0.0311358
0.0318291
0.0325294
0.0333015
0.0341142
0.0348869
0.035618
0.0363924
0.037239
0.0380845
0.038882
0.0396786
0.0405317
0.0414148
0.042293
0.0431743
0.0441034
0.0450681
0.0460395
0.0470155
0.0480287
0.0490623
0.0500911
0.0511208
0.0521611
0.0532403
0.0543617
0.0555099
0.0566652
0.0578479
0.0590291
0.0602436
0.0614736
0.0627301
0.0640083
0.0653323
0.066669
0.0680358
0.0694241
0.0708474
0.0722962
0.0737623
0.0752841
0.0768097
0.0783952
0.0799877
0.0816331
0.0832861
0.0849685
0.0866966
0.0884392
0.0902406
0.092051
0.0938877
0.0957707
0.0976563
0.0996045
0.101561
0.103559
0.105568
0.10758
0.109513
0.111229
0.0121275
0.0120335
0.0125621
0.0135318
0.01435
0.0149201
0.0152095
0.0150564
0.0149566
0.0153284
0.0158158
0.0161291
0.0163208
0.016471
0.0168386
0.0176298
0.0184646
0.0188512
0.0190413
0.0195989
0.0204262
0.0210298
0.0213777
0.0218452
0.0225458
0.0232518
0.0238237
0.0243704
0.0250038
0.0256905
0.0263561
0.0270012
0.0276618
0.0283311
0.0289969
0.0296892
0.030422
0.0311503
0.031841
0.0325371
0.0333076
0.0341231
0.0348965
0.0356226
0.0363935
0.0372427
0.0380911
0.0388867
0.0396801
0.0405358
0.0414239
0.0423016
0.0431797
0.0441094
0.0450751
0.046044
0.0470174
0.0480301
0.0490631
0.050091
0.0511222
0.0521658
0.0532463
0.0543658
0.0555123
0.0566669
0.0578489
0.0590306
0.0602464
0.0614766
0.0627335
0.064012
0.0653357
0.0666718
0.0680386
0.0694272
0.0708506
0.0722993
0.0737653
0.075287
0.0768127
0.0783982
0.0799897
0.0816344
0.0832872
0.0849701
0.0866983
0.0884407
0.0902412
0.0920509
0.0938886
0.0957716
0.0976573
0.0996063
0.101563
0.103563
0.105573
0.107588
0.109525
0.11124
0.0123757
0.01217
0.0125526
0.0135875
0.0146015
0.0151908
0.0153905
0.015225
0.0151503
0.0155549
0.0160285
0.0162695
0.0164482
0.0166276
0.0169508
0.0176708
0.0185252
0.0189745
0.0191358
0.0196228
0.0204699
0.0211288
0.0214595
0.0218843
0.0225866
0.0233066
0.0238702
0.0244036
0.0250309
0.0257162
0.0263839
0.0270272
0.0276807
0.0283466
0.0290125
0.0297044
0.0304372
0.0311654
0.0318537
0.0325455
0.033314
0.0341322
0.0349068
0.0356279
0.0363949
0.0372465
0.0380983
0.038892
0.0396819
0.04054
0.0414331
0.0423104
0.0431851
0.0441154
0.0450824
0.0460488
0.0470195
0.0480317
0.0490642
0.0500912
0.0511237
0.0521705
0.0532521
0.0543699
0.0555148
0.0566689
0.0578501
0.0590322
0.0602493
0.0614797
0.0627369
0.0640158
0.0653392
0.0666747
0.0680415
0.0694305
0.070854
0.0723024
0.0737685
0.07529
0.0768157
0.0784012
0.0799919
0.0816359
0.0832884
0.0849717
0.0867001
0.0884421
0.090242
0.0920509
0.0938894
0.0957727
0.0976583
0.0996082
0.101565
0.103566
0.105577
0.107595
0.109538
0.111252
0.0126423
0.0123864
0.0125918
0.0135941
0.0147918
0.015487
0.0156228
0.0153946
0.015303
0.0157548
0.0162752
0.0164426
0.0165527
0.0167713
0.0170945
0.0177328
0.0185681
0.0190869
0.0192543
0.0196594
0.0204951
0.0212228
0.0215586
0.0219287
0.0226208
0.0233643
0.0239239
0.0244372
0.0250577
0.025744
0.0264124
0.0270548
0.0277026
0.028363
0.0290282
0.0297207
0.0304532
0.0311811
0.0318673
0.0325545
0.0333208
0.0341417
0.0349177
0.035634
0.0363966
0.0372504
0.0381061
0.0388979
0.0396839
0.0405441
0.0414426
0.0423195
0.0431905
0.0441214
0.0450898
0.0460537
0.0470217
0.0480334
0.0490656
0.0500918
0.0511254
0.0521752
0.0532578
0.054374
0.0555175
0.056671
0.0578513
0.059034
0.0602524
0.0614828
0.0627404
0.0640197
0.0653428
0.0666776
0.0680445
0.0694339
0.0708575
0.0723057
0.0737717
0.0752932
0.0768188
0.0784043
0.0799941
0.0816374
0.0832896
0.0849734
0.0867019
0.0884437
0.0902428
0.092051
0.0938904
0.0957738
0.0976594
0.0996104
0.101567
0.10357
0.105582
0.107603
0.10955
0.111264
0.0128964
0.0126647
0.0127055
0.0135867
0.0149053
0.0157729
0.0159094
0.0155943
0.0154319
0.0159055
0.0165268
0.0166697
0.0166597
0.0168807
0.0172517
0.0178317
0.0186076
0.019176
0.019386
0.0197218
0.0205086
0.0212999
0.0216721
0.0219866
0.0226476
0.0234195
0.0239871
0.0244745
0.0250821
0.0257731
0.0264432
0.0270834
0.0277271
0.0283813
0.0290436
0.0297374
0.0304703
0.0311975
0.0318817
0.0325644
0.0333279
0.0341515
0.0349292
0.0356407
0.0363987
0.0372544
0.0381143
0.0389046
0.0396861
0.0405481
0.0414522
0.042329
0.043196
0.0441273
0.0450975
0.046059
0.0470241
0.0480354
0.0490674
0.0500927
0.0511273
0.0521798
0.0532634
0.0543781
0.0555204
0.0566733
0.0578528
0.059036
0.0602556
0.0614861
0.062744
0.0640237
0.0653466
0.0666808
0.0680477
0.0694375
0.0708611
0.072309
0.0737751
0.0752964
0.0768221
0.0784074
0.0799963
0.081639
0.083291
0.0849751
0.0867038
0.0884452
0.0902436
0.0920512
0.0938914
0.0957751
0.0976604
0.0996127
0.101569
0.103574
0.105587
0.10761
0.109563
0.111276
0.0131117
0.0129778
0.0128999
0.0136026
0.0149515
0.0160122
0.016231
0.0158476
0.0155643
0.0160023
0.0167481
0.0169482
0.016804
0.016954
0.0173928
0.0179697
0.0186666
0.01924
0.019512
0.0198157
0.0205263
0.0213519
0.0217896
0.0220658
0.0226722
0.0234657
0.0240582
0.0245208
0.0251041
0.0258005
0.0264774
0.0271134
0.0277528
0.0284022
0.0290596
0.0297538
0.0304886
0.0312151
0.031897
0.032575
0.0333354
0.0341616
0.0349414
0.0356483
0.0364012
0.0372585
0.038123
0.0389123
0.0396887
0.0405519
0.0414621
0.0423388
0.0432014
0.0441331
0.0451053
0.0460645
0.0470266
0.0480375
0.0490695
0.0500941
0.0511294
0.0521845
0.0532689
0.0543822
0.0555234
0.0566759
0.0578544
0.0590381
0.060259
0.0614894
0.0627476
0.0640277
0.0653505
0.066684
0.068051
0.0694412
0.0708649
0.0723125
0.0737785
0.0752998
0.0768254
0.0784107
0.0799987
0.0816407
0.0832924
0.0849769
0.0867058
0.0884468
0.0902445
0.0920515
0.0938924
0.0957765
0.0976615
0.0996152
0.101571
0.103578
0.105593
0.107619
0.109576
0.11129
0.0132697
0.0132973
0.0131639
0.0136703
0.0149586
0.0161823
0.0165548
0.0161604
0.0157324
0.0160623
0.0169089
0.0172481
0.0170153
0.0170185
0.0174898
0.0181253
0.0187664
0.0192958
0.0196143
0.0199302
0.0205668
0.0213826
0.0218953
0.0221676
0.0227048
0.0234991
0.0241309
0.0245801
0.0251276
0.0258231
0.0265139
0.0271473
0.0277791
0.0284251
0.0290777
0.0297697
0.0305069
0.0312342
0.0319134
0.0325865
0.0333433
0.034172
0.0349544
0.0356568
0.036404
0.0372626
0.0381323
0.0389208
0.0396917
0.0405555
0.041472
0.0423492
0.0432069
0.0441388
0.0451135
0.0460704
0.0470293
0.0480397
0.0490719
0.0500959
0.0511317
0.0521891
0.0532744
0.0543863
0.0555264
0.0566786
0.0578562
0.0590404
0.0602626
0.0614928
0.0627513
0.0640319
0.0653545
0.0666874
0.0680545
0.0694451
0.0708688
0.072316
0.0737821
0.0753033
0.0768288
0.078414
0.0800011
0.0816425
0.0832939
0.0849788
0.0867078
0.0884484
0.0902455
0.0920519
0.0938935
0.0957781
0.0976626
0.0996179
0.101574
0.103582
0.1056
0.107627
0.10959
0.111303
0.013359
0.0135973
0.013478
0.0138042
0.0149586
0.0162818
0.0168459
0.016516
0.0159625
0.0161166
0.0169966
0.0175294
0.0172988
0.0171139
0.017536
0.018264
0.0189114
0.0193708
0.0196877
0.0200423
0.0206407
0.02141
0.0219757
0.022282
0.0227566
0.0235227
0.0241971
0.0246522
0.0251583
0.0258402
0.0265491
0.0271866
0.0278073
0.0284484
0.0290983
0.0297862
0.0305244
0.0312545
0.0319316
0.0325987
0.0333515
0.0341826
0.0349683
0.0356663
0.036407
0.0372667
0.0381422
0.0389305
0.0396953
0.0405588
0.0414819
0.0423601
0.0432127
0.0441443
0.0451217
0.0460768
0.0470322
0.0480421
0.0490748
0.0500981
0.0511341
0.0521936
0.0532799
0.0543905
0.0555296
0.0566815
0.0578581
0.0590428
0.0602664
0.0614963
0.062755
0.0640362
0.0653587
0.066691
0.068058
0.0694492
0.0708728
0.0723197
0.0737858
0.0753069
0.0768323
0.0784175
0.0800036
0.0816444
0.0832956
0.0849807
0.0867098
0.0884501
0.0902465
0.0920525
0.0938946
0.0957797
0.0976637
0.0996207
0.101577
0.103586
0.105607
0.107636
0.109603
0.111317
0.0133785
0.0138533
0.0138204
0.0140064
0.0149799
0.0163263
0.0170803
0.0168835
0.0162631
0.0162022
0.0170225
0.0177531
0.0176291
0.0172781
0.0175573
0.018352
0.0190784
0.019491
0.0197507
0.0201288
0.0207377
0.021457
0.0220312
0.0223912
0.0228333
0.0235468
0.0242501
0.0247322
0.025202
0.0258547
0.026579
0.02723
0.02784
0.0284716
0.0291207
0.0298049
0.030541
0.0312749
0.031952
0.0326123
0.0333598
0.0341932
0.0349831
0.0356772
0.0364104
0.0372705
0.0381526
0.0389413
0.0396995
0.0405619
0.0414917
0.0423715
0.0432188
0.0441497
0.04513
0.0460836
0.0470353
0.0480446
0.049078
0.0501008
0.0511368
0.0521982
0.0532853
0.0543947
0.055533
0.0566847
0.0578603
0.0590454
0.0602703
0.0614999
0.0627588
0.0640406
0.0653631
0.0666947
0.0680618
0.0694534
0.070877
0.0723234
0.0737896
0.0753106
0.076836
0.078421
0.0800062
0.0816464
0.0832973
0.0849828
0.086712
0.0884519
0.0902475
0.0920532
0.0938958
0.0957815
0.0976649
0.0996237
0.10158
0.10359
0.105614
0.107645
0.109617
0.111332
0.0133442
0.0140456
0.0141648
0.0142703
0.0150441
0.016339
0.0172509
0.0172316
0.0166195
0.0163512
0.0170186
0.0178944
0.0179637
0.017527
0.017596
0.0183778
0.0192291
0.019663
0.0198352
0.0201813
0.020831
0.0215392
0.0220808
0.0224774
0.0229275
0.0235846
0.0242892
0.0248115
0.0252606
0.0258722
0.026602
0.0272743
0.0278789
0.0284958
0.0291429
0.0298262
0.030558
0.0312942
0.0319742
0.0326283
0.0333682
0.0342036
0.0349989
0.0356897
0.0364142
0.0372739
0.0381634
0.0389535
0.0397044
0.0405648
0.0415012
0.0423834
0.0432253
0.044155
0.0451383
0.0460908
0.0470387
0.0480472
0.0490815
0.050104
0.0511397
0.0522027
0.0532907
0.0543989
0.0555365
0.056688
0.0578626
0.0590482
0.0602745
0.0615036
0.0627627
0.0640451
0.0653677
0.0666986
0.0680657
0.0694578
0.0708812
0.0723272
0.0737935
0.0753145
0.0768397
0.0784246
0.0800089
0.0816485
0.0832992
0.084985
0.0867142
0.0884537
0.0902486
0.0920541
0.0938971
0.0957835
0.0976663
0.0996267
0.101584
0.103594
0.105621
0.107654
0.10963
0.111347
0.0132871
0.0141696
0.014483
0.0145802
0.0151649
0.0163443
0.0173628
0.0175374
0.0170032
0.0165784
0.0170259
0.0179528
0.0182581
0.0178445
0.0176944
0.0183645
0.0193264
0.0198626
0.0199714
0.0202194
0.0208917
0.0216467
0.0221513
0.0225375
0.0230202
0.0236459
0.0243229
0.0248817
0.025332
0.0258978
0.0266193
0.0273162
0.0279236
0.0285236
0.0291644
0.0298492
0.0305769
0.0313121
0.0319969
0.0326475
0.0333775
0.034213
0.0350155
0.0357041
0.0364189
0.0372766
0.0381743
0.0389671
0.0397104
0.0405674
0.0415106
0.0423957
0.0432321
0.0441602
0.0451468
0.0460984
0.0470424
0.0480499
0.0490854
0.0501076
0.0511429
0.0522073
0.0532961
0.0544031
0.0555403
0.0566917
0.057865
0.0590511
0.0602789
0.0615074
0.0627666
0.0640497
0.0653724
0.0667026
0.0680697
0.0694623
0.0708857
0.0723312
0.0737975
0.0753185
0.0768435
0.0784282
0.0800117
0.0816507
0.0833012
0.0849872
0.0867164
0.0884556
0.0902498
0.0920552
0.0938984
0.0957855
0.0976679
0.0996299
0.101588
0.103599
0.10563
0.107664
0.109644
0.111362
0.013238
0.0142422
0.0147537
0.0149118
0.015346
0.0163661
0.0174277
0.0177883
0.0173848
0.0168759
0.0170827
0.0179538
0.0184779
0.0181917
0.0178765
0.0183529
0.0193544
0.0200498
0.0201691
0.0202797
0.0209075
0.0217483
0.0222626
0.022591
0.0230906
0.0237264
0.024365
0.0249387
0.0254101
0.0259359
0.0266332
0.0273534
0.0279722
0.0285563
0.029186
0.0298726
0.0305987
0.0313298
0.0320182
0.0326694
0.033389
0.0342215
0.0350322
0.0357206
0.0364247
0.0372789
0.0381849
0.038982
0.0397177
0.0405698
0.0415197
0.0424085
0.0432393
0.0441653
0.0451554
0.0461064
0.0470463
0.0480528
0.0490896
0.0501116
0.0511464
0.052212
0.0533015
0.0544073
0.0555441
0.0566957
0.0578678
0.0590542
0.0602834
0.0615114
0.0627706
0.0640544
0.0653773
0.0667068
0.0680739
0.069467
0.0708903
0.0723352
0.0738018
0.0753227
0.0768475
0.078432
0.0800146
0.081653
0.0833033
0.0849896
0.0867187
0.0884576
0.0902509
0.0920565
0.0938998
0.0957876
0.0976697
0.0996331
0.101592
0.103604
0.105638
0.107674
0.109658
0.111378
0.0132121
0.0142905
0.0149721
0.0152382
0.0155796
0.0164238
0.0174626
0.0179798
0.0177396
0.0172201
0.017212
0.0179369
0.0186107
0.0185247
0.0181373
0.0183849
0.0193305
0.0201843
0.0204045
0.0203981
0.0208989
0.0218091
0.0224067
0.0226686
0.0231318
0.0238068
0.0244275
0.0249868
0.0254863
0.0259887
0.0266474
0.0273845
0.0280237
0.0285941
0.0292086
0.0298957
0.0306229
0.0313489
0.0320379
0.0326925
0.0334036
0.0342296
0.0350483
0.0357392
0.0364323
0.0372808
0.038195
0.038998
0.0397264
0.0405721
0.0415282
0.0424219
0.043247
0.0441702
0.0451642
0.0461152
0.0470503
0.0480557
0.0490943
0.0501161
0.0511501
0.0522168
0.053307
0.0544115
0.055548
0.0567
0.0578707
0.0590573
0.0602882
0.0615155
0.0627747
0.0640592
0.0653824
0.0667111
0.0680782
0.069472
0.070895
0.0723393
0.0738061
0.075327
0.0768515
0.0784359
0.0800175
0.0816555
0.0833055
0.0849922
0.0867209
0.0884597
0.0902521
0.092058
0.0939014
0.0957897
0.0976717
0.0996363
0.101597
0.103609
0.105647
0.107685
0.109672
0.111394
0.0132062
0.0143325
0.0151481
0.0155395
0.0158485
0.0165297
0.0174901
0.0181163
0.0180499
0.0175822
0.0174151
0.0179424
0.0186694
0.018805
0.0184488
0.0184891
0.0192922
0.0202457
0.0206353
0.0205893
0.0209062
0.0218112
0.0225494
0.022795
0.0231626
0.0238644
0.0245099
0.0250386
0.025553
0.0260541
0.0266672
0.0274075
0.028077
0.0286383
0.0292318
0.0299183
0.0306492
0.0313701
0.0320568
0.0327153
0.0334211
0.034239
0.0350633
0.0357592
0.036442
0.0372825
0.0382047
0.0390151
0.0397366
0.0405746
0.0415361
0.0424358
0.0432555
0.0441746
0.045173
0.0461248
0.0470547
0.0480586
0.0490993
0.0501212
0.051154
0.0522217
0.0533127
0.0544157
0.0555519
0.0567046
0.0578741
0.0590607
0.060293
0.0615198
0.0627789
0.0640641
0.0653876
0.0667156
0.0680826
0.0694771
0.0708999
0.0723436
0.0738106
0.0753314
0.0768557
0.0784399
0.0800206
0.0816581
0.0833078
0.084995
0.0867233
0.0884619
0.0902534
0.0920597
0.0939032
0.0957918
0.0976741
0.0996397
0.101602
0.103614
0.105655
0.107696
0.109686
0.11141
0.0132141
0.0143712
0.0152956
0.0158089
0.0161336
0.0166846
0.0175327
0.0182115
0.018306
0.0179353
0.0176761
0.0179999
0.0186852
0.0190106
0.0187731
0.0186705
0.0192796
0.0202459
0.0208192
0.0208321
0.0209704
0.0217715
0.0226503
0.0229667
0.0232158
0.0238884
0.0245954
0.0251077
0.0256103
0.0261255
0.0266984
0.0274213
0.0281278
0.0286916
0.0292563
0.0299387
0.0306783
0.0313944
0.0320755
0.032737
0.0334401
0.0342504
0.0350781
0.0357798
0.0364538
0.0372844
0.0382135
0.0390331
0.0397484
0.0405773
0.0415435
0.0424502
0.0432648
0.0441788
0.0451814
0.0461351
0.0470596
0.0480613
0.0491046
0.0501268
0.0511582
0.0522265
0.0533185
0.05442
0.0555559
0.0567093
0.0578777
0.0590643
0.060298
0.0615241
0.0627832
0.0640692
0.0653932
0.0667203
0.0680871
0.0694823
0.0709049
0.072348
0.0738152
0.0753361
0.0768599
0.078444
0.0800237
0.0816608
0.0833101
0.0849979
0.0867256
0.0884641
0.0902548
0.0920615
0.0939052
0.0957939
0.0976769
0.0996431
0.101608
0.103619
0.105664
0.107708
0.1097
0.111426
0.0132399
0.0144065
0.015425
0.0160496
0.016419
0.016879
0.0176033
0.0182833
0.0185083
0.0182586
0.0179704
0.0181208
0.0186948
0.0191408
0.0190712
0.0189113
0.0193222
0.0202188
0.0209337
0.0210843
0.0211126
0.0217318
0.0226836
0.0231497
0.0233205
0.0238935
0.0246601
0.0251973
0.0256674
0.0261943
0.0267455
0.0274306
0.0281692
0.0287553
0.0292858
0.0299533
0.0307086
0.031424
0.032095
0.0327576
0.0334596
0.0342637
0.0350938
0.0358008
0.0364673
0.0372871
0.0382215
0.0390518
0.0397619
0.0405799
0.0415502
0.0424652
0.0432752
0.0441829
0.0451893
0.0461461
0.0470654
0.048064
0.0491097
0.050133
0.0511629
0.0522313
0.0533243
0.0544246
0.0555601
0.0567143
0.0578814
0.059068
0.0603032
0.0615286
0.0627875
0.0640742
0.0653989
0.0667251
0.0680918
0.0694877
0.0709101
0.0723524
0.0738199
0.0753408
0.0768642
0.0784483
0.0800269
0.0816637
0.0833126
0.085001
0.086728
0.0884664
0.0902563
0.0920633
0.0939076
0.0957959
0.09768
0.0996468
0.101613
0.103626
0.105673
0.10772
0.109714
0.111442
0.0132918
0.0144421
0.0155389
0.0162659
0.0166951
0.0171009
0.0177063
0.0183485
0.0186653
0.0185409
0.0182726
0.0182987
0.0187313
0.0192157
0.0193143
0.0191808
0.0194287
0.0201995
0.0209859
0.0213046
0.0213195
0.0217363
0.0226582
0.0233013
0.0234804
0.0239118
0.0246892
0.0252944
0.025737
0.0262549
0.0268054
0.0274445
0.0281953
0.0288258
0.0293285
0.0299611
0.0307347
0.031461
0.0321174
0.032776
0.0334787
0.0342781
0.0351111
0.0358232
0.0364818
0.0372902
0.0382289
0.0390711
0.0397777
0.0405827
0.0415556
0.0424809
0.0432869
0.0441867
0.0451967
0.0461575
0.0470719
0.0480671
0.049115
0.0501396
0.0511681
0.0522363
0.0533301
0.0544291
0.0555645
0.0567196
0.0578855
0.0590719
0.0603085
0.0615332
0.0627919
0.0640795
0.0654049
0.06673
0.0680964
0.0694933
0.0709155
0.0723571
0.0738248
0.0753457
0.0768685
0.0784526
0.0800301
0.0816667
0.0833151
0.0850043
0.0867305
0.0884687
0.0902581
0.0920653
0.0939102
0.0957979
0.0976834
0.0996507
0.101619
0.103632
0.105683
0.107733
0.109728
0.111458
0.0133699
0.0144834
0.0156359
0.0164582
0.0169572
0.0173419
0.0178431
0.0184201
0.0187882
0.0187784
0.0185619
0.0185151
0.0188133
0.0192667
0.0194942
0.0194455
0.0195888
0.0202137
0.0210009
0.0214682
0.0215542
0.0218126
0.022612
0.0233897
0.0236671
0.0239741
0.0246914
0.0253776
0.0258261
0.0263119
0.0268694
0.0274713
0.0282057
0.0288914
0.0293912
0.029969
0.0307493
0.031504
0.0321478
0.0327922
0.0334958
0.034293
0.0351295
0.035848
0.0364976
0.0372932
0.0382358
0.0390909
0.0397956
0.0405859
0.0415595
0.0424973
0.0433004
0.0441902
0.0452033
0.0461694
0.0470791
0.0480703
0.0491204
0.0501464
0.0511736
0.0522414
0.0533359
0.0544337
0.0555691
0.0567251
0.0578897
0.0590759
0.0603142
0.0615382
0.0627962
0.0640846
0.0654111
0.0667352
0.0681012
0.069499
0.0709208
0.0723618
0.0738299
0.0753509
0.076873
0.0784573
0.0800334
0.0816699
0.0833178
0.0850078
0.0867332
0.088471
0.0902602
0.0920672
0.0939131
0.0957999
0.0976871
0.0996549
0.101625
0.103639
0.105692
0.107746
0.109743
0.111475
0.0134688
0.0145368
0.0157188
0.0166257
0.0171999
0.0175925
0.0180116
0.0185074
0.0188877
0.0189726
0.0188261
0.0187479
0.0189411
0.0193242
0.0196229
0.0196796
0.0197813
0.0202709
0.021006
0.0215744
0.0217777
0.0219574
0.0225889
0.0234143
0.0238405
0.0240907
0.024693
0.0254295
0.0259269
0.0263766
0.0269306
0.0275146
0.0282098
0.0289392
0.0294706
0.0299892
0.0307481
0.0315444
0.0321917
0.0328106
0.0335084
0.0343076
0.035149
0.0358754
0.0365159
0.0372953
0.0382414
0.0391119
0.0398161
0.0405895
0.0415614
0.0425138
0.0433164
0.0441939
0.0452087
0.0461818
0.0470871
0.0480738
0.049126
0.0501536
0.0511793
0.0522466
0.053342
0.0544384
0.0555738
0.056731
0.0578943
0.0590797
0.0603198
0.0615435
0.0628009
0.0640899
0.0654176
0.0667405
0.0681061
0.069505
0.0709265
0.0723667
0.0738349
0.0753561
0.0768773
0.0784621
0.0800369
0.0816733
0.0833206
0.0850113
0.086736
0.0884731
0.0902626
0.0920692
0.0939163
0.0958021
0.0976909
0.0996596
0.10163
0.103647
0.105702
0.107758
0.109758
0.111491
0.0135856
0.0146076
0.015796
0.0167704
0.017418
0.0178401
0.0182055
0.0186169
0.0189761
0.0191274
0.0190586
0.0189792
0.0191007
0.0194065
0.0197227
0.0198737
0.0199838
0.020369
0.0210225
0.0216381
0.0219627
0.0221414
0.0226195
0.0234033
0.0239681
0.0242443
0.0247234
0.0254517
0.0260217
0.0264555
0.0269876
0.0275692
0.0282207
0.0289645
0.0295541
0.0300336
0.030738
0.0315694
0.032247
0.032839
0.0335156
0.0343186
0.0351699
0.0359057
0.0365381
0.0372969
0.0382437
0.0391341
0.0398402
0.0405935
0.041561
0.0425301
0.0433349
0.0441982
0.0452127
0.0461943
0.0470962
0.0480773
0.0491317
0.0501616
0.0511853
0.0522517
0.0533483
0.0544432
0.0555785
0.0567372
0.0578993
0.0590837
0.0603253
0.0615489
0.0628055
0.0640951
0.0654244
0.0667461
0.0681109
0.0695111
0.0709321
0.0723718
0.0738401
0.0753617
0.0768817
0.0784669
0.0800402
0.0816766
0.0833237
0.085015
0.0867391
0.0884752
0.0902655
0.0920714
0.0939196
0.0958045
0.0976948
0.0996647
0.101636
0.103655
0.105712
0.107771
0.109773
0.111507
0.0137196
0.0146973
0.0158761
0.0168982
0.0176115
0.0180739
0.0184154
0.0187526
0.0190675
0.0192508
0.0192548
0.0191969
0.0192737
0.019515
0.0198139
0.0200308
0.0201783
0.0204979
0.0210642
0.0216804
0.0221027
0.0223318
0.0227066
0.023393
0.0240397
0.0244017
0.0247966
0.0254631
0.0260961
0.0265471
0.0270465
0.027627
0.0282458
0.0289733
0.0296254
0.0301044
0.0307351
0.031572
0.0323028
0.0328852
0.0335229
0.0343207
0.0351901
0.0359399
0.0365647
0.0372995
0.0382417
0.039156
0.0398694
0.0405986
0.0415574
0.0425458
0.043356
0.0442036
0.0452154
0.0462065
0.0471064
0.048081
0.0491372
0.0501702
0.0511917
0.0522564
0.0533548
0.0544485
0.0555832
0.0567435
0.0579048
0.0590877
0.0603309
0.0615547
0.0628103
0.0641003
0.0654311
0.0667517
0.0681158
0.0695175
0.0709379
0.0723771
0.0738453
0.0753673
0.0768864
0.0784722
0.080044
0.0816801
0.0833269
0.0850184
0.0867424
0.088477
0.0902685
0.0920736
0.093923
0.0958073
0.0976988
0.0996703
0.101642
0.103663
0.105722
0.107784
0.109788
0.111524
0.0138706
0.0148036
0.0159625
0.0170141
0.0177834
0.0182878
0.0186281
0.0189121
0.0191735
0.0193564
0.019415
0.0193943
0.0194471
0.0196401
0.019908
0.0201585
0.0203518
0.0206415
0.0211341
0.0217202
0.022206
0.0225066
0.0228344
0.0234135
0.0240728
0.0245325
0.0249036
0.0254838
0.0261446
0.0266398
0.0271134
0.0276845
0.0282856
0.0289785
0.0296741
0.0301895
0.0307553
0.0315575
0.0323433
0.0329488
0.0335422
0.0343128
0.0352038
0.0359791
0.0365972
0.0373032
0.0382352
0.0391756
0.0399042
0.0406068
0.0415499
0.0425597
0.0433801
0.0442107
0.0452168
0.0462183
0.0471179
0.0480851
0.0491422
0.0501794
0.0511989
0.0522608
0.053361
0.0544542
0.0555881
0.0567499
0.0579108
0.0590918
0.0603362
0.0615608
0.0628155
0.0641058
0.0654383
0.0667575
0.0681205
0.0695239
0.0709437
0.0723826
0.0738505
0.075373
0.0768908
0.0784771
0.0800478
0.0816835
0.0833309
0.0850221
0.086746
0.0884789
0.0902718
0.0920762
0.0939263
0.0958105
0.0977028
0.0996763
0.101648
0.103671
0.105733
0.107797
0.109803
0.11154
0.0140387
0.014927
0.0160575
0.0171218
0.017936
0.0184802
0.0188312
0.0190838
0.0192968
0.0194579
0.0195443
0.019565
0.0196133
0.0197725
0.0200106
0.0202697
0.0205021
0.0207852
0.021225
0.0217685
0.0222823
0.0226538
0.0229788
0.0234745
0.0240966
0.0246263
0.0250253
0.0255297
0.0261759
0.0267213
0.0271878
0.0277406
0.0283339
0.0289901
0.0297017
0.0302725
0.0308049
0.0315439
0.0323577
0.0330153
0.0335839
0.0343025
0.0352027
0.0360208
0.0366398
0.037309
0.0382235
0.0391914
0.0399438
0.0406205
0.0415392
0.0425702
0.043407
0.0442197
0.0452166
0.0462295
0.0471306
0.0480896
0.0491466
0.0501891
0.0512072
0.052265
0.0533669
0.05446
0.0555931
0.0567564
0.0579173
0.059096
0.0603414
0.0615671
0.0628205
0.0641114
0.0654456
0.0667637
0.0681254
0.0695308
0.0709496
0.0723882
0.0738559
0.0753788
0.0768957
0.0784822
0.0800518
0.0816866
0.0833346
0.0850255
0.0867497
0.0884809
0.0902753
0.0920792
0.0939295
0.0958143
0.0977069
0.0996825
0.101654
0.10368
0.105744
0.10781
0.109818
0.111556
0.0142199
0.0150689
0.0161644
0.0172254
0.018072
0.018652
0.0190186
0.0192554
0.019432
0.0195641
0.0196533
0.0197052
0.0197639
0.0199028
0.0201183
0.0203743
0.0206331
0.0209221
0.0213281
0.0218324
0.0223458
0.0227716
0.0231199
0.0235637
0.0241324
0.0246891
0.0251389
0.0256024
0.0262051
0.026788
0.027267
0.027799
0.0283857
0.0290113
0.0297156
0.0303392
0.0308738
0.0315483
0.0323521
0.0330672
0.0336482
0.0343055
0.0351834
0.0360546
0.0366962
0.0373213
0.0382052
0.0392014
0.039987
0.0406411
0.0415266
0.0425755
0.0434363
0.0442319
0.0452151
0.0462398
0.0471449
0.0480946
0.0491501
0.0501988
0.0512165
0.0522694
0.0533724
0.0544662
0.0555984
0.0567632
0.0579241
0.0591001
0.0603462
0.0615739
0.0628257
0.0641172
0.0654529
0.0667696
0.06813
0.0695377
0.0709559
0.0723943
0.0738616
0.0753847
0.0769009
0.0784872
0.0800564
0.0816902
0.0833392
0.085029
0.0867533
0.0884829
0.0902786
0.0920824
0.0939324
0.0958183
0.0977113
0.0996889
0.10166
0.103689
0.105756
0.107822
0.109832
0.111572
0.0144073
0.0152266
0.0162853
0.0173286
0.0181927
0.0188031
0.0191874
0.0194178
0.0195694
0.0196763
0.0197541
0.0198204
0.0198937
0.0200242
0.0202234
0.0204725
0.0207467
0.0210467
0.0214334
0.0219092
0.0224097
0.0228671
0.0232492
0.0236675
0.0241886
0.0247383
0.0252305
0.0256895
0.0262411
0.026839
0.027345
0.0278617
0.0284407
0.0290442
0.0297274
0.0303877
0.0309463
0.0315754
0.0323422
0.0330919
0.0337181
0.0343357
0.0351558
0.0360676
0.0367631
0.0373487
0.0381805
0.0392022
0.0400334
0.0406704
0.041514
0.0425747
0.0434663
0.0442478
0.0452122
0.0462488
0.0471612
0.0481006
0.0491526
0.0502085
0.0512268
0.052274
0.0533776
0.0544723
0.0556035
0.0567704
0.0579316
0.0591043
0.0603509
0.0615811
0.0628308
0.0641228
0.0654606
0.0667759
0.0681346
0.0695443
0.0709619
0.0723999
0.0738672
0.0753903
0.0769063
0.0784919
0.0800608
0.0816934
0.0833438
0.085033
0.0867573
0.0884857
0.0902823
0.0920863
0.0939355
0.0958227
0.0977159
0.0996952
0.101667
0.103697
0.105768
0.107835
0.109847
0.111588
0.0145954
0.0153957
0.016421
0.0174361
0.0183001
0.0189319
0.0193333
0.0195632
0.0196974
0.0197856
0.0198493
0.0199174
0.0200022
0.0201337
0.0203244
0.0205662
0.020848
0.0211588
0.0215345
0.02199
0.0224769
0.0229472
0.0233611
0.0237733
0.0242597
0.0247896
0.0253023
0.0257782
0.0262901
0.0268787
0.0274148
0.0279259
0.0284951
0.029086
0.0297439
0.0304237
0.0310147
0.031621
0.0323448
0.0330977
0.0337739
0.0343911
0.0351389
0.0360521
0.0368253
0.0373995
0.0381555
0.0391863
0.04008
0.0407104
0.0415028
0.0425673
0.0434959
0.0442681
0.0452085
0.0462557
0.0471792
0.048108
0.0491536
0.0502176
0.0512379
0.0522793
0.053383
0.0544786
0.0556081
0.0567775
0.0579395
0.0591081
0.0603552
0.061589
0.0628365
0.0641288
0.0654684
0.0667825
0.0681397
0.0695514
0.0709687
0.0724061
0.0738731
0.0753958
0.0769119
0.0784967
0.0800655
0.0816971
0.0833482
0.0850365
0.0867604
0.0884883
0.0902856
0.0920904
0.0939386
0.0958275
0.0977211
0.0997017
0.101674
0.103706
0.10578
0.107848
0.109861
0.111604
0.0147805
0.0155704
0.0165685
0.0175523
0.0183996
0.0190393
0.0194533
0.019686
0.0198073
0.0198805
0.0199323
0.0199959
0.0200882
0.0202259
0.0204177
0.0206561
0.0209412
0.0212621
0.0216329
0.0220726
0.0225472
0.02302
0.0234562
0.0238729
0.0243357
0.0248457
0.0253608
0.0258558
0.0263498
0.0269152
0.0274742
0.0279908
0.0285482
0.0291327
0.0297666
0.030449
0.031072
0.0316732
0.0323629
0.0331012
0.0338094
0.0344558
0.035152
0.0360217
0.036865
0.0374744
0.0381457
0.0391504
0.0401189
0.0407645
0.0414961
0.0425512
0.0435229
0.044293
0.0452047
0.0462596
0.0471988
0.0481174
0.0491531
0.0502253
0.0512494
0.052285
0.0533886
0.0544851
0.0556122
0.056785
0.0579486
0.059112
0.0603587
0.0615971
0.0628419
0.0641338
0.0654759
0.0667887
0.0681447
0.0695576
0.0709751
0.0724122
0.0738792
0.0754015
0.0769178
0.0785012
0.0800702
0.081701
0.0833531
0.0850408
0.0867641
0.0884916
0.090289
0.0920943
0.0939413
0.0958318
0.0977262
0.0997075
0.101681
0.103714
0.105791
0.10786
0.109874
0.111619
0.0149623
0.0157446
0.0167203
0.0176743
0.0184949
0.0191268
0.0195449
0.0197799
0.0198922
0.0199518
0.0199957
0.0200541
0.0201508
0.0202962
0.0204957
0.0207393
0.0210282
0.0213585
0.0217287
0.0221563
0.0226199
0.0230907
0.0235407
0.0239659
0.0244147
0.0249066
0.0254139
0.025918
0.0264106
0.0269532
0.0275215
0.0280525
0.0286007
0.0291821
0.0297989
0.0304698
0.0311167
0.0317255
0.0323896
0.0331087
0.0338283
0.0345076
0.0351896
0.0359969
0.0368703
0.0375559
0.0381679
0.0391005
0.0401386
0.0408349
0.0415024
0.0425269
0.043546
0.0443242
0.0452026
0.0462605
0.0472199
0.0481307
0.0491523
0.0502317
0.0512618
0.0522916
0.0533947
0.0544921
0.0556153
0.0567917
0.0579586
0.059116
0.060362
0.0616052
0.0628487
0.0641401
0.0654837
0.066796
0.0681511
0.0695644
0.070982
0.0724186
0.0738854
0.0754073
0.0769241
0.0785061
0.0800751
0.0817056
0.0833576
0.0850448
0.0867674
0.0884955
0.0902932
0.0920992
0.0939453
0.0958374
0.0977326
0.0997143
0.101689
0.103724
0.105803
0.107873
0.109888
0.111634
0.0151479
0.0159175
0.0168697
0.0177933
0.0185815
0.0191915
0.0196017
0.0198337
0.0199406
0.0199888
0.0200277
0.0200854
0.0201868
0.0203427
0.020554
0.0208125
0.0211104
0.0214499
0.0218221
0.0222391
0.0226918
0.0231572
0.0236151
0.0240504
0.0244942
0.0249721
0.0254667
0.0259707
0.0264688
0.026997
0.027562
0.0281077
0.0286535
0.0292314
0.0298377
0.0304909
0.0311503
0.0317759
0.0324239
0.033124
0.0338443
0.0345422
0.035236
0.0359928
0.0368474
0.0376169
0.0382235
0.0390493
0.0401203
0.0409099
0.0415268
0.0424916
0.0435575
0.0443595
0.045202
0.0462556
0.0472395
0.0481469
0.0491498
0.0502342
0.0512736
0.0522982
0.0534009
0.0545
0.0556181
0.0567976
0.0579692
0.0591202
0.0603639
0.0616138
0.0628552
0.0641441
0.0654901
0.066802
0.0681568
0.0695696
0.0709879
0.0724249
0.0738913
0.0754127
0.0769295
0.0785099
0.0800791
0.0817102
0.0833621
0.0850486
0.0867703
0.0884985
0.0902961
0.0921024
0.0939479
0.0958414
0.097738
0.0997197
0.101696
0.103733
0.105814
0.107885
0.1099
0.111648
0.0153532
0.0160964
0.0170152
0.0179002
0.0186474
0.0192199
0.0196066
0.0198272
0.0199298
0.0199735
0.020012
0.0200773
0.0201898
0.0203629
0.0205927
0.0208733
0.0211884
0.0215387
0.0219162
0.0223224
0.0227625
0.0232186
0.0236781
0.0241236
0.0245686
0.0250373
0.0255177
0.0260163
0.0265212
0.0270446
0.0276022
0.0281582
0.0287098
0.0292845
0.0298833
0.0305187
0.0311769
0.0318209
0.0324642
0.0331468
0.0338648
0.0345682
0.0352804
0.0360189
0.0368259
0.0376501
0.0383101
0.0390328
0.0400718
0.0409804
0.041586
0.0424583
0.0435561
0.0444025
0.0452096
0.0462477
0.0472592
0.0481696
0.0491504
0.0502351
0.0512859
0.0523073
0.0534073
0.0545085
0.0556208
0.0568019
0.0579808
0.0591257
0.060366
0.0616214
0.0628637
0.0641506
0.0654971
0.0668101
0.0681648
0.0695761
0.0709945
0.0724322
0.0738983
0.0754195
0.0769363
0.0785151
0.0800845
0.0817161
0.083367
0.0850531
0.0867745
0.0885039
0.0903015
0.0921077
0.0939528
0.0958473
0.0977451
0.0997265
0.101704
0.103742
0.105825
0.107897
0.109914
0.111663
0.0156179
0.0163216
0.017184
0.0180036
0.0186854
0.0191977
0.0195391
0.0197342
0.019828
0.0198748
0.0199221
0.0200059
0.0201406
0.0203413
0.0206012
0.0209105
0.0212493
0.021611
0.0219945
0.0223929
0.0228194
0.0232656
0.0237219
0.0241768
0.0246262
0.0250912
0.0255606
0.0260516
0.0265618
0.0270838
0.0276352
0.0281957
0.0287558
0.0293313
0.0299235
0.0305468
0.031196
0.0318519
0.0325024
0.0331694
0.0338816
0.0345855
0.0353034
0.0360485
0.0368131
0.0376409
0.0383834
0.039052
0.0399971
0.0410085
0.0416692
0.0424348
0.0435284
0.0444428
0.0452248
0.0462319
0.0472724
0.0481943
0.0491506
0.0502314
0.0512951
0.0523153
0.0534142
0.0545182
0.0556236
0.0568045
0.0579913
0.059132
0.0603662
0.061629
0.062872
0.0641551
0.0655017
0.0668167
0.0681721
0.069581
0.0709999
0.072439
0.073904
0.075425
0.0769409
0.0785182
0.0800884
0.0817213
0.0833709
0.085056
0.0867769
0.0885065
0.0903043
0.0921105
0.093956
0.0958519
0.0977509
0.0997321
0.101711
0.103751
0.105836
0.107909
0.109925
0.111675
0.015988
0.0166622
0.0174579
0.0181853
0.0187709
0.0191953
0.0194649
0.0196152
0.0196944
0.0197545
0.0198295
0.0199471
0.0201186
0.0203517
0.0206402
0.0209687
0.0213213
0.0216857
0.0220674
0.0224602
0.0228725
0.0233088
0.0237578
0.0242191
0.0246752
0.0251411
0.0256099
0.0260946
0.0266072
0.0271282
0.0276754
0.0282379
0.0288029
0.0293807
0.0299664
0.0305802
0.0312208
0.0318783
0.0325414
0.0332033
0.0339053
0.0346139
0.0353268
0.0360796
0.0368336
0.0376281
0.0384331
0.0391162
0.0399437
0.0409926
0.0417629
0.0424477
0.0434833
0.0444742
0.045258
0.0462158
0.04728
0.0482251
0.0491572
0.0502278
0.0513033
0.0523234
0.0534224
0.0545291
0.0556269
0.0568053
0.0580022
0.059141
0.0603751
0.0616362
0.0628813
0.0641616
0.0655065
0.0668246
0.0681804
0.069586
0.0710053
0.0724465
0.0739109
0.0754323
0.0769476
0.0785228
0.0800941
0.0817278
0.0833758
0.0850602
0.086782
0.0885124
0.0903097
0.0921151
0.0939605
0.0958574
0.0977572
0.0997383
0.101718
0.10376
0.105846
0.10792
0.109937
0.111688
0.0160378
0.0165669
0.017209
0.0178011
0.0182929
0.0186757
0.0189535
0.0191597
0.0193327
0.0195036
0.0196854
0.0198902
0.0201273
0.0204003
0.0207095
0.021043
0.0213925
0.0217508
0.0221221
0.02251
0.0229107
0.0233363
0.023777
0.0242387
0.0247018
0.0251704
0.0256483
0.0261328
0.0266423
0.0271617
0.0277059
0.0282725
0.0288407
0.0294218
0.0300053
0.0306114
0.031246
0.0318977
0.0325668
0.0332334
0.0339229
0.0346349
0.0353442
0.0360895
0.0368568
0.0376237
0.038445
0.039187
0.0399319
0.0409423
0.041834
0.0425013
0.0434373
0.0444815
0.0453039
0.046204
0.047274
0.0482547
0.0491677
0.0502214
0.0513075
0.0523304
0.0534291
0.0545415
0.055632
0.0568031
0.0580098
0.0591505
0.060375
0.0616402
0.0628903
0.0641675
0.0655107
0.066834
0.0681899
0.069591
0.0710117
0.0724549
0.0739171
0.0754382
0.0769524
0.0785258
0.0800989
0.0817342
0.0833799
0.0850627
0.0867849
0.0885158
0.0903133
0.0921187
0.0939653
0.0958635
0.0977639
0.0997448
0.101725
0.103769
0.105856
0.10793
0.109948
0.111699
0.0179944
0.0178534
0.0176199
0.0174681
0.0174558
0.0175935
0.0178677
0.0182407
0.0186563
0.0190715
0.0194616
0.0198215
0.020157
0.0204792
0.0208009
0.0211262
0.021459
0.0218045
0.0221646
0.0225474
0.0229425
0.0233583
0.0237931
0.0242507
0.024719
0.0251912
0.0256803
0.0261723
0.0266763
0.0271953
0.027735
0.0283031
0.0288724
0.0294529
0.0300387
0.0306384
0.0312698
0.0319168
0.0325859
0.0332636
0.033947
0.0346558
0.0353668
0.0360965
0.0368735
0.0376353
0.0384383
0.0392315
0.0399533
0.0408794
0.0418507
0.0425718
0.0434064
0.0444578
0.0453489
0.0462066
0.0472567
0.048279
0.0491876
0.0502166
0.0513096
0.0523379
0.0534332
0.0545533
0.0556409
0.0568005
0.0580154
0.0591635
0.0603781
0.0616436
0.0629004
0.064172
0.0655114
0.0668419
0.0681973
0.0695915
0.0710151
0.0724623
0.0739231
0.0754438
0.0769575
0.0785289
0.0801039
0.0817398
0.0833834
0.0850658
0.0867895
0.0885212
0.0903174
0.092122
0.0939685
0.0958678
0.0977686
0.0997495
0.101731
0.103777
0.105865
0.10794
0.109958
0.111711
0.0175655
0.0172997
0.016968
0.0167567
0.0167278
0.0169005
0.0172492
0.0177168
0.0182352
0.0187534
0.0192414
0.0196871
0.0200914
0.0204623
0.0208146
0.0211566
0.021497
0.0218444
0.0222045
0.0225855
0.0229801
0.0233901
0.0238181
0.0242677
0.0247318
0.0252064
0.025698
0.0261976
0.0266996
0.0272225
0.0277641
0.0283303
0.0289053
0.0294846
0.0300763
0.0306717
0.0312972
0.0319416
0.0326038
0.0332911
0.0339726
0.034675
0.0353899
0.0361068
0.0368838
0.0376589
0.0384437
0.0392593
0.040008
0.0408575
0.041839
0.0426504
0.0434224
0.0444259
0.0453855
0.0462316
0.0472362
0.0482912
0.0492148
0.0502138
0.051308
0.0523465
0.0534341
0.0545635
0.055654
0.0567954
0.0580141
0.0591747
0.060381
0.0616449
0.0629115
0.06418
0.0655144
0.0668556
0.0682114
0.0695959
0.0710221
0.0724742
0.073932
0.0754501
0.0769625
0.0785336
0.0801111
0.0817473
0.0833878
0.085069
0.0867936
0.0885256
0.0903218
0.0921265
0.0939747
0.0958751
0.0977761
0.0997568
0.101739
0.103786
0.105874
0.107949
0.109968
0.111719
0.0185092
0.0182826
0.0179187
0.0176094
0.0174325
0.0174122
0.0175433
0.0178012
0.0181519
0.0185593
0.0189948
0.019431
0.0198594
0.0202736
0.0206785
0.0210733
0.0214596
0.0218408
0.0222213
0.0226131
0.0230131
0.0234254
0.0238476
0.0242896
0.0247445
0.0252153
0.0257002
0.026199
0.0267076
0.0272364
0.027784
0.0283427
0.0289203
0.0294998
0.0300936
0.0306928
0.0313102
0.0319581
0.0326157
0.0333059
0.0339923
0.0346845
0.0354036
0.0361137
0.0368806
0.0376699
0.0384457
0.0392579
0.0400416
0.0408513
0.0417903
0.0426789
0.0434564
0.0443885
0.0453881
0.0462662
0.0472176
0.0482847
0.0492461
0.0502157
0.0513028
0.0523577
0.0534313
0.0545703
0.0556729
0.0567907
0.0580113
0.0591903
0.060386
0.0616458
0.0629216
0.0641821
0.0655107
0.0668634
0.0682196
0.0695926
0.0710215
0.0724811
0.0739386
0.0754537
0.0769642
0.0785357
0.0801161
0.0817518
0.0833896
0.0850712
0.0867979
0.0885301
0.0903248
0.0921288
0.0939772
0.0958784
0.0977794
0.0997602
0.101744
0.103792
0.105881
0.107956
0.109976
0.111728
0.0163531
0.0166707
0.017087
0.0174593
0.0177411
0.0179362
0.0180854
0.0182309
0.0184124
0.0186486
0.0189503
0.0193084
0.0197122
0.0201414
0.0205776
0.0210105
0.0214297
0.0218401
0.0222402
0.0226451
0.0230535
0.0234707
0.0238903
0.0243218
0.0247658
0.0252242
0.0257007
0.0261963
0.0267182
0.0272578
0.0278098
0.0283658
0.0289389
0.0295237
0.030114
0.0307194
0.0313329
0.0319774
0.0326388
0.0333196
0.0340141
0.0346986
0.035415
0.0361328
0.036884
0.037685
0.0384626
0.0392624
0.0400757
0.0408807
0.0417715
0.0426867
0.0435107
0.0443894
0.0453725
0.0463057
0.0472194
0.0482615
0.0492767
0.0502261
0.0512901
0.0523727
0.053427
0.0545675
0.0556973
0.0567878
0.0580001
0.0592053
0.0603905
0.0616439
0.0629368
0.0641904
0.0655109
0.0668794
0.0682378
0.0695977
0.0710274
0.0724931
0.0739501
0.0754616
0.0769683
0.0785404
0.0801243
0.0817597
0.0833932
0.085074
0.0868023
0.0885347
0.0903292
0.0921334
0.0939837
0.095886
0.0977869
0.0997675
0.101751
0.1038
0.105889
0.107963
0.109983
0.111735
0.0185974
0.0182336
0.0177206
0.0172637
0.016969
0.0168675
0.0169603
0.0172162
0.0175966
0.0180556
0.0185564
0.019072
0.0195819
0.0200755
0.0205427
0.0209901
0.021416
0.0218318
0.0222373
0.0226447
0.0230565
0.0234737
0.0238949
0.0243199
0.0247587
0.0252116
0.0256852
0.0261848
0.0267166
0.0272681
0.0278189
0.0283747
0.0289421
0.0295286
0.0301192
0.0307249
0.0313461
0.0319841
0.0326525
0.0333278
0.0340216
0.0347113
0.035415
0.0361447
0.0368865
0.0376848
0.0384733
0.0392557
0.0400838
0.0408993
0.0417611
0.042669
0.0435306
0.0444058
0.0453479
0.0463211
0.0472412
0.0482329
0.049291
0.050249
0.0512725
0.0523839
0.0534323
0.054555
0.0557196
0.0567964
0.0579861
0.0592173
0.0604
0.0616368
0.0629457
0.0641973
0.0655023
0.0668827
0.0682481
0.0695956
0.0710249
0.0724973
0.0739553
0.0754658
0.0769699
0.078541
0.080128
0.0817644
0.0833953
0.0850757
0.0868058
0.0885384
0.0903318
0.0921354
0.0939855
0.0958884
0.0977894
0.0997697
0.101754
0.103804
0.105893
0.107968
0.109988
0.111741
0.0177715
0.017326
0.0167768
0.0163335
0.0160892
0.0160712
0.0162767
0.0166671
0.0171851
0.0177698
0.0183721
0.0189657
0.0195321
0.0200627
0.0205485
0.0209985
0.0214204
0.0218293
0.0222326
0.0226385
0.0230496
0.0234649
0.0238863
0.0243107
0.0247461
0.0251991
0.0256725
0.0261768
0.0267127
0.0272701
0.0278217
0.0283777
0.0289452
0.0295293
0.0301225
0.0307256
0.0313507
0.0319866
0.0326536
0.0333306
0.0340181
0.0347136
0.0354124
0.036143
0.0368902
0.0376823
0.0384804
0.0392597
0.0400873
0.0409149
0.0417687
0.042667
0.043537
0.044423
0.0453454
0.0463188
0.0472608
0.0482261
0.0492864
0.0502696
0.0512683
0.0523835
0.0534439
0.054546
0.0557252
0.0568116
0.0579786
0.059217
0.0604108
0.0616368
0.0629517
0.0642127
0.0655093
0.066891
0.068265
0.0696078
0.0710325
0.0725073
0.073965
0.0754742
0.0769766
0.0785465
0.0801336
0.0817708
0.0834002
0.0850788
0.0868094
0.0885423
0.0903367
0.0921404
0.0939917
0.0958954
0.0977966
0.099777
0.10176
0.103811
0.105898
0.107974
0.109993
0.111746
)
;

boundaryField
{
    ZeroGradientPlanes
    {
        type            zeroGradient;
    }
    inlet
    {
        type            zeroGradient;
    }
    plate
    {
        type            zeroGradient;
    }
    frontAndBack
    {
        type            empty;
    }
}


// ************************************************************************* //
