/*--------------------------------*- C++ -*----------------------------------*\
| =========                 |                                                 |
| \\      /  F ield         | OpenFOAM: The Open Source CFD Toolbox           |
|  \\    /   O peration     | Version:  2506                                  |
|   \\  /    A nd           | Website:  www.openfoam.com                      |
|    \\/     M anipulation  |                                                 |
\*---------------------------------------------------------------------------*/
FoamFile
{
    version     2.0;
    format      ascii;
    arch        "LSB;label=32;scalar=64";
    class       volScalarField;
    location    "9.8";
    object      p;
}
// * * * * * * * * * * * * * * * * * * * * * * * * * * * * * * * * * * * * * //

dimensions      [0 2 -2 0 0 0 0];

internalField   nonuniform List<scalar> 
9600
(
-1.29976e-10
0.00180164
0.00131886
0.00413534
0.00790012
0.00793245
0.00764772
0.0129744
0.0130658
0.0131285
0.0129971
0.0144993
0.0154967
0.0161369
0.0167271
0.0172589
0.0191844
0.0217183
0.0237383
0.0293129
2.211e-06
0.00176772
0.00133016
0.00431021
0.00786134
0.00788651
0.00765461
0.0129783
0.0130686
0.0131334
0.012992
0.0144971
0.0155058
0.0161383
0.0167215
0.017261
0.0191896
0.0216955
0.0237825
0.028733
3.31444e-07
0.00172728
0.00135148
0.004385
0.00779111
0.00783708
0.0076706
0.0129774
0.0130737
0.0131328
0.012985
0.0144973
0.0155162
0.0161392
0.0167151
0.0172686
0.0191906
0.0216714
0.0237627
0.0281786
-4.15704e-06
0.00169619
0.00138679
0.00444286
0.00771005
0.0078049
0.0076966
0.0129685
0.0130826
0.0131201
0.01298
0.0144958
0.0155214
0.0161456
0.0167073
0.0172776
0.0191891
0.0216397
0.0237264
0.0276468
-8.60301e-06
0.00168096
0.00143925
0.00447836
0.00762543
0.00779559
0.00773642
0.0129501
0.0130973
0.0130928
0.0129752
0.01449
0.0155245
0.0161551
0.0166984
0.0172864
0.0191883
0.0216022
0.023669
0.027135
-1.05625e-05
0.00168753
0.00150969
0.00448629
0.00754483
0.00781277
0.00779165
0.0129222
0.0131184
0.0130523
0.0129695
0.0144817
0.0155282
0.0161643
0.0166907
0.0172949
0.0191889
0.0215598
0.0235887
0.0266398
-7.57116e-06
0.00171817
0.00159365
0.00446868
0.0074799
0.00785483
0.00786009
0.0128871
0.0131457
0.0130029
0.0129639
0.0144731
0.0155331
0.0161728
0.0166852
0.0173025
0.0191895
0.0215122
0.0234851
0.0261623
2.10211e-06
0.00177034
0.00168378
0.00443398
0.00743857
0.00791435
0.00793634
0.0128477
0.0131783
0.0129505
0.0129595
0.0144651
0.0155398
0.0161805
0.0166809
0.0173087
0.0191876
0.0214591
0.0233589
0.0257026
1.89656e-05
0.00183946
0.00177357
0.00439345
0.00742073
0.00798208
0.00801347
0.0128057
0.0132151
0.0128998
0.0129566
0.0144581
0.0155481
0.0161869
0.0166764
0.017313
0.0191803
0.0214001
0.023212
0.0252582
4.24501e-05
0.00192166
0.00186002
0.0043572
0.00742107
0.00805092
0.008085
0.0127618
0.0132551
0.0128534
0.0129556
0.0144517
0.0155572
0.0161916
0.0166709
0.0173149
0.0191658
0.0213352
0.0230458
0.024825
7.14949e-05
0.00201447
0.00194355
0.00433154
0.00743381
0.00811707
0.00814644
0.0127158
0.0132975
0.0128124
0.0129565
0.0144456
0.0155665
0.0161947
0.0166632
0.0173142
0.0191431
0.0212634
0.0228619
0.0243998
0.00010518
0.00211616
0.00202606
0.00431836
0.00745476
0.00817919
0.00819608
0.0126678
0.0133412
0.012777
0.012959
0.0144398
0.0155753
0.016196
0.0166523
0.017311
0.0191114
0.0211833
0.0226632
0.0239812
0.000143052
0.00222491
0.00210928
0.00431645
0.00748123
0.00823701
0.00823483
0.0126177
0.0133851
0.0127465
0.0129623
0.0144344
0.0155833
0.016196
0.0166379
0.0173051
0.0190706
0.0210938
0.0224534
0.0235679
0.00018507
0.00233862
0.00219415
0.00432319
0.00751133
0.00829063
0.00826495
0.012566
0.0134286
0.0127194
0.0129649
0.0144298
0.0155903
0.0161953
0.0166195
0.0172963
0.0190216
0.0209937
0.022235
0.0231591
0.000231383
0.00245525
0.00228105
0.00433604
0.00754367
0.00834021
0.00828911
0.0125131
0.0134711
0.0126948
0.0129657
0.014426
0.0155961
0.0161946
0.016597
0.0172839
0.0189658
0.0208819
0.0220096
0.0227554
0.000282181
0.00257322
0.00237019
0.0043532
0.00757727
0.00838609
0.0083099
0.0124594
0.0135124
0.0126721
0.0129638
0.0144234
0.0156006
0.0161939
0.0165704
0.0172672
0.0189044
0.0207574
0.0217783
0.0223583
0.000337635
0.00269147
0.00246182
0.00437365
0.00761159
0.00842875
0.00832943
0.0124053
0.0135522
0.0126509
0.0129584
0.0144221
0.0156038
0.016193
0.0165402
0.0172451
0.0188378
0.0206201
0.0215418
0.0219696
0.00039788
0.00280931
0.00255633
0.00439702
0.00764632
0.0084687
0.00834911
0.012351
0.0135903
0.0126316
0.0129494
0.0144222
0.0156055
0.0161913
0.0165071
0.0172167
0.0187661
0.0204711
0.0213001
0.0215904
0.000463042
0.00292633
0.00265411
0.00442321
0.00768129
0.00850639
0.00836926
0.0122969
0.0136264
0.0126146
0.0129365
0.0144239
0.0156061
0.016188
0.0164717
0.017181
0.018689
0.0203116
0.0210532
0.0212211
0.000533254
0.00304227
0.00275565
0.0044523
0.00771636
0.00854223
0.0083919
0.0122433
0.0136602
0.0126003
0.0129196
0.0144268
0.0156058
0.0161822
0.0164341
0.0171377
0.0186063
0.0201431
0.0208008
0.0208627
0.000608687
0.00315687
0.00286138
0.00448466
0.00775133
0.00857653
0.00841652
0.0121905
0.0136914
0.012589
0.0128987
0.0144306
0.0156052
0.0161732
0.0163944
0.0170863
0.0185175
0.019967
0.0205426
0.0205155
0.000689539
0.00326993
0.00297148
0.0045207
0.00778602
0.00860956
0.00844324
0.0121387
0.0137198
0.0125811
0.0128739
0.014435
0.0156045
0.0161605
0.0163523
0.0170265
0.0184225
0.0197852
0.0202783
0.0201786
0.000776023
0.00338129
0.00308604
0.00456075
0.0078203
0.00864155
0.00847214
0.0120882
0.0137449
0.0125765
0.0128453
0.0144394
0.015604
0.0161437
0.0163079
0.0169579
0.0183202
0.0196001
0.0200084
0.0198487
0.000868364
0.00349086
0.0032051
0.00460512
0.00785396
0.00867275
0.00850315
0.0120391
0.0137646
0.012575
0.0128132
0.0144434
0.0156039
0.0161224
0.0162612
0.0168808
0.0182089
0.019414
0.0197352
0.0195211
0.000966792
0.00359856
0.00332854
0.00465417
0.00788676
0.00870332
0.00853623
0.0119916
0.0137831
0.0125762
0.0127774
0.0144467
0.0156045
0.016096
0.0162119
0.0167957
0.0180875
0.0192277
0.0194634
0.0191912
0.00107151
0.00370443
0.0034561
0.00470822
0.00791859
0.00873344
0.00857134
0.0119456
0.0137996
0.0125801
0.0127377
0.0144488
0.0156062
0.0160637
0.0161595
0.016704
0.017955
0.0190412
0.0191983
0.0188579
0.00118268
0.00380862
0.00358744
0.00476749
0.00794949
0.00876332
0.00860834
0.0119007
0.0138144
0.0125873
0.0126937
0.014449
0.0156101
0.0160247
0.0161025
0.0166073
0.0178106
0.018852
0.018945
0.0185266
0.00130047
0.00391141
0.00372213
0.00483219
0.00797951
0.00879306
0.00864739
0.0118565
0.013827
0.0125985
0.012645
0.0144458
0.0156175
0.0159792
0.0160394
0.016508
0.0176551
0.018655
0.0187047
0.0182089
0.00142495
0.00401319
0.00385977
0.00490251
0.00800874
0.00882269
0.00868884
0.0118129
0.013837
0.012614
0.0125916
0.0144376
0.0156295
0.015928
0.0159678
0.0164078
0.0174921
0.0184463
0.0184723
0.0179154
0.00155607
0.00411444
0.004
0.00497857
0.00803735
0.0088522
0.00873289
0.0117698
0.013844
0.0126346
0.0125338
0.014422
0.0156463
0.0158733
0.0158855
0.0163063
0.0173263
0.0182263
0.018239
0.0176483
0.00169373
0.00421572
0.00414252
0.00506035
0.00806565
0.00888153
0.00877975
0.0117276
0.0138476
0.0126605
0.0124726
0.0143965
0.0156667
0.0158175
0.0157912
0.0162014
0.0171608
0.0180002
0.0179995
0.0174001
0.00183778
0.00431765
0.00428717
0.00514773
0.008094
0.00891054
0.00882948
0.0116865
0.0138468
0.0126921
0.0124097
0.0143592
0.0156891
0.0157626
0.0156847
0.0160915
0.0169963
0.0177721
0.0177552
0.0171611
0.00198799
0.00442095
0.00443383
0.00524054
0.00812278
0.00893896
0.00888185
0.0116472
0.0138406
0.0127288
0.0123465
0.014309
0.0157119
0.0157104
0.0155653
0.0159762
0.0168352
0.0175425
0.0175087
0.016927
0.00214413
0.00452628
0.00458245
0.00533836
0.00815288
0.00896679
0.00893646
0.0116107
0.0138282
0.0127695
0.0122847
0.0142448
0.0157333
0.0156629
0.0154323
0.0158538
0.0166824
0.0173124
0.0172581
0.0166982
0.002306
0.00463413
0.00473336
0.00544066
0.0081849
0.00899434
0.00899258
0.0115776
0.0138103
0.0128132
0.0122252
0.0141657
0.0157507
0.015623
0.015286
0.0157194
0.016542
0.0170878
0.0169985
0.0164724
0.00247342
0.0047448
0.00488713
0.00554698
0.00821892
0.00902203
0.00904945
0.0115488
0.0137869
0.0128584
0.0121692
0.0140713
0.0157612
0.0155931
0.0151288
0.0155664
0.0164133
0.0168803
0.0167295
0.016241
0.00264619
0.00485835
0.00504468
0.00565685
0.00825487
0.00905084
0.00910605
0.0115238
0.0137587
0.0129042
0.012118
0.0139621
0.0157609
0.0155751
0.0149656
0.0153891
0.0162892
0.0167003
0.0164593
0.0159943
0.00282426
0.00497465
0.0052072
0.00577004
0.00829203
0.00908211
0.00916143
0.011502
0.0137273
0.0129497
0.0120715
0.0138385
0.0157464
0.01557
0.0148035
0.0151848
0.0161597
0.016552
0.0162032
0.0157283
0.0030077
0.00509317
0.00537581
0.00588697
0.0083289
0.00911709
0.00921554
0.0114819
0.0136944
0.0129953
0.0120301
0.0137006
0.0157134
0.0155781
0.0146503
0.0149533
0.0160135
0.0164329
0.015977
0.0154481
0.0031967
0.00521304
0.00555138
0.00600878
0.00836373
0.00915685
0.0092691
0.0114615
0.0136605
0.0130417
0.0119952
0.0135485
0.0156566
0.0155976
0.0145157
0.0146979
0.0158388
0.0163354
0.0157938
0.0151664
0.00339166
0.0053334
0.00573382
0.00613701
0.00839527
0.00920188
0.00932342
0.0114391
0.0136239
0.01309
0.0119694
0.0133838
0.0155703
0.0156233
0.0144096
0.0144275
0.0156244
0.0162459
0.0156639
0.0149037
0.00359306
0.00545362
0.00592235
0.00627348
0.00842281
0.00925191
0.00938055
0.011414
0.0135839
0.0131401
0.0119556
0.0132097
0.015449
0.0156466
0.0143397
0.014157
0.015364
0.016144
0.0155889
0.0146863
0.00380133
0.00557327
0.00611548
0.0064209
0.00844604
0.00930514
0.00944279
0.0113862
0.0135385
0.0131906
0.0119568
0.0130323
0.0152901
0.0156565
0.0143075
0.0139033
0.0150618
0.0160082
0.0155547
0.0145376
0.00401689
0.0056922
0.00631091
0.00658238
0.00846613
0.00935791
0.00951246
0.0113569
0.0134837
0.0132379
0.0119755
0.0128582
0.0150951
0.0156416
0.0143078
0.0136817
0.0147313
0.0158254
0.0155364
0.014466
0.00423998
0.00581076
0.00650581
0.00676005
0.00848552
0.00940596
0.00959054
0.0113289
0.0134165
0.0132788
0.0120117
0.012694
0.0148699
0.0155933
0.0143309
0.0135025
0.014388
0.0155936
0.0155097
0.0144585
0.00447081
0.0059295
0.00669688
0.0069551
0.00850841
0.00944555
0.00967597
0.0113062
0.0133364
0.0133087
0.0120627
0.0125464
0.0146222
0.0155068
0.0143657
0.0133709
0.0140475
0.0153164
0.0154586
0.014492
0.00470947
0.00604972
0.00688053
0.00716664
0.00854067
0.00947417
0.00976439
0.0112926
0.0132464
0.0133208
0.0121231
0.0124221
0.0143629
0.0153821
0.0143989
0.0132864
0.0137274
0.0149993
0.0153718
0.0145448
0.00495559
0.00617386
0.00705419
0.00739123
0.00858819
0.00949082
0.00985318
0.0112911
0.0131486
0.0133112
0.0121864
0.0123236
0.0141044
0.015225
0.014419
0.0132419
0.0134444
0.0146535
0.0152384
0.0145993
0.00520862
0.00630428
0.00721613
0.00762376
0.00865637
0.00949667
0.00993569
0.0113024
0.0130513
0.0132825
0.0122433
0.0122466
0.0138562
0.0150437
0.0144207
0.0132261
0.0132073
0.0142966
0.0150513
0.0146391
0.00546782
0.0064433
0.00736532
0.00785781
0.00874943
0.00949747
0.0100013
0.011324
0.0129656
0.0132389
0.0122874
0.0121866
0.0136218
0.0148462
0.0144055
0.0132299
0.0130151
0.0139455
0.0148123
0.0146473
0.00573202
0.00659321
0.00750223
0.0080866
0.0088694
0.00950007
0.0100471
0.0113491
0.0128978
0.0131875
0.0123176
0.0121378
0.0134015
0.0146371
0.0143738
0.0132489
0.0128654
0.0136136
0.0145316
0.0146099
0.00599966
0.00675605
0.00762912
0.00830328
0.00901517
0.00951365
0.0100663
0.011368
0.0128477
0.0131417
0.0123378
0.0120941
0.0131961
0.0144192
0.0143223
0.0132776
0.0127575
0.0133124
0.0142245
0.0145184
0.00626892
0.00693269
0.00775037
0.00850239
0.00918157
0.00954797
0.0100643
0.011373
0.0128113
0.0131126
0.0123551
0.0120532
0.0130028
0.0141956
0.0142498
0.0133086
0.0126888
0.0130528
0.0139087
0.0143712
0.00653884
0.00712337
0.00787003
0.0086797
0.00936043
0.00961069
0.0100504
0.0113483
0.0127786
0.013104
0.0123814
0.0120195
0.0128182
0.0139663
0.0141577
0.013337
0.0126526
0.0128401
0.0136039
0.0141772
0.00680768
0.0073284
0.00799486
0.00883324
0.00953982
0.00970509
0.0100368
0.0112895
0.0127316
0.0131123
0.012427
0.0119994
0.0126457
0.0137299
0.0140446
0.0133602
0.0126421
0.012672
0.0133247
0.0139557
0.00707364
0.00754399
0.00813014
0.00896806
0.00971117
0.00982831
0.0100342
0.0111545
0.0126562
0.0131325
0.0124958
0.0119998
0.0124921
0.0134905
0.0139063
0.0133726
0.0126541
0.0125451
0.0130776
0.0137273
0.00733803
0.0077644
0.00827585
0.00908241
0.009865
0.00997593
0.0100628
0.0110532
0.0125475
0.0131492
0.0125867
0.0120261
0.0123618
0.0132576
0.0137436
0.0133651
0.0126832
0.0124582
0.012863
0.0135038
0.00760191
0.00801263
0.00843519
0.00916398
0.00998366
0.0101407
0.0101366
0.0109618
0.0124056
0.0131388
0.012693
0.0120824
0.0122596
0.013038
0.0135649
0.0133316
0.012719
0.0124101
0.0126821
0.0132885
0.00786101
0.00824492
0.00860937
0.00924986
0.0100798
0.010305
0.0102483
0.0108951
0.0122387
0.0130861
0.0127964
0.0121681
0.0121925
0.0128365
0.0133774
0.0132737
0.0127505
0.0123965
0.0125415
0.0130856
0.00811504
0.008483
0.00879654
0.00934154
0.010154
0.010455
0.0103854
0.010863
0.0120655
0.0129919
0.0128768
0.0122769
0.0121663
0.0126606
0.0131853
0.0131942
0.0127703
0.0124078
0.0124479
0.0129054
0.00836425
0.00871595
0.0089939
0.00944193
0.0102129
0.0105864
0.0105376
0.0108704
0.0119091
0.0128645
0.0129222
0.0123944
0.0121789
0.0125223
0.0129965
0.0130943
0.0127756
0.012431
0.0123983
0.0127604
0.00860603
0.00894033
0.00919957
0.00956063
0.0102639
0.0106937
0.0106907
0.0109139
0.0117833
0.0127159
0.0129281
0.012507
0.012223
0.0124264
0.0128249
0.0129782
0.0127641
0.0124559
0.0123798
0.012658
0.00884125
0.00915249
0.00940937
0.00969507
0.0103145
0.0107801
0.0108387
0.0109861
0.0116956
0.0125657
0.0128977
0.0126035
0.0122897
0.0123684
0.0126813
0.0128563
0.0127341
0.0124768
0.012379
0.012596
0.00907644
0.00937147
0.00960572
0.00982977
0.0103687
0.0108522
0.0109784
0.0110778
0.0116475
0.0124304
0.012839
0.0126757
0.0123735
0.0123492
0.0125712
0.0127415
0.0126899
0.0124924
0.0123886
0.0125628
0.00930503
0.00957195
0.00979656
0.00997734
0.0104334
0.0109115
0.0110998
0.0111975
0.0116372
0.0123198
0.0127645
0.0127194
0.0124636
0.0123683
0.0124967
0.0126405
0.0126362
0.012501
0.0124064
0.0125473
0.00952582
0.00977093
0.00998218
0.0101285
0.0105059
0.0109613
0.0112014
0.0113077
0.0116587
0.0122403
0.0126886
0.0127399
0.0125457
0.012414
0.0124601
0.0125621
0.0125819
0.0125023
0.0124323
0.01255
0.00973756
0.00995712
0.0101596
0.0102825
0.0105892
0.0110082
0.0112853
0.0114133
0.0117044
0.012193
0.0126239
0.0127472
0.012617
0.0124748
0.0124613
0.0125173
0.0125381
0.0124978
0.0124608
0.0125706
0.00994343
0.0101409
0.010322
0.0104281
0.010681
0.011058
0.011356
0.0115118
0.0117663
0.0121755
0.0125759
0.0127493
0.0126833
0.0125478
0.0124947
0.012511
0.0125168
0.0124945
0.0124877
0.0126021
0.0101375
0.0103157
0.0104764
0.0105694
0.0107783
0.0111097
0.0114142
0.0116003
0.0118386
0.012185
0.01255
0.012754
0.0127484
0.0126353
0.0125564
0.0125424
0.0125304
0.0125072
0.0125176
0.0126411
0.0103149
0.0104726
0.0106255
0.0107095
0.0108795
0.0111654
0.0114654
0.0116779
0.0119135
0.0122178
0.0125509
0.0127696
0.0128144
0.0127392
0.0126503
0.0126122
0.012588
0.0125549
0.012565
0.0126915
0.0104866
0.0106314
0.0107533
0.0108245
0.0109759
0.0112275
0.0115157
0.011747
0.0119858
0.0122639
0.0125768
0.012805
0.0128878
0.0128589
0.0127813
0.0127264
0.0126949
0.0126557
0.0126543
0.0127678
0.0106384
0.0107714
0.0108743
0.0109339
0.0110682
0.0112914
0.011564
0.0118101
0.0120558
0.0123175
0.012619
0.0128621
0.0129772
0.0129945
0.012948
0.012889
0.0128541
0.012825
0.0128248
0.012921
0.0107709
0.0108955
0.0109869
0.0110308
0.0111437
0.0113504
0.0116074
0.0118639
0.0121217
0.0123803
0.0126757
0.0129311
0.0130807
0.0131387
0.0131319
0.0130796
0.0130415
0.0130345
0.0130626
0.0131888
0.0108867
0.011019
0.0110954
0.0111184
0.0112188
0.0113769
0.0116337
0.0118922
0.0121853
0.0124862
0.0128058
0.0131037
0.0133172
0.0134393
0.0135007
0.0134875
0.0134122
0.0133096
0.0132223
0.0132288
0.0109666
0.0110581
0.011137
0.0111798
0.0113446
0.0115232
0.0116992
0.0118628
0.0120287
0.012254
0.0126349
0.0130647
0.0134116
0.0136237
0.0137836
0.0139785
0.0142592
0.0146143
0.0149812
0.0152619
0.0111037
0.0112298
0.0112331
0.0112129
0.0112529
0.0114683
0.0117699
0.012129
0.0124541
0.0127419
0.0130191
0.0132753
0.0135198
0.0137546
0.0139747
0.0141937
0.014377
0.0145701
0.0147608
0.0148814
0.0109624
0.0110468
0.0112472
0.0114174
0.0116202
0.0117605
0.0119867
0.0121609
0.0123579
0.0125765
0.0128535
0.0131212
0.0133832
0.0136576
0.0139431
0.0142718
0.0146597
0.0150564
0.0154215
0.0156719
0.0112309
0.0114053
0.0114743
0.0114893
0.0116058
0.0118101
0.0120184
0.0122647
0.0125621
0.0128853
0.013198
0.0134903
0.0137228
0.0139076
0.0140148
0.014014
0.0139289
0.0137619
0.0135631
0.0134004
0.0110412
0.011152
0.011383
0.011598
0.0118209
0.0119721
0.0121755
0.012369
0.012587
0.0128117
0.0130572
0.013317
0.0135858
0.0138546
0.014172
0.0145248
0.0149056
0.015277
0.0155857
0.0157502
0.011209
0.0113875
0.0115929
0.0117454
0.0119188
0.0120654
0.0122501
0.0124299
0.0126632
0.0129462
0.0132523
0.0135368
0.0138181
0.0140529
0.0142631
0.0144674
0.0146624
0.0148384
0.0149633
0.0149788
0.0318284
0.0252456
0.0170288
0.0111424
0.00963101
0.0105946
0.0117437
0.012545
0.0131309
0.0135338
0.0137956
0.0140476
0.0142943
0.0144932
0.0146845
0.0148707
0.0149886
0.0150677
0.0152564
0.0156141
0.0160025
0.0162951
0.0165201
0.0167644
0.0170729
0.0174145
0.0177115
0.0179658
0.0182552
0.0185688
0.0188292
0.0190827
0.0193999
0.019769
0.0201657
0.0205811
0.0209915
0.0213701
0.02173
0.0220887
0.0224479
0.0228042
0.0231425
0.0234465
0.023754
0.024109
0.024497
0.024868
0.0252287
0.0256462
0.0260985
0.0265281
0.0269593
0.0274662
0.0280043
0.0284938
0.0289029
0.0292515
0.0296212
0.0301044
0.0306842
0.031281
0.0318512
0.0323814
0.0329145
0.0334492
0.0339731
0.0345151
0.0351096
0.0356813
0.03628
0.0369098
0.0375444
0.0381654
0.0388176
0.0394919
0.0401796
0.0408839
0.0416028
0.0423472
0.0430908
0.0438961
0.0446789
0.0454725
0.046274
0.0471196
0.0479968
0.0488598
0.0497305
0.0505894
0.0514688
0.0524147
0.0533335
0.0542966
0.05524
0.056198
0.0571296
0.0580237
0.0588582
0.0595144
0.0310361
0.0250934
0.0171126
0.011292
0.00972122
0.0106372
0.0117703
0.0125636
0.0131446
0.0135443
0.013804
0.0140546
0.0143005
0.0144986
0.0146893
0.0148752
0.0149927
0.015071
0.015259
0.0156165
0.0160049
0.0162974
0.016522
0.016766
0.0170743
0.0174158
0.0177128
0.0179669
0.0182562
0.0185699
0.0188302
0.0190836
0.0194007
0.0197699
0.0201665
0.0205819
0.0209923
0.0213709
0.0217308
0.0220895
0.0224486
0.0228049
0.0231432
0.0234472
0.0237546
0.0241096
0.0244976
0.0248686
0.0252292
0.0256466
0.026099
0.0265286
0.0269598
0.0274666
0.0280047
0.0284942
0.0289033
0.0292518
0.0296215
0.0301046
0.0306845
0.0312812
0.0318515
0.0323817
0.0329147
0.0334494
0.0339733
0.0345153
0.0351098
0.0356815
0.0362802
0.03691
0.0375446
0.0381656
0.0388178
0.0394921
0.0401797
0.0408841
0.0416029
0.0423474
0.0430909
0.0438962
0.044679
0.0454727
0.0462741
0.0471197
0.047997
0.0488599
0.0497306
0.0505896
0.0514689
0.0524148
0.0533336
0.0542967
0.0552401
0.056198
0.0571297
0.0580237
0.0588582
0.0595144
0.0303163
0.024939
0.0172746
0.0115621
0.0098759
0.0106916
0.0117957
0.012584
0.0131619
0.0135581
0.0138147
0.014063
0.0143073
0.0145043
0.0146941
0.0148796
0.0149967
0.0150744
0.0152618
0.015619
0.0160072
0.0162995
0.0165239
0.0167677
0.0170757
0.0174171
0.017714
0.017968
0.0182572
0.0185709
0.0188311
0.0190843
0.0194014
0.0197706
0.0201673
0.0205826
0.0209931
0.0213716
0.0217314
0.0220901
0.0224492
0.0228055
0.0231438
0.0234478
0.0237552
0.0241101
0.0244981
0.0248691
0.0252297
0.0256471
0.0260995
0.026529
0.0269601
0.0274669
0.028005
0.0284947
0.0289037
0.0292522
0.0296217
0.0301048
0.0306847
0.0312815
0.0318518
0.0323819
0.032915
0.0334497
0.0339735
0.0345155
0.03511
0.0356816
0.0362803
0.0369102
0.0375447
0.0381658
0.0388179
0.0394922
0.0401799
0.0408842
0.041603
0.0423475
0.043091
0.0438964
0.0446791
0.0454728
0.0462742
0.0471198
0.0479971
0.04886
0.0497307
0.0505897
0.051469
0.0524149
0.0533337
0.0542968
0.0552401
0.0561981
0.0571298
0.0580238
0.0588583
0.0595145
0.0296239
0.0247738
0.01748
0.0119056
0.0100909
0.0107695
0.0118322
0.0126149
0.0131885
0.0135784
0.0138298
0.0140747
0.0143168
0.014512
0.0147005
0.0148851
0.0150018
0.0150795
0.0152663
0.0156225
0.01601
0.0163022
0.0165266
0.0167702
0.0170778
0.0174188
0.0177155
0.0179693
0.0182584
0.018572
0.018832
0.019085
0.019402
0.0197712
0.020168
0.0205834
0.0209938
0.0213723
0.0217321
0.0220908
0.0224499
0.0228061
0.0231444
0.0234484
0.0237557
0.0241106
0.0244987
0.0248696
0.0252301
0.0256475
0.0260999
0.0265294
0.0269604
0.0274672
0.0280054
0.0284951
0.0289041
0.0292525
0.0296219
0.030105
0.030685
0.0312818
0.0318521
0.0323822
0.0329152
0.0334499
0.0339737
0.0345157
0.0351102
0.0356818
0.0362805
0.0369103
0.0375449
0.0381659
0.038818
0.0394924
0.04018
0.0408843
0.0416031
0.0423476
0.0430911
0.0438965
0.0446793
0.0454729
0.0462743
0.0471199
0.0479972
0.0488601
0.0497308
0.0505897
0.0514691
0.052415
0.0533338
0.0542969
0.0552402
0.0561982
0.0571299
0.0580239
0.0588584
0.0595146
0.0289315
0.0245874
0.0176973
0.0122738
0.0103322
0.0108597
0.0118751
0.0126543
0.0132239
0.0136057
0.0138501
0.0140903
0.0143295
0.0145229
0.0147096
0.0148925
0.0150091
0.0150874
0.0152736
0.0156278
0.0160135
0.0163054
0.0165306
0.0167743
0.0170811
0.0174213
0.0177177
0.0179714
0.0182603
0.0185736
0.0188332
0.0190859
0.0194027
0.0197719
0.0201688
0.0205842
0.0209945
0.021373
0.0217328
0.0220916
0.0224507
0.0228068
0.0231451
0.023449
0.0237563
0.0241112
0.0244992
0.0248702
0.0252306
0.025648
0.0261004
0.0265299
0.0269608
0.0274676
0.0280059
0.0284956
0.0289047
0.0292529
0.0296221
0.0301052
0.0306853
0.0312821
0.0318524
0.0323825
0.0329155
0.0334501
0.0339739
0.0345158
0.0351104
0.035682
0.0362807
0.0369105
0.0375451
0.0381661
0.0388182
0.0394925
0.0401801
0.0408845
0.0416033
0.0423478
0.0430913
0.0438966
0.0446794
0.045473
0.0462745
0.04712
0.0479973
0.0488602
0.049731
0.0505898
0.0514692
0.0524151
0.0533339
0.054297
0.0552403
0.0561983
0.0571301
0.058024
0.0588587
0.0595147
0.0282442
0.0243788
0.0179076
0.0126457
0.0105863
0.010956
0.011919
0.0126969
0.0132647
0.0136377
0.013874
0.0141085
0.0143445
0.0145364
0.0147211
0.0149021
0.0150188
0.0150988
0.0152846
0.0156352
0.0160175
0.0163091
0.0165359
0.0167802
0.017086
0.0174248
0.0177208
0.0179746
0.0182633
0.0185759
0.0188349
0.019087
0.0194034
0.0197726
0.0201696
0.020585
0.0209951
0.0213734
0.0217335
0.0220926
0.0224516
0.0228076
0.0231457
0.0234498
0.0237571
0.0241119
0.0244998
0.0248708
0.0252312
0.0256486
0.026101
0.0265304
0.0269613
0.0274681
0.0280064
0.0284962
0.0289053
0.0292533
0.0296223
0.0301054
0.0306856
0.0312826
0.0318528
0.0323828
0.0329158
0.0334504
0.0339742
0.0345161
0.0351107
0.0356822
0.0362808
0.0369107
0.0375452
0.0381662
0.0388183
0.0394927
0.0401803
0.0408846
0.0416034
0.0423479
0.0430914
0.0438968
0.0446796
0.0454731
0.0462746
0.0471201
0.0479974
0.0488603
0.0497311
0.05059
0.0514693
0.0524152
0.053334
0.0542971
0.0552405
0.0561984
0.0571302
0.0580242
0.0588591
0.0595148
0.027572
0.0241474
0.0181006
0.0130147
0.010852
0.0110595
0.0119633
0.0127408
0.0133089
0.0136733
0.0139002
0.0141281
0.0143605
0.0145511
0.0147343
0.0149134
0.0150308
0.0151132
0.0152988
0.0156447
0.0160224
0.0163133
0.0165423
0.0167879
0.0170922
0.017429
0.0177246
0.017979
0.0182675
0.0185794
0.0188376
0.0190889
0.0194046
0.0197734
0.0201705
0.0205858
0.0209955
0.0213735
0.0217339
0.0220935
0.0224527
0.0228083
0.0231463
0.0234506
0.0237581
0.0241128
0.0245004
0.0248714
0.025232
0.0256492
0.0261015
0.0265309
0.0269619
0.0274687
0.028007
0.0284968
0.028906
0.0292537
0.0296225
0.0301056
0.030686
0.031283
0.0318532
0.0323833
0.0329162
0.0334508
0.0339745
0.0345163
0.0351109
0.0356825
0.0362811
0.036911
0.0375455
0.0381664
0.0388185
0.0394929
0.0401804
0.0408848
0.0416036
0.042348
0.0430915
0.0438969
0.0446797
0.0454733
0.0462747
0.0471202
0.0479976
0.0488605
0.0497312
0.0505901
0.0514694
0.0524153
0.0533341
0.0542972
0.0552406
0.0561985
0.0571304
0.0580245
0.0588595
0.059515
0.0269212
0.0238927
0.0182715
0.0133794
0.0111313
0.0111729
0.0120086
0.0127852
0.0133559
0.0137118
0.0139284
0.0141488
0.0143772
0.0145665
0.0147483
0.0149258
0.0150443
0.0151299
0.0153153
0.015656
0.0160281
0.0163181
0.0165496
0.0167967
0.0170994
0.0174339
0.0177291
0.0179843
0.0182728
0.0185838
0.0188414
0.0190919
0.0194064
0.0197746
0.0201717
0.0205867
0.0209957
0.0213733
0.021734
0.0220944
0.0224538
0.0228091
0.0231469
0.0234517
0.0237595
0.0241139
0.0245012
0.0248722
0.025233
0.0256501
0.026102
0.0265315
0.0269626
0.0274693
0.0280076
0.0284976
0.0289068
0.0292543
0.0296228
0.0301059
0.0306865
0.0312836
0.0318537
0.0323838
0.0329167
0.0334512
0.0339749
0.0345167
0.0351113
0.0356828
0.0362814
0.0369112
0.0375457
0.0381666
0.0388187
0.0394931
0.0401806
0.0408849
0.0416037
0.0423482
0.0430916
0.0438971
0.0446799
0.0454734
0.0462748
0.0471204
0.0479977
0.0488606
0.0497313
0.0505902
0.0514695
0.0524155
0.0533342
0.0542973
0.0552408
0.0561987
0.0571307
0.0580249
0.0588602
0.0595153
0.0262944
0.023618
0.01842
0.0137391
0.011424
0.0112973
0.012055
0.0128289
0.0134048
0.0137532
0.0139587
0.0141708
0.0143948
0.0145827
0.014763
0.0149388
0.0150585
0.0151476
0.0153333
0.0156686
0.0160347
0.0163233
0.0165574
0.0168061
0.0171073
0.0174392
0.0177339
0.0179901
0.0182786
0.018589
0.0188461
0.0190959
0.0194092
0.0197765
0.0201733
0.0205879
0.0209959
0.0213726
0.0217337
0.022095
0.0224548
0.0228097
0.0231474
0.0234528
0.0237613
0.0241154
0.0245021
0.0248733
0.0252343
0.0256512
0.0261026
0.026532
0.0269632
0.0274698
0.0280081
0.0284984
0.0289078
0.0292551
0.0296232
0.0301062
0.030687
0.0312841
0.0318542
0.0323843
0.0329172
0.0334518
0.0339754
0.0345172
0.0351117
0.0356833
0.0362818
0.0369116
0.0375461
0.0381669
0.038819
0.0394933
0.0401809
0.0408851
0.0416039
0.0423484
0.0430918
0.0438972
0.04468
0.0454735
0.046275
0.0471205
0.0479979
0.0488608
0.0497315
0.0505903
0.0514696
0.0524156
0.0533343
0.0542974
0.055241
0.0561988
0.057131
0.0580254
0.058861
0.0595156
0.0256941
0.0233294
0.0185461
0.01409
0.0117272
0.0114331
0.0121027
0.0128712
0.0134549
0.0137972
0.0139911
0.014194
0.0144133
0.0145997
0.0147784
0.0149523
0.0150731
0.015166
0.0153522
0.0156821
0.0160419
0.0163291
0.0165657
0.0168161
0.0171156
0.0174448
0.0177389
0.0179961
0.0182846
0.0185944
0.0188514
0.0191008
0.0194128
0.019779
0.0201754
0.0205894
0.0209961
0.0213719
0.021733
0.0220952
0.0224555
0.0228099
0.0231476
0.023454
0.0237634
0.0241173
0.0245033
0.0248746
0.0252361
0.0256527
0.0261035
0.0265327
0.0269639
0.0274702
0.0280082
0.0284989
0.0289089
0.0292561
0.0296238
0.0301068
0.0306877
0.0312846
0.0318547
0.0323849
0.0329178
0.0334524
0.0339761
0.0345178
0.0351123
0.0356838
0.0362824
0.0369121
0.0375465
0.0381674
0.0388193
0.0394937
0.0401812
0.0408854
0.0416041
0.0423486
0.043092
0.0438974
0.0446802
0.0454737
0.0462751
0.0471206
0.0479981
0.048861
0.0497317
0.0505905
0.0514697
0.0524158
0.0533345
0.0542976
0.0552412
0.056199
0.0571314
0.0580261
0.058862
0.0595161
0.0251221
0.0230321
0.0186481
0.0144274
0.0120378
0.0115812
0.012153
0.0129114
0.0135049
0.0138433
0.0140255
0.0142185
0.0144328
0.0146176
0.0147946
0.0149663
0.015088
0.0151849
0.015372
0.0156966
0.0160499
0.0163353
0.0165744
0.0168265
0.0171242
0.0174507
0.0177442
0.0180024
0.0182908
0.0185998
0.0188569
0.0191063
0.0194171
0.0197821
0.0201779
0.0205912
0.0209966
0.0213712
0.0217322
0.0220952
0.0224558
0.0228099
0.0231475
0.0234551
0.0237657
0.0241194
0.0245046
0.0248761
0.0252383
0.0256546
0.0261046
0.0265337
0.0269648
0.0274704
0.028008
0.028499
0.0289097
0.0292571
0.0296247
0.0301077
0.0306886
0.0312853
0.031855
0.0323854
0.0329184
0.0334529
0.0339768
0.0345184
0.0351129
0.0356844
0.036283
0.0369127
0.0375471
0.0381679
0.0388199
0.0394941
0.0401815
0.0408857
0.0416044
0.0423488
0.0430922
0.0438976
0.0446804
0.0454738
0.0462753
0.0471208
0.0479983
0.0488612
0.0497318
0.0505906
0.0514699
0.0524159
0.0533347
0.0542977
0.0552415
0.0561991
0.0571318
0.058027
0.0588632
0.0595166
0.0245782
0.0227287
0.018724
0.0147476
0.0123541
0.011743
0.0122071
0.012949
0.013554
0.0138911
0.014062
0.0142446
0.0144535
0.0146367
0.0148118
0.0149808
0.0151032
0.0152042
0.0153926
0.015712
0.0160586
0.0163421
0.0165834
0.0168373
0.0171333
0.0174569
0.0177498
0.0180088
0.0182971
0.0186053
0.0188625
0.0191121
0.019422
0.0197857
0.0201809
0.0205933
0.0209972
0.0213705
0.0217314
0.0220949
0.0224559
0.0228095
0.0231471
0.0234561
0.023768
0.0241216
0.0245061
0.0248779
0.0252408
0.0256568
0.0261061
0.026535
0.0269661
0.0274705
0.0280072
0.0284985
0.02891
0.0292578
0.0296256
0.030109
0.0306899
0.0312861
0.0318554
0.0323857
0.0329188
0.0334534
0.0339775
0.0345192
0.0351136
0.0356852
0.0362839
0.0369134
0.0375477
0.0381687
0.0388206
0.0394948
0.0401821
0.0408862
0.0416047
0.0423492
0.0430925
0.0438979
0.0446806
0.045474
0.0462754
0.0471209
0.0479985
0.0488614
0.049732
0.0505908
0.05147
0.0524161
0.0533348
0.0542979
0.0552418
0.0561993
0.0571323
0.0580282
0.0588646
0.0595173
0.0240593
0.0224214
0.0187743
0.0150488
0.0126739
0.0119194
0.0122666
0.0129843
0.0136015
0.0139405
0.0141009
0.0142725
0.0144754
0.0146568
0.0148299
0.014996
0.015119
0.0152243
0.0154142
0.0157284
0.0160681
0.0163493
0.016593
0.0168486
0.0171429
0.0174634
0.0177555
0.0180155
0.0183036
0.0186109
0.0188683
0.0191181
0.0194272
0.0197899
0.0201842
0.0205955
0.020998
0.02137
0.0217305
0.0220946
0.0224558
0.0228088
0.0231465
0.023457
0.0237704
0.024124
0.0245077
0.0248797
0.0252435
0.0256593
0.0261078
0.0265367
0.0269677
0.0274708
0.0280062
0.0284973
0.0289096
0.0292579
0.0296263
0.0301104
0.0306918
0.0312874
0.0318558
0.0323859
0.032919
0.0334537
0.0339781
0.0345199
0.0351143
0.035686
0.0362848
0.0369142
0.0375485
0.0381695
0.0388215
0.0394956
0.0401828
0.0408868
0.0416052
0.0423496
0.0430928
0.0438982
0.0446809
0.0454742
0.0462755
0.047121
0.0479987
0.0488617
0.0497322
0.050591
0.0514702
0.0524162
0.053335
0.054298
0.0552422
0.0561994
0.0571329
0.0580296
0.0588663
0.0595181
0.0235619
0.0221136
0.0188016
0.0153287
0.012994
0.0121108
0.012334
0.0130184
0.0136471
0.013991
0.0141422
0.0143023
0.0144986
0.0146779
0.014849
0.015012
0.0151353
0.0152451
0.0154368
0.015746
0.0160786
0.0163573
0.0166031
0.0168604
0.0171528
0.0174702
0.0177615
0.0180224
0.0183103
0.0186166
0.0188741
0.0191244
0.019433
0.0197946
0.0201879
0.020598
0.0209989
0.0213695
0.0217298
0.0220943
0.0224556
0.022808
0.0231457
0.0234578
0.0237728
0.0241264
0.0245093
0.0248817
0.0252463
0.025662
0.0261097
0.0265387
0.0269695
0.0274712
0.0280048
0.0284954
0.0289084
0.0292572
0.0296264
0.0301119
0.0306941
0.0312892
0.0318564
0.0323861
0.032919
0.0334537
0.0339785
0.0345206
0.0351149
0.0356869
0.0362858
0.036915
0.0375492
0.0381705
0.0388225
0.0394967
0.0401837
0.0408875
0.0416059
0.0423501
0.0430933
0.0438986
0.0446813
0.0454745
0.0462757
0.047121
0.0479989
0.0488619
0.0497324
0.0505912
0.0514704
0.0524164
0.0533352
0.0542981
0.0552427
0.0561996
0.0571336
0.0580312
0.0588683
0.0595191
0.023084
0.0218087
0.0188078
0.0155844
0.0133113
0.0123181
0.0124122
0.0130524
0.0136901
0.0140418
0.0141858
0.0143343
0.0145232
0.0147002
0.014869
0.0150289
0.0151524
0.0152668
0.0154607
0.0157647
0.01609
0.016366
0.0166137
0.0168727
0.0171633
0.0174774
0.0177678
0.0180296
0.0183173
0.0186224
0.01888
0.0191312
0.0194395
0.0198
0.020192
0.0206007
0.0209998
0.0213692
0.0217291
0.022094
0.0224554
0.0228071
0.0231448
0.0234585
0.0237753
0.0241289
0.024511
0.0248836
0.0252493
0.0256648
0.0261117
0.0265408
0.0269717
0.0274717
0.0280032
0.0284929
0.0289066
0.0292559
0.029626
0.0301129
0.0306964
0.0312913
0.0318573
0.0323862
0.0329188
0.0334535
0.0339788
0.0345211
0.0351155
0.0356877
0.0362868
0.0369158
0.0375499
0.0381714
0.0388237
0.0394979
0.0401848
0.0408885
0.0416067
0.0423507
0.0430938
0.0438991
0.0446818
0.0454749
0.046276
0.047121
0.0479989
0.0488621
0.0497327
0.0505915
0.0514706
0.0524165
0.0533353
0.0542982
0.0552431
0.0561997
0.0571343
0.0580331
0.0588704
0.0595202
0.0226237
0.0215085
0.0187947
0.0158144
0.0136231
0.0125416
0.0125039
0.0130879
0.0137301
0.014092
0.0142315
0.0143687
0.0145497
0.0147238
0.0148901
0.0150466
0.0151705
0.0152898
0.0154859
0.0157849
0.0161024
0.0163753
0.0166249
0.0168856
0.0171742
0.0174849
0.0177742
0.018037
0.0183245
0.0186284
0.0188863
0.0191386
0.0194469
0.0198061
0.0201966
0.0206035
0.0210008
0.0213688
0.0217285
0.0220939
0.0224552
0.0228061
0.0231439
0.0234592
0.0237779
0.0241315
0.0245127
0.0248856
0.0252523
0.0256677
0.0261138
0.0265429
0.0269739
0.0274724
0.0280013
0.0284898
0.0289008
0.0292542
0.0296252
0.0301136
0.0306986
0.0312936
0.0318583
0.0323862
0.0329185
0.0334532
0.0339789
0.0345215
0.035116
0.0356886
0.0362879
0.0369167
0.0375506
0.0381723
0.0388249
0.0394993
0.0401861
0.0408896
0.0416076
0.0423515
0.0430944
0.0438996
0.0446823
0.0454754
0.0462763
0.0471211
0.0479989
0.0488622
0.0497329
0.0505918
0.051471
0.0524166
0.0533355
0.0542982
0.0552436
0.0561999
0.0571351
0.0580352
0.0588728
0.0595213
0.0221794
0.0212132
0.0187653
0.0160192
0.0139266
0.0127795
0.0126107
0.0131271
0.0137675
0.014141
0.0142788
0.0144056
0.0145782
0.0147487
0.0149123
0.0150653
0.0151896
0.0153141
0.0155127
0.0158064
0.0161158
0.0163854
0.0166368
0.0168991
0.0171857
0.0174928
0.017781
0.0180447
0.018332
0.0186347
0.0188929
0.0191467
0.0194552
0.0198132
0.0202018
0.0206066
0.0210018
0.0213685
0.021728
0.0220938
0.0224551
0.0228052
0.0231429
0.02346
0.0237805
0.0241342
0.0245145
0.0248876
0.0252555
0.0256707
0.0261159
0.0265452
0.0269763
0.0274731
0.0279993
0.0284863
0.028898
0.0292523
0.0296244
0.030114
0.0307004
0.0312957
0.0318593
0.0323862
0.0329181
0.0334527
0.0339791
0.034522
0.0351165
0.0356894
0.0362891
0.0369176
0.0375512
0.0381731
0.038826
0.0395007
0.0401876
0.0408909
0.0416087
0.0423525
0.0430951
0.0439001
0.0446829
0.0454761
0.0462769
0.0471211
0.0479988
0.0488622
0.0497331
0.0505922
0.0514714
0.0524168
0.0533356
0.0542981
0.055244
0.0562
0.0571359
0.0580375
0.0588753
0.0595225
0.0217496
0.0209232
0.0187232
0.0161998
0.0142181
0.0130284
0.0127343
0.0131725
0.013803
0.0141879
0.0143269
0.0144449
0.014609
0.0147753
0.0149356
0.0150851
0.0152099
0.0153398
0.0155411
0.0158293
0.0161302
0.0163962
0.0166493
0.0169133
0.0171978
0.0175011
0.0177881
0.0180528
0.0183398
0.0186412
0.0189
0.0191556
0.0194644
0.019821
0.0202075
0.02061
0.0210029
0.0213682
0.0217276
0.022094
0.0224551
0.0228043
0.0231419
0.0234607
0.0237833
0.0241371
0.0245163
0.0248898
0.0252587
0.0256738
0.0261181
0.0265475
0.0269788
0.027474
0.0279971
0.0284825
0.0288949
0.0292504
0.0296242
0.0301146
0.0307018
0.0312974
0.0318601
0.0323861
0.0329175
0.0334523
0.0339793
0.0345226
0.0351171
0.0356903
0.0362903
0.0369185
0.0375519
0.0381738
0.0388271
0.0395021
0.0401891
0.0408922
0.0416099
0.0423536
0.043096
0.0439006
0.0446834
0.0454769
0.0462775
0.0471213
0.0479986
0.048862
0.0497332
0.0505926
0.0514719
0.052417
0.0533358
0.054298
0.0552444
0.0562001
0.0571368
0.0580401
0.058878
0.0595238
0.0213338
0.0206388
0.0186714
0.0163574
0.0144941
0.0132843
0.012876
0.0132271
0.0138377
0.014232
0.0143747
0.0144861
0.0146422
0.014804
0.0149605
0.015106
0.0152313
0.0153668
0.015571
0.0158537
0.0161457
0.0164076
0.0166624
0.0169282
0.0172105
0.0175099
0.0177956
0.0180613
0.018348
0.0186481
0.0189076
0.0191653
0.0194745
0.0198295
0.0202137
0.0206136
0.0210041
0.0213679
0.0217272
0.0220942
0.0224552
0.0228034
0.0231408
0.0234615
0.0237861
0.0241401
0.0245183
0.024892
0.0252621
0.025677
0.0261203
0.0265498
0.0269814
0.0274749
0.0279949
0.0284785
0.0288918
0.0292495
0.0296251
0.0301159
0.0307032
0.0312986
0.0318606
0.0323858
0.032917
0.033452
0.0339797
0.0345233
0.0351178
0.0356914
0.0362915
0.0369194
0.0375526
0.0381746
0.0388282
0.0395035
0.0401906
0.0408936
0.0416112
0.0423548
0.0430969
0.0439011
0.044684
0.0454776
0.0462783
0.0471216
0.0479984
0.0488617
0.0497332
0.050593
0.0514725
0.0524174
0.0533361
0.0542979
0.0552448
0.0562001
0.0571376
0.0580428
0.0588809
0.0595252
0.0209322
0.0203593
0.0186113
0.0164938
0.0147522
0.0135429
0.0130355
0.0132933
0.0138733
0.0142729
0.014421
0.0145286
0.0146781
0.0148351
0.0149871
0.015128
0.0152537
0.0153952
0.0156024
0.0158794
0.0161621
0.0164198
0.0166763
0.0169438
0.0172238
0.017519
0.0178034
0.0180702
0.0183566
0.0186553
0.0189157
0.0191756
0.0194853
0.0198385
0.0202202
0.0206175
0.0210054
0.0213677
0.0217269
0.0220945
0.0224555
0.0228027
0.0231398
0.0234623
0.0237891
0.0241432
0.0245204
0.0248942
0.0252656
0.0256803
0.0261227
0.0265522
0.0269841
0.027476
0.0279927
0.0284745
0.0288889
0.0292495
0.0296275
0.0301183
0.0307047
0.0312993
0.0318607
0.0323854
0.0329165
0.0334518
0.0339802
0.0345243
0.0351187
0.0356925
0.0362929
0.0369204
0.0375534
0.0381755
0.0388293
0.0395048
0.0401922
0.040895
0.0416125
0.042356
0.043098
0.0439016
0.0446844
0.0454784
0.0462793
0.047122
0.0479983
0.0488612
0.0497331
0.0505933
0.0514732
0.0524177
0.0533363
0.0542978
0.0552452
0.0562002
0.0571385
0.0580458
0.058884
0.0595267
0.0205455
0.0200832
0.0185433
0.0166119
0.0149908
0.0137996
0.0132114
0.0133733
0.0139119
0.0143109
0.014465
0.0145716
0.0147164
0.0148691
0.0150158
0.0151513
0.0152769
0.0154245
0.0156351
0.0159064
0.0161795
0.0164326
0.0166908
0.0169602
0.0172378
0.0175286
0.0178115
0.0180795
0.0183657
0.018663
0.0189242
0.0191865
0.0194965
0.0198478
0.020227
0.0206217
0.0210069
0.0213675
0.0217265
0.0220949
0.0224559
0.0228019
0.0231387
0.0234631
0.0237923
0.0241466
0.0245227
0.0248966
0.0252693
0.0256838
0.026125
0.0265546
0.0269868
0.0274772
0.0279906
0.0284705
0.0288862
0.0292505
0.0296316
0.0301221
0.0307066
0.0312997
0.0318605
0.0323849
0.032916
0.0334518
0.033981
0.0345255
0.0351198
0.0356938
0.0362944
0.0369215
0.0375542
0.0381766
0.0388306
0.0395062
0.0401937
0.0408965
0.0416138
0.0423574
0.0430992
0.0439021
0.0446849
0.0454792
0.0462803
0.0471225
0.0479981
0.0488607
0.0497329
0.0505936
0.0514739
0.0524182
0.0533366
0.0542978
0.0552456
0.0562003
0.0571395
0.0580488
0.0588873
0.0595282
0.0201754
0.0198099
0.0184669
0.0167145
0.01521
0.0140501
0.0134009
0.0134689
0.013956
0.0143467
0.0145059
0.0146141
0.014757
0.0149061
0.015047
0.015176
0.015301
0.0154548
0.0156691
0.0159346
0.0161978
0.0164462
0.0167061
0.0169774
0.0172525
0.0175387
0.0178201
0.0180893
0.0183753
0.018671
0.0189331
0.0191978
0.0195082
0.0198575
0.0202342
0.0206262
0.0210087
0.0213674
0.0217262
0.0220955
0.0224564
0.0228013
0.0231377
0.0234639
0.0237956
0.0241501
0.024525
0.0248991
0.0252731
0.0256875
0.0261275
0.026557
0.0269897
0.0274785
0.0279887
0.0284666
0.0288838
0.0292523
0.0296371
0.0301272
0.030709
0.0312998
0.0318601
0.0323843
0.0329157
0.033452
0.033982
0.0345269
0.035121
0.0356952
0.0362959
0.0369226
0.0375552
0.0381778
0.0388321
0.0395076
0.0401953
0.040898
0.0416152
0.0423588
0.0431004
0.0439027
0.0446853
0.0454799
0.0462813
0.0471231
0.047998
0.0488602
0.0497328
0.050594
0.0514746
0.0524186
0.053337
0.0542977
0.0552461
0.0562004
0.0571405
0.058052
0.0588908
0.0595299
0.0198242
0.0195416
0.0183803
0.0168024
0.015411
0.014291
0.0136005
0.0135813
0.0140084
0.0143817
0.0145432
0.014655
0.0147991
0.0149463
0.0150809
0.0152023
0.0153259
0.0154858
0.0157042
0.015964
0.016217
0.0164605
0.0167222
0.0169954
0.0172678
0.0175493
0.0178291
0.0180996
0.0183854
0.0186795
0.0189425
0.0192095
0.0195201
0.0198673
0.0202416
0.020631
0.0210106
0.0213673
0.021726
0.0220961
0.0224572
0.0228007
0.0231366
0.0234649
0.023799
0.0241538
0.0245276
0.0249018
0.0252771
0.0256913
0.02613
0.0265595
0.0269926
0.0274799
0.0279868
0.0284627
0.0288817
0.029255
0.0296439
0.0301334
0.0307118
0.0312999
0.0318595
0.0323837
0.0329154
0.0334523
0.0339831
0.0345286
0.0351224
0.0356967
0.0362976
0.0369237
0.0375561
0.0381792
0.0388337
0.0395092
0.0401968
0.0408996
0.0416167
0.0423602
0.0431018
0.0439034
0.0446857
0.0454807
0.0462825
0.0471239
0.047998
0.0488597
0.0497326
0.0505943
0.0514754
0.0524191
0.0533373
0.0542976
0.0552465
0.0562006
0.0571415
0.0580553
0.0588944
0.0595318
0.0194914
0.019284
0.0182829
0.0168741
0.0155965
0.0145209
0.0138051
0.0137104
0.0140716
0.0144178
0.0145771
0.0146935
0.0148418
0.0149894
0.0151177
0.0152304
0.0153518
0.0155175
0.0157402
0.0159943
0.016237
0.0164755
0.0167391
0.0170143
0.0172839
0.0175604
0.0178385
0.0181105
0.018396
0.0186884
0.0189522
0.0192215
0.0195321
0.0198773
0.0202492
0.0206361
0.0210128
0.0213674
0.0217258
0.0220968
0.022458
0.0228002
0.0231356
0.0234658
0.0238027
0.0241578
0.0245302
0.0249046
0.0252813
0.0256953
0.0261326
0.026562
0.0269956
0.0274814
0.027985
0.0284589
0.0288797
0.0292581
0.0296514
0.0301405
0.0307149
0.0313
0.0318587
0.0323831
0.0329152
0.0334527
0.0339844
0.0345303
0.0351238
0.0356983
0.0362994
0.0369249
0.0375572
0.0381807
0.0388354
0.0395108
0.0401985
0.0409012
0.0416183
0.0423618
0.0431032
0.0439043
0.0446862
0.0454815
0.0462837
0.0471247
0.047998
0.0488592
0.0497325
0.0505946
0.0514762
0.0524196
0.0533377
0.0542976
0.055247
0.0562009
0.0571427
0.0580588
0.0588983
0.0595337
0.0191716
0.0190431
0.0181781
0.0169264
0.0157683
0.0147399
0.0140096
0.0138547
0.0141481
0.0144568
0.0146081
0.0147287
0.0148841
0.015035
0.0151578
0.0152608
0.0153787
0.01555
0.015777
0.0160257
0.0162578
0.0164913
0.0167568
0.0170342
0.0173008
0.017572
0.0178483
0.0181219
0.0184073
0.0186979
0.0189623
0.0192338
0.0195444
0.0198875
0.0202571
0.0206416
0.0210153
0.0213676
0.0217256
0.0220977
0.0224591
0.0227999
0.0231346
0.0234669
0.0238066
0.024162
0.0245331
0.0249075
0.0252857
0.0256995
0.0261353
0.0265645
0.0269986
0.0274829
0.0279833
0.0284552
0.0288779
0.0292616
0.0296594
0.030148
0.0307183
0.0313
0.0318579
0.0323824
0.0329151
0.0334531
0.0339857
0.0345322
0.0351253
0.0357
0.0363012
0.0369262
0.0375583
0.0381823
0.0388373
0.0395125
0.0402002
0.0409029
0.0416199
0.0423634
0.0431048
0.0439052
0.0446867
0.0454824
0.046285
0.0471255
0.047998
0.0488588
0.0497324
0.050595
0.051477
0.0524201
0.0533381
0.0542975
0.0552475
0.0562013
0.0571439
0.0580624
0.0589024
0.0595359
0.0188548
0.0188214
0.0180748
0.0169571
0.0159251
0.0149496
0.01421
0.0140109
0.0142402
0.0145015
0.0146368
0.0147604
0.0149251
0.0150824
0.0152011
0.0152934
0.0154068
0.0155834
0.0158148
0.016058
0.0162795
0.0165077
0.0167754
0.017055
0.0173185
0.0175842
0.0178586
0.0181339
0.0184192
0.0187079
0.0189728
0.0192464
0.0195569
0.0198979
0.0202653
0.0206474
0.0210181
0.0213679
0.0217255
0.0220988
0.0224604
0.0227996
0.0231336
0.023468
0.0238106
0.0241663
0.0245361
0.0249105
0.0252903
0.0257039
0.0261381
0.026567
0.0270017
0.0274845
0.0279816
0.0284515
0.0288762
0.0292653
0.0296677
0.0301558
0.0307218
0.0313001
0.0318571
0.0323818
0.032915
0.0334536
0.033987
0.0345341
0.0351269
0.0357017
0.0363031
0.0369275
0.0375595
0.0381841
0.0388393
0.0395143
0.040202
0.0409047
0.0416215
0.0423651
0.0431064
0.0439062
0.0446872
0.0454833
0.0462863
0.0471264
0.0479981
0.0488585
0.0497323
0.0505955
0.0514779
0.0524206
0.0533386
0.0542975
0.0552481
0.0562017
0.0571453
0.0580663
0.0589067
0.0595381
0.0185302
0.0186129
0.0179842
0.0169685
0.0160618
0.0151524
0.0144049
0.0141739
0.0143488
0.0145548
0.0146642
0.0147885
0.0149643
0.0151309
0.0152473
0.0153286
0.0154364
0.0156177
0.0158538
0.0160913
0.0163018
0.0165248
0.0167949
0.0170769
0.0173372
0.017597
0.0178694
0.0181465
0.0184319
0.0187185
0.0189837
0.0192592
0.0195695
0.0199084
0.0202738
0.0206536
0.0210211
0.0213683
0.0217255
0.0221
0.0224618
0.0227995
0.0231326
0.0234692
0.0238148
0.0241709
0.0245391
0.0249136
0.025295
0.0257084
0.026141
0.0265696
0.0270048
0.0274862
0.02798
0.028448
0.0288746
0.0292691
0.0296759
0.0301636
0.0307254
0.0313003
0.0318562
0.0323812
0.032915
0.033454
0.0339885
0.0345362
0.0351285
0.0357034
0.0363051
0.0369289
0.0375608
0.0381859
0.0388413
0.0395161
0.0402038
0.0409065
0.0416232
0.0423668
0.0431082
0.0439073
0.0446878
0.0454842
0.0462876
0.0471274
0.0479982
0.0488582
0.0497323
0.0505959
0.0514788
0.0524211
0.053339
0.0542974
0.0552486
0.0562023
0.0571467
0.0580703
0.0589112
0.0595405
0.0181929
0.0184041
0.0179135
0.016969
0.0161718
0.0153492
0.0145971
0.0143375
0.0144727
0.0146205
0.014692
0.014813
0.0150014
0.0151795
0.0152957
0.0153663
0.0154675
0.0156533
0.0158941
0.0161257
0.0163248
0.0165425
0.0168152
0.0170999
0.0173568
0.0176104
0.0178807
0.0181598
0.0184452
0.0187296
0.018995
0.0192724
0.0195824
0.0199192
0.0202826
0.0206602
0.0210244
0.0213689
0.0217256
0.0221013
0.0224636
0.0227995
0.0231316
0.0234704
0.0238192
0.0241757
0.0245423
0.0249168
0.0252998
0.0257131
0.026144
0.0265722
0.027008
0.0274879
0.0279784
0.0284445
0.0288732
0.0292729
0.0296842
0.0301715
0.0307291
0.0313006
0.0318554
0.0323807
0.0329149
0.0334546
0.0339899
0.0345382
0.0351302
0.0357053
0.0363072
0.0369304
0.0375622
0.0381877
0.0388435
0.0395181
0.0402058
0.0409084
0.041625
0.0423686
0.04311
0.0439085
0.0446884
0.0454852
0.046289
0.0471283
0.0479983
0.0488579
0.0497323
0.0505965
0.0514797
0.0524216
0.0533395
0.0542974
0.0552492
0.0562029
0.0571482
0.0580745
0.058916
0.0595431
0.0178502
0.0181792
0.0178597
0.0169721
0.0162517
0.0155355
0.0147908
0.0144975
0.0146074
0.0147022
0.0147227
0.0148335
0.0150359
0.0152279
0.0153458
0.0154064
0.0155004
0.0156901
0.0159358
0.0161616
0.0163486
0.0165606
0.0168363
0.017124
0.0173775
0.0176245
0.0178925
0.0181737
0.0184593
0.0187413
0.0190068
0.019286
0.0195955
0.0199301
0.0202917
0.0206672
0.021028
0.0213696
0.0217258
0.0221029
0.0224656
0.0227997
0.0231306
0.0234717
0.0238238
0.0241807
0.0245456
0.02492
0.0253049
0.0257181
0.026147
0.0265748
0.0270113
0.0274897
0.0279768
0.0284411
0.0288718
0.0292768
0.0296923
0.0301792
0.0307328
0.0313009
0.0318546
0.0323801
0.032915
0.0334551
0.0339914
0.0345403
0.0351319
0.0357071
0.0363093
0.036932
0.0375636
0.0381897
0.0388457
0.0395201
0.0402078
0.0409104
0.0416269
0.0423705
0.0431119
0.0439098
0.0446892
0.0454863
0.0462904
0.0471293
0.0479985
0.0488577
0.0497323
0.050597
0.0514807
0.0524221
0.05334
0.0542974
0.0552498
0.0562037
0.0571498
0.0580789
0.058921
0.0595459
0.0175183
0.0179289
0.0178093
0.0169922
0.0163062
0.0157006
0.0149893
0.0146547
0.0147462
0.0148015
0.0147606
0.0148497
0.0150675
0.0152764
0.015397
0.0154482
0.0155349
0.0157284
0.015979
0.0161991
0.0163734
0.0165792
0.016858
0.0171492
0.0173993
0.0176394
0.0179048
0.0181883
0.0184742
0.0187537
0.0190189
0.0192999
0.019609
0.0199413
0.0203012
0.0206746
0.021032
0.0213706
0.0217262
0.0221046
0.0224678
0.0228001
0.0231297
0.0234731
0.0238285
0.0241859
0.024549
0.0249233
0.0253101
0.0257232
0.0261502
0.0265775
0.0270147
0.0274916
0.0279754
0.0284379
0.0288707
0.0292807
0.0297004
0.0301869
0.0307366
0.0313014
0.0318538
0.0323797
0.032915
0.0334556
0.0339929
0.0345425
0.0351337
0.0357091
0.0363116
0.0369336
0.0375651
0.0381918
0.038848
0.0395222
0.0402098
0.0409125
0.0416289
0.0423724
0.0431139
0.0439111
0.0446899
0.0454874
0.0462919
0.0471303
0.0479986
0.0488575
0.0497324
0.0505976
0.0514817
0.0524226
0.0533405
0.0542975
0.0552504
0.0562046
0.0571514
0.0580835
0.0589264
0.0595489
0.0172104
0.0176584
0.0177449
0.0170359
0.0163484
0.0158338
0.01519
0.0148158
0.0148821
0.0149156
0.0148114
0.0148628
0.015095
0.015325
0.0154491
0.0154911
0.0155704
0.0157681
0.0160243
0.0162384
0.0163995
0.0165982
0.0168802
0.0171755
0.0174224
0.0176551
0.0179177
0.0182035
0.0184899
0.0187667
0.0190315
0.0193141
0.0196227
0.0199528
0.0203109
0.0206824
0.0210363
0.0213717
0.0217267
0.0221066
0.0224704
0.0228007
0.0231288
0.0234744
0.0238334
0.0241913
0.0245525
0.0249266
0.0253154
0.0257286
0.0261535
0.0265802
0.0270181
0.0274935
0.0279739
0.0284348
0.0288697
0.0292846
0.0297083
0.0301945
0.0307405
0.0313019
0.0318531
0.0323793
0.0329151
0.0334562
0.0339945
0.0345447
0.0351355
0.0357111
0.0363139
0.0369353
0.0375666
0.0381939
0.0388504
0.0395244
0.040212
0.0409146
0.0416309
0.0423744
0.0431159
0.0439124
0.0446908
0.0454886
0.0462934
0.0471313
0.0479988
0.0488573
0.0497324
0.0505982
0.0514828
0.0524231
0.0533411
0.0542976
0.055251
0.0562056
0.0571532
0.0580882
0.058932
0.0595521
0.016931
0.0173832
0.0176523
0.0170949
0.0163969
0.0159321
0.015382
0.0149875
0.0150131
0.0150378
0.0148797
0.0148766
0.0151164
0.0153736
0.0155027
0.0155343
0.0156064
0.0158089
0.0160718
0.0162798
0.016427
0.016618
0.0169027
0.0172027
0.0174467
0.0176718
0.0179311
0.0182193
0.0185065
0.0187805
0.0190446
0.0193286
0.0196367
0.0199645
0.020321
0.0206906
0.021041
0.021373
0.0217273
0.0221089
0.0224732
0.0228015
0.023128
0.0234759
0.0238385
0.0241969
0.024556
0.0249299
0.0253208
0.0257341
0.0261569
0.026583
0.0270216
0.0274956
0.0279726
0.0284318
0.0288689
0.0292886
0.0297161
0.030202
0.0307444
0.0313026
0.0318525
0.0323789
0.0329153
0.0334568
0.0339961
0.034547
0.0351373
0.0357131
0.0363164
0.0369371
0.0375683
0.0381961
0.0388529
0.0395267
0.0402142
0.0409168
0.041633
0.0423765
0.043118
0.0439139
0.0446916
0.0454898
0.0462949
0.0471324
0.047999
0.0488572
0.0497325
0.0505988
0.0514839
0.0524237
0.0533416
0.0542977
0.0552516
0.0562067
0.057155
0.0580931
0.058938
0.0595556
0.0166761
0.0171181
0.0175274
0.0171504
0.0164669
0.0160059
0.0155499
0.015171
0.0151453
0.0151595
0.0149655
0.0148976
0.0151308
0.0154206
0.0155588
0.0155779
0.0156418
0.0158501
0.0161215
0.0163239
0.0164559
0.0166386
0.0169258
0.0172305
0.0174722
0.0176895
0.0179452
0.0182358
0.0185238
0.0187951
0.0190582
0.0193435
0.019651
0.0199765
0.0203314
0.0206992
0.0210461
0.0213746
0.0217282
0.0221113
0.0224763
0.0228025
0.0231273
0.0234774
0.0238438
0.0242028
0.0245597
0.0249333
0.0253265
0.0257399
0.0261605
0.0265858
0.0270252
0.0274978
0.0279714
0.028429
0.0288683
0.0292926
0.0297238
0.0302093
0.0307483
0.0313034
0.031852
0.0323787
0.0329156
0.0334574
0.0339978
0.0345493
0.0351392
0.0357152
0.0363189
0.036939
0.03757
0.0381984
0.0388554
0.039529
0.0402166
0.0409191
0.0416351
0.0423786
0.0431202
0.0439153
0.0446926
0.0454911
0.0462964
0.0471335
0.0479992
0.0488571
0.0497326
0.0505994
0.0514851
0.0524242
0.0533423
0.0542979
0.0552523
0.056208
0.0571569
0.0580982
0.0589443
0.0595592
0.0164411
0.0168722
0.0173794
0.0171828
0.0165589
0.0160746
0.0156839
0.0153566
0.0152882
0.0152759
0.0150626
0.0149325
0.0151405
0.0154631
0.0156181
0.0156228
0.0156761
0.0158909
0.0161731
0.0163715
0.0164868
0.0166599
0.0169497
0.017259
0.0174986
0.0177082
0.0179599
0.018253
0.0185421
0.0188104
0.0190724
0.0193587
0.0196655
0.0199889
0.0203422
0.0207083
0.0210516
0.0213765
0.0217292
0.022114
0.0224799
0.0228038
0.0231266
0.0234789
0.0238493
0.0242089
0.0245635
0.0249367
0.0253322
0.0257459
0.0261641
0.0265886
0.0270288
0.0275002
0.0279703
0.0284264
0.0288679
0.0292966
0.0297313
0.0302165
0.0307523
0.0313043
0.0318515
0.0323785
0.0329159
0.0334581
0.0339995
0.0345517
0.0351412
0.0357174
0.0363215
0.0369409
0.0375718
0.0382007
0.0388581
0.0395315
0.040219
0.0409215
0.0416374
0.0423808
0.0431224
0.0439169
0.0446935
0.0454924
0.046298
0.0471346
0.0479995
0.048857
0.0497327
0.0506
0.0514863
0.0524248
0.0533429
0.0542981
0.055253
0.0562094
0.0571589
0.0581034
0.058951
0.0595632
0.0162243
0.0166491
0.0172233
0.0171801
0.0166556
0.0161582
0.0157887
0.0155272
0.0154467
0.015392
0.0151625
0.0149835
0.0151513
0.0154987
0.0156797
0.0156703
0.0157085
0.01593
0.0162255
0.0164225
0.0165205
0.0166817
0.0169743
0.0172886
0.0175257
0.0177279
0.0179755
0.0182709
0.0185613
0.0188265
0.0190871
0.0193744
0.0196803
0.0200015
0.0203533
0.0207177
0.0210575
0.0213787
0.0217304
0.022117
0.0224837
0.0228054
0.0231261
0.0234805
0.023855
0.0242152
0.0245674
0.0249402
0.0253381
0.0257522
0.0261679
0.0265914
0.0270326
0.0275026
0.0279693
0.0284241
0.0288676
0.0293007
0.0297387
0.0302236
0.0307564
0.0313054
0.0318512
0.0323785
0.0329163
0.0334588
0.0340013
0.0345542
0.0351432
0.0357197
0.0363242
0.036943
0.0375736
0.0382032
0.0388608
0.039534
0.0402215
0.040924
0.0416397
0.0423831
0.0431247
0.0439186
0.0446946
0.0454938
0.0462997
0.0471357
0.0479998
0.048857
0.0497329
0.0506006
0.0514876
0.0524254
0.0533435
0.0542984
0.0552537
0.056211
0.057161
0.0581087
0.058958
0.0595674
0.0160248
0.0164499
0.0170729
0.0171447
0.0167346
0.0162643
0.0158836
0.0156678
0.0156131
0.0155192
0.0152593
0.0150458
0.0151698
0.0155277
0.0157412
0.0157221
0.0157394
0.0159667
0.0162783
0.0164765
0.0165581
0.0167046
0.016999
0.0173197
0.0175539
0.017748
0.0179918
0.0182898
0.0185815
0.0188434
0.0191022
0.0193905
0.0196956
0.0200144
0.0203649
0.0207277
0.0210638
0.0213812
0.0217319
0.0221203
0.022488
0.0228073
0.0231256
0.0234822
0.0238609
0.0242219
0.0245714
0.0249436
0.0253442
0.0257587
0.0261719
0.0265943
0.0270364
0.0275052
0.0279685
0.0284219
0.0288677
0.0293048
0.0297459
0.0302306
0.0307605
0.0313066
0.031851
0.0323785
0.0329168
0.0334595
0.0340031
0.0345568
0.0351452
0.035722
0.036327
0.0369451
0.0375756
0.0382057
0.0388636
0.0395367
0.0402241
0.0409265
0.0416421
0.0423855
0.0431271
0.0439203
0.0446957
0.0454953
0.0463013
0.0471369
0.0480001
0.048857
0.049733
0.0506013
0.0514889
0.0524261
0.0533442
0.0542988
0.0552545
0.0562127
0.0571633
0.0581142
0.0589653
0.0595719
0.0158365
0.016275
0.0169374
0.017091
0.0167787
0.0163795
0.0159917
0.0157782
0.0157687
0.0156645
0.0153577
0.0151113
0.015199
0.0155544
0.0157999
0.0157786
0.0157701
0.0159997
0.0163305
0.0165328
0.0165993
0.0167294
0.0170235
0.0173522
0.0175841
0.0177683
0.0180083
0.0183097
0.0186029
0.0188611
0.0191178
0.019407
0.0197113
0.0200276
0.0203767
0.0207383
0.0210707
0.0213839
0.0217336
0.022124
0.0224927
0.0228095
0.0231253
0.0234838
0.023867
0.0242288
0.0245755
0.0249471
0.0253503
0.0257654
0.0261759
0.0265971
0.0270403
0.027508
0.0279678
0.0284199
0.0288679
0.0293089
0.029753
0.0302374
0.0307647
0.0313079
0.031851
0.0323787
0.0329174
0.0334603
0.034005
0.0345595
0.0351473
0.0357244
0.03633
0.0369474
0.0375777
0.0382084
0.0388665
0.0395394
0.0402268
0.0409292
0.0416446
0.0423879
0.0431296
0.0439221
0.0446968
0.0454968
0.046303
0.0471381
0.0480004
0.0488571
0.0497332
0.0506019
0.0514902
0.0524267
0.0533449
0.0542993
0.0552552
0.0562146
0.0571657
0.0581198
0.058973
0.0595767
0.0156477
0.016123
0.0168216
0.017035
0.0167843
0.0164792
0.0161266
0.0158778
0.0158941
0.0158218
0.0154709
0.015175
0.0152347
0.0155835
0.0158555
0.0158391
0.0158019
0.016028
0.0163817
0.0165913
0.0166438
0.0167571
0.0170482
0.0173851
0.0176167
0.0177894
0.0180242
0.0183303
0.0186258
0.0188799
0.0191338
0.0194237
0.0197275
0.0200412
0.0203888
0.0207492
0.0210781
0.0213871
0.0217355
0.0221279
0.0224978
0.0228122
0.0231251
0.0234855
0.0238733
0.0242361
0.0245798
0.0249505
0.0253566
0.0257724
0.0261801
0.0266
0.0270444
0.027511
0.0279673
0.0284182
0.0288684
0.0293131
0.0297599
0.0302441
0.0307689
0.0313093
0.031851
0.032379
0.0329181
0.0334611
0.0340069
0.0345622
0.0351495
0.0357269
0.036333
0.0369497
0.0375798
0.0382111
0.0388696
0.0395422
0.0402296
0.0409319
0.0416472
0.0423905
0.0431321
0.043924
0.044698
0.0454983
0.0463048
0.0471393
0.0480009
0.0488572
0.0497334
0.0506026
0.0514916
0.0524274
0.0533457
0.0542999
0.055256
0.0562167
0.0571683
0.0581256
0.0589811
0.0595819
0.0154457
0.0159881
0.0167273
0.0169899
0.0167631
0.0165404
0.0162798
0.0159929
0.0159837
0.0159702
0.0156086
0.015243
0.0152693
0.0156163
0.0159101
0.0159033
0.0158365
0.0160509
0.0164302
0.0166525
0.0166907
0.0167874
0.0170741
0.017418
0.0176516
0.0178126
0.0180394
0.0183509
0.0186504
0.0189001
0.0191503
0.0194406
0.019744
0.0200554
0.0204012
0.0207606
0.0210862
0.0213908
0.0217376
0.022132
0.0225034
0.0228153
0.0231251
0.0234872
0.0238798
0.0242438
0.0245843
0.024954
0.025363
0.0257797
0.0261845
0.0266029
0.0270485
0.0275142
0.027967
0.0284167
0.0288691
0.0293174
0.0297666
0.0302506
0.0307731
0.031311
0.0318513
0.0323794
0.0329188
0.033462
0.0340089
0.0345651
0.0351517
0.0357294
0.0363362
0.0369522
0.0375821
0.0382139
0.0388727
0.0395452
0.0402325
0.0409347
0.0416499
0.0423931
0.0431347
0.0439259
0.0446993
0.0455
0.0463066
0.0471405
0.0480013
0.0488574
0.0497336
0.0506033
0.0514931
0.0524282
0.0533464
0.0543006
0.0552568
0.056219
0.057171
0.0581314
0.0589895
0.0595875
0.0152195
0.015859
0.0166548
0.0169644
0.0167339
0.0165515
0.0164243
0.0161445
0.0160559
0.0160857
0.0157662
0.0153307
0.015299
0.0156476
0.0159658
0.0159717
0.0158758
0.0160683
0.0164735
0.0167171
0.0167407
0.0168187
0.0171019
0.0174514
0.0176878
0.0178386
0.0180546
0.0183703
0.0186764
0.0189222
0.0191673
0.0194576
0.0197608
0.02007
0.0204141
0.0207723
0.0210949
0.021395
0.0217399
0.0221364
0.0225095
0.0228189
0.0231253
0.023489
0.0238863
0.0242517
0.0245891
0.0249574
0.0253694
0.0257872
0.0261891
0.0266058
0.0270527
0.0275176
0.0279669
0.0284155
0.0288701
0.0293217
0.0297732
0.0302569
0.0307774
0.0313127
0.0318516
0.03238
0.0329197
0.0334629
0.034011
0.034568
0.035154
0.035732
0.0363394
0.0369547
0.0375844
0.0382168
0.0388759
0.0395483
0.0402355
0.0409376
0.0416527
0.0423958
0.0431374
0.043928
0.0447006
0.0455016
0.0463084
0.0471418
0.0480018
0.0488577
0.0497339
0.050604
0.0514946
0.052429
0.0533471
0.0543015
0.0552577
0.0562215
0.057174
0.0581373
0.0589983
0.0595934
0.0149642
0.0157184
0.0165996
0.0169636
0.0167163
0.0165184
0.0165297
0.0163321
0.0161418
0.0161559
0.0159205
0.0154511
0.0153325
0.0156704
0.0160204
0.0160456
0.015923
0.0160815
0.0165079
0.0167845
0.0167961
0.0168497
0.0171305
0.0174871
0.017725
0.017867
0.0180709
0.0183882
0.0187029
0.0189466
0.0191854
0.0194746
0.0197779
0.020085
0.0204276
0.0207845
0.021104
0.0213998
0.0217426
0.0221409
0.0225161
0.0228232
0.0231259
0.0234908
0.0238931
0.0242599
0.0245941
0.0249609
0.0253759
0.025795
0.0261938
0.0266086
0.027057
0.0275212
0.0279671
0.0284145
0.0288714
0.0293261
0.0297797
0.0302631
0.0307817
0.0313147
0.0318522
0.0323807
0.0329207
0.0334639
0.0340132
0.034571
0.0351563
0.0357347
0.0363428
0.0369574
0.0375869
0.0382198
0.0388793
0.0395514
0.0402387
0.0409406
0.0416555
0.0423985
0.0431402
0.0439301
0.0447021
0.0455034
0.0463102
0.0471431
0.0480024
0.048858
0.0497342
0.0506047
0.0514962
0.0524298
0.0533479
0.0543025
0.0552586
0.0562241
0.0571772
0.0581434
0.0590074
0.0595998
0.0146856
0.0155463
0.01655
0.0169887
0.0167274
0.0164619
0.0165722
0.0165297
0.0162716
0.0161953
0.016042
0.0156012
0.0153875
0.0156826
0.0160667
0.0161238
0.0159819
0.0160949
0.0165298
0.0168511
0.01686
0.0168811
0.017157
0.0175257
0.0177646
0.0178965
0.018089
0.0184055
0.0187285
0.0189731
0.0192052
0.0194917
0.019795
0.0201004
0.0204415
0.0207973
0.0211137
0.0214052
0.0217458
0.0221457
0.022523
0.022828
0.0231267
0.0234926
0.0239001
0.0242685
0.0245993
0.0249644
0.0253825
0.025803
0.0261988
0.0266115
0.0270614
0.0275251
0.0279675
0.0284138
0.0288729
0.0293305
0.029786
0.0302692
0.0307861
0.0313167
0.0318529
0.0323816
0.0329219
0.033465
0.0340154
0.0345742
0.0351587
0.0357375
0.0363463
0.0369601
0.0375895
0.038223
0.0388827
0.0395547
0.0402419
0.0409437
0.0416585
0.0424014
0.0431431
0.0439324
0.0447035
0.0455052
0.0463121
0.0471445
0.048003
0.0488584
0.0497345
0.0506054
0.0514978
0.0524308
0.0533487
0.0543036
0.0552596
0.0562268
0.0571807
0.0581495
0.0590169
0.0596065
0.0144061
0.0153273
0.016487
0.0170353
0.0167793
0.0164092
0.016545
0.0166998
0.0164575
0.0162389
0.0161105
0.0157564
0.0154802
0.0156955
0.0160969
0.0161999
0.0160549
0.0161156
0.0165384
0.0169102
0.016934
0.0169166
0.0171783
0.0175655
0.0178091
0.0179271
0.018108
0.0184236
0.0187531
0.0190003
0.0192272
0.0195093
0.0198119
0.020116
0.0204557
0.0208107
0.021124
0.021411
0.0217493
0.0221509
0.0225303
0.0228334
0.0231279
0.0234945
0.0239071
0.0242775
0.0246047
0.0249679
0.0253891
0.0258114
0.026204
0.0266144
0.0270659
0.0275293
0.0279681
0.0284134
0.0288746
0.0293351
0.0297921
0.0302752
0.0307905
0.031319
0.0318537
0.0323826
0.0329231
0.0334661
0.0340177
0.0345774
0.0351612
0.0357404
0.0363499
0.036963
0.0375922
0.0382262
0.0388863
0.0395582
0.0402452
0.0409469
0.0416615
0.0424043
0.043146
0.0439347
0.0447051
0.0455071
0.0463141
0.0471459
0.0480037
0.0488588
0.0497348
0.0506061
0.0514995
0.0524317
0.0533494
0.054305
0.0552607
0.0562297
0.0571845
0.0581558
0.0590266
0.0596138
0.0141591
0.015062
0.0163869
0.0170906
0.0168752
0.0163886
0.0164637
0.0168059
0.0166817
0.0163251
0.0161339
0.0158831
0.0156094
0.0157294
0.0161113
0.0162632
0.0161383
0.0161525
0.0165387
0.016954
0.0170154
0.0169622
0.0171939
0.0176021
0.0178605
0.0179612
0.0181259
0.0184425
0.018778
0.0190271
0.0192511
0.0195286
0.0198287
0.0201316
0.0204703
0.0208247
0.0211353
0.0214174
0.0217532
0.0221564
0.0225382
0.0228393
0.0231294
0.0234963
0.0239144
0.024287
0.0246104
0.0249713
0.0253957
0.0258201
0.0262094
0.0266172
0.0270704
0.0275337
0.0279691
0.0284133
0.0288766
0.0293397
0.0297981
0.030281
0.030795
0.0313214
0.0318548
0.0323838
0.0329245
0.0334673
0.0340201
0.0345808
0.0351637
0.0357433
0.0363537
0.036966
0.037595
0.0382295
0.0388901
0.0395617
0.0402486
0.0409502
0.0416647
0.0424074
0.0431491
0.0439372
0.0447067
0.0455091
0.0463161
0.0471473
0.0480045
0.0488594
0.0497352
0.0506069
0.0515012
0.0524328
0.0533502
0.0543065
0.0552619
0.0562328
0.0571886
0.0581621
0.0590366
0.0596215
0.0139745
0.0147726
0.0162301
0.0171345
0.0170086
0.0164225
0.0163605
0.0168251
0.0169046
0.0164799
0.016147
0.0159537
0.01575
0.0158022
0.0161248
0.0163049
0.0162205
0.0162105
0.0165419
0.0169771
0.0170958
0.0170233
0.0172075
0.0176299
0.0179171
0.0180027
0.0181423
0.0184602
0.018805
0.0190539
0.019275
0.0195498
0.0198463
0.020147
0.0204852
0.0208391
0.0211473
0.0214247
0.0217573
0.0221621
0.0225466
0.0228459
0.0231313
0.0234982
0.0239216
0.024297
0.0246166
0.0249745
0.0254023
0.0258292
0.0262152
0.0266199
0.027075
0.0275385
0.0279704
0.0284135
0.0288788
0.0293444
0.029804
0.0302867
0.0307995
0.0313239
0.031856
0.0323853
0.0329261
0.0334686
0.0340226
0.0345842
0.0351663
0.0357463
0.0363575
0.0369691
0.0375979
0.038233
0.0388939
0.0395654
0.0402522
0.0409536
0.0416679
0.0424105
0.0431522
0.0439397
0.0447084
0.0455112
0.0463181
0.0471488
0.0480053
0.0488599
0.0497357
0.0506077
0.0515029
0.052434
0.053351
0.0543081
0.0552632
0.056236
0.0571931
0.0581686
0.0590468
0.0596297
0.0138664
0.0144939
0.0160109
0.0171417
0.0171642
0.0165211
0.0162725
0.0167583
0.0170818
0.0166992
0.0161927
0.0159689
0.0158658
0.0159131
0.0161601
0.0163281
0.0162865
0.0162848
0.016562
0.016983
0.0171631
0.0171005
0.0172274
0.0176452
0.0179738
0.0180554
0.0181599
0.0184736
0.0188338
0.0190829
0.0192979
0.0195718
0.0198657
0.0201623
0.0204997
0.020854
0.02116
0.0214328
0.0217618
0.022168
0.0225558
0.0228535
0.0231335
0.0235
0.023929
0.0243074
0.0246233
0.0249777
0.0254086
0.0258386
0.0262213
0.0266226
0.0270796
0.0275436
0.0279721
0.0284139
0.0288813
0.0293492
0.0298097
0.0302922
0.0308041
0.0313267
0.0318574
0.0323868
0.0329278
0.03347
0.0340252
0.0345878
0.035169
0.0357494
0.0363615
0.0369724
0.037601
0.0382365
0.0388979
0.0395692
0.0402558
0.0409571
0.0416713
0.0424138
0.0431554
0.0439423
0.0447101
0.0455133
0.0463202
0.0471504
0.0480063
0.0488606
0.0497361
0.0506086
0.0515047
0.0524352
0.0533518
0.05431
0.0552646
0.0562392
0.0571979
0.0581752
0.0590573
0.0596383
0.0138295
0.0142596
0.0157441
0.0170873
0.0173203
0.0166815
0.0162343
0.0166322
0.017175
0.0169494
0.0163079
0.0159612
0.0159255
0.0160353
0.016236
0.0163519
0.0163252
0.0163587
0.0166091
0.0169858
0.0172063
0.0171854
0.0172631
0.01765
0.0180225
0.0181198
0.0181841
0.0184811
0.0188614
0.0191165
0.0193205
0.0195924
0.0198872
0.0201787
0.0205136
0.0208691
0.0211737
0.0214419
0.0217668
0.0221738
0.0225654
0.022862
0.0231361
0.0235017
0.0239364
0.0243184
0.0246306
0.024981
0.0254147
0.0258483
0.026228
0.0266253
0.0270841
0.0275491
0.0279742
0.0284146
0.028884
0.0293542
0.0298154
0.0302976
0.0308087
0.0313297
0.0318591
0.0323886
0.0329296
0.0334716
0.034028
0.0345916
0.0351718
0.0357526
0.0363656
0.0369758
0.0376042
0.0382401
0.038902
0.0395732
0.0402596
0.0409608
0.0416748
0.0424172
0.0431587
0.0439451
0.044712
0.0455155
0.0463224
0.0471519
0.0480073
0.0488614
0.0497367
0.0506096
0.0515066
0.0524366
0.0533526
0.054312
0.0552663
0.0562426
0.0572032
0.058182
0.0590679
0.0596475
0.0138485
0.0140911
0.0154615
0.0169569
0.0174484
0.0168895
0.01627
0.0164874
0.0171654
0.017184
0.0165028
0.0159738
0.0159253
0.0161319
0.0163497
0.0164029
0.0163422
0.0164114
0.0166782
0.0170053
0.017225
0.0172623
0.0173203
0.0176533
0.0180559
0.0181912
0.0182208
0.0184846
0.0188835
0.0191548
0.0193462
0.0196103
0.0199092
0.0201979
0.0205274
0.0208835
0.0211882
0.0214521
0.0217725
0.0221796
0.0225753
0.0228717
0.0231394
0.023503
0.0239437
0.0243299
0.0246385
0.0249842
0.0254205
0.0258582
0.0262351
0.0266282
0.0270886
0.0275549
0.0279768
0.0284156
0.0288868
0.0293592
0.029821
0.030303
0.0308133
0.0313328
0.031861
0.0323905
0.0329317
0.0334732
0.0340308
0.0345954
0.0351747
0.0357559
0.0363699
0.0369794
0.0376076
0.0382439
0.0389063
0.0395773
0.0402634
0.0409645
0.0416783
0.0424206
0.0431621
0.0439479
0.0447139
0.0455177
0.0463246
0.0471536
0.0480085
0.0488622
0.0497372
0.0506106
0.0515084
0.052438
0.0533535
0.0543142
0.0552682
0.056246
0.0572088
0.058189
0.0590786
0.0596571
0.0139075
0.0139928
0.0151976
0.0167574
0.0175177
0.0171197
0.016388
0.0163685
0.0170637
0.0173549
0.0167551
0.0160481
0.0158931
0.0161701
0.0164722
0.0165011
0.016362
0.0164274
0.016748
0.0170578
0.0172353
0.0173149
0.0173934
0.0176682
0.0180718
0.0182607
0.0182736
0.0184896
0.0188968
0.0191946
0.0193781
0.0196266
0.0199288
0.0202199
0.0205426
0.0208966
0.0212029
0.0214636
0.0217788
0.0221856
0.0225855
0.0228823
0.0231436
0.0235042
0.0239507
0.0243421
0.0246473
0.0249876
0.0254261
0.0258682
0.0262426
0.0266312
0.0270931
0.0275609
0.0279798
0.0284168
0.0288898
0.0293645
0.0298266
0.0303082
0.030818
0.0313361
0.0318631
0.0323927
0.0329338
0.0334749
0.0340338
0.0345994
0.0351777
0.0357592
0.0363742
0.0369831
0.0376111
0.0382477
0.0389106
0.0395816
0.0402674
0.0409683
0.041682
0.0424242
0.0431656
0.0439509
0.044716
0.0455201
0.0463269
0.0471552
0.0480097
0.0488631
0.0497378
0.0506118
0.0515103
0.0524396
0.0533544
0.0543165
0.0552704
0.0562495
0.0572148
0.0581962
0.0590895
0.0596672
0.0139924
0.0139573
0.0149789
0.0165169
0.017507
0.0173388
0.0165798
0.0163148
0.0169067
0.0174275
0.0170221
0.016205
0.0158696
0.0161442
0.0165648
0.0166422
0.0164161
0.0164127
0.0167898
0.0171406
0.0172617
0.0173369
0.0174642
0.0177054
0.0180775
0.0183176
0.0183408
0.0185031
0.0189013
0.0192313
0.019417
0.0196448
0.0199444
0.0202429
0.0205613
0.0209092
0.0212168
0.0214765
0.0217861
0.0221917
0.0225963
0.0228941
0.0231487
0.0235053
0.023957
0.0243547
0.024657
0.024991
0.0254313
0.0258785
0.0262505
0.0266342
0.0270976
0.0275672
0.0279833
0.0284184
0.028893
0.0293698
0.0298322
0.0303134
0.0308227
0.0313396
0.0318655
0.0323951
0.0329362
0.0334768
0.0340369
0.0346036
0.0351808
0.0357626
0.0363786
0.036987
0.0376148
0.0382517
0.0389152
0.039586
0.0402715
0.0409723
0.0416858
0.0424279
0.0431693
0.0439539
0.0447181
0.0455225
0.0463292
0.047157
0.048011
0.0488641
0.0497384
0.050613
0.0515122
0.0524413
0.0533554
0.054319
0.0552728
0.0562531
0.0572211
0.0582036
0.0591004
0.0596778
0.014089
0.0139751
0.0148161
0.016269
0.0174163
0.0175108
0.0168182
0.0163476
0.0167421
0.0173942
0.017254
0.016435
0.0158968
0.0160794
0.0165949
0.0167945
0.0165292
0.016397
0.0167825
0.0172286
0.0173277
0.0173444
0.0175115
0.0177638
0.0180881
0.0183549
0.0184141
0.0185316
0.0189004
0.0192604
0.0194607
0.0196681
0.0199566
0.0202635
0.0205838
0.0209235
0.0212289
0.0214899
0.0217947
0.0221977
0.0226072
0.0229069
0.0231549
0.0235064
0.0239627
0.0243677
0.0246679
0.0249946
0.0254361
0.0258891
0.026259
0.0266372
0.0271021
0.027574
0.0279874
0.0284203
0.0288963
0.0293753
0.0298379
0.0303187
0.0308275
0.0313432
0.031868
0.0323977
0.0329388
0.0334788
0.03404
0.0346078
0.035184
0.035766
0.0363832
0.0369911
0.0376187
0.0382558
0.0389199
0.0395906
0.0402757
0.0409763
0.0416897
0.0424316
0.043173
0.043957
0.0447203
0.045525
0.0463316
0.0471588
0.0480124
0.0488652
0.049739
0.0506144
0.0515141
0.052443
0.0533566
0.0543215
0.0552756
0.0562567
0.0572278
0.0582114
0.0591113
0.0596887
0.0141802
0.0140383
0.0147089
0.0160392
0.0172673
0.0176116
0.0170676
0.0164668
0.0166172
0.017279
0.0174056
0.0167017
0.0160004
0.0160134
0.0165548
0.0169162
0.0166973
0.0164181
0.0167287
0.0172864
0.0174358
0.0173666
0.0175238
0.0178252
0.0181191
0.0183764
0.0184816
0.0185779
0.0189009
0.0192797
0.0195061
0.0196983
0.0199683
0.0202799
0.0206081
0.0209416
0.0212402
0.0215022
0.0218049
0.0222042
0.022618
0.022921
0.0231623
0.0235075
0.0239678
0.0243808
0.0246799
0.0249985
0.0254404
0.0258998
0.0262681
0.0266402
0.0271064
0.0275814
0.027992
0.0284223
0.0288997
0.029381
0.0298436
0.0303239
0.0308323
0.031347
0.0318707
0.0324005
0.0329416
0.0334809
0.0340433
0.0346123
0.0351875
0.0357696
0.0363878
0.0369953
0.0376228
0.0382599
0.0389248
0.0395953
0.0402799
0.0409805
0.0416938
0.0424356
0.0431769
0.0439602
0.0447226
0.0455276
0.046334
0.0471607
0.0480139
0.0488665
0.0497397
0.050616
0.0515161
0.0524448
0.0533579
0.0543242
0.0552788
0.0562605
0.0572348
0.0582195
0.0591222
0.0597
0.0142448
0.0141364
0.0146568
0.0158401
0.0170863
0.0176372
0.0172922
0.0166525
0.0165654
0.0171252
0.0174558
0.0169583
0.0161812
0.0159869
0.0164678
0.0169727
0.0168869
0.0165068
0.0166609
0.0172837
0.017559
0.0174321
0.0175131
0.0178646
0.0181741
0.0183975
0.0185319
0.0186364
0.0189101
0.0192887
0.0195492
0.0197354
0.0199818
0.0202924
0.0206315
0.0209638
0.0212528
0.0215124
0.0218155
0.0222121
0.0226288
0.0229362
0.0231714
0.0235087
0.023972
0.024394
0.024693
0.025003
0.0254441
0.0259107
0.0262781
0.0266432
0.0271102
0.0275891
0.0279976
0.0284245
0.0289031
0.0293868
0.0298493
0.0303291
0.0308373
0.0313509
0.0318735
0.0324034
0.0329447
0.0334833
0.0340467
0.0346168
0.0351911
0.0357732
0.0363925
0.0369998
0.037627
0.0382642
0.0389298
0.0396003
0.0402843
0.0409847
0.041698
0.0424396
0.0431808
0.0439636
0.044725
0.0455304
0.0463365
0.0471628
0.0480155
0.0488678
0.0497403
0.0506177
0.0515181
0.0524467
0.0533595
0.0543269
0.0552823
0.0562644
0.057242
0.058228
0.0591332
0.0597116
0.0142639
0.0142511
0.014661
0.0156789
0.0168925
0.017598
0.0174655
0.0168715
0.0165967
0.0169795
0.0174148
0.0171585
0.0164119
0.0160278
0.0163696
0.0169537
0.0170546
0.0166657
0.0166227
0.0172186
0.0176584
0.0175511
0.0175108
0.0178645
0.0182371
0.0184365
0.0185652
0.0186959
0.018935
0.019291
0.0195853
0.0197791
0.0199987
0.0203015
0.0206527
0.0209891
0.0212687
0.0215214
0.0218249
0.0222212
0.0226399
0.0229517
0.0231823
0.0235102
0.0239754
0.0244075
0.0247071
0.0250078
0.0254471
0.0259215
0.0262891
0.0266465
0.0271135
0.0275971
0.0280041
0.028427
0.0289063
0.0293928
0.0298551
0.0303342
0.0308425
0.0313552
0.0318766
0.0324064
0.032948
0.0334859
0.0340503
0.0346215
0.0351948
0.0357769
0.0363972
0.0370045
0.0376314
0.0382684
0.038935
0.0396054
0.0402888
0.0409891
0.0417022
0.0424438
0.0431849
0.0439669
0.0447275
0.0455332
0.0463391
0.0471649
0.0480172
0.0488693
0.0497411
0.0506195
0.0515202
0.0524485
0.0533613
0.0543297
0.0552861
0.0562684
0.0572495
0.0582369
0.0591441
0.0597234
0.014229
0.0143565
0.0147164
0.0155669
0.0167011
0.0175088
0.017576
0.0170902
0.0167004
0.0168801
0.0173168
0.0172758
0.0166515
0.0161408
0.0162974
0.0168763
0.0171614
0.0168626
0.0166507
0.0171214
0.0176971
0.0177
0.0175506
0.0178317
0.0182804
0.0185015
0.0185946
0.0187431
0.0189754
0.0192947
0.0196103
0.0198282
0.0200218
0.0203069
0.020671
0.0210163
0.0212884
0.0215309
0.021832
0.0222304
0.0226524
0.0229678
0.0231945
0.0235123
0.0239778
0.0244212
0.0247227
0.0250131
0.0254496
0.0259321
0.026301
0.0266503
0.0271162
0.0276052
0.0280117
0.0284299
0.0289094
0.029399
0.0298612
0.0303394
0.0308476
0.0313597
0.0318799
0.0324097
0.0329515
0.0334887
0.034054
0.0346263
0.0351987
0.0357807
0.0364021
0.0370094
0.037636
0.0382728
0.0389403
0.0396107
0.0402933
0.0409936
0.0417066
0.0424481
0.0431892
0.0439704
0.0447301
0.0455361
0.0463416
0.0471672
0.0480189
0.0488708
0.0497419
0.0506214
0.0515224
0.0524504
0.0533635
0.0543325
0.0552902
0.0562728
0.057257
0.0582462
0.0591551
0.0597355
0.0141468
0.0144289
0.0148036
0.0155138
0.0165298
0.0173842
0.0176235
0.0172797
0.01685
0.0168449
0.0172004
0.0173113
0.0168603
0.0163086
0.0162804
0.0167746
0.0171925
0.0170535
0.0167535
0.017036
0.017664
0.0178382
0.0176501
0.0177975
0.0182819
0.0185798
0.0186392
0.0187722
0.0190206
0.0193082
0.0196225
0.0198774
0.0200556
0.0203091
0.020684
0.0210456
0.0213116
0.0215419
0.0218377
0.0222383
0.0226661
0.0229856
0.0232078
0.0235148
0.0239791
0.0244346
0.0247398
0.0250189
0.0254512
0.0259428
0.026314
0.0266546
0.0271183
0.0276131
0.02802
0.0284335
0.0289124
0.0294051
0.0298676
0.0303447
0.0308527
0.0313644
0.0318834
0.032413
0.0329552
0.0334917
0.0340579
0.0346313
0.0352027
0.0357845
0.036407
0.0370146
0.0376408
0.0382771
0.0389458
0.0396161
0.040298
0.0409982
0.0417112
0.0424525
0.0431935
0.043974
0.0447327
0.0455392
0.0463442
0.0471696
0.0480207
0.0488725
0.0497428
0.0506235
0.0515249
0.0524521
0.0533659
0.0543355
0.0552945
0.0562775
0.0572647
0.0582558
0.0591662
0.0597477
0.014033
0.0144587
0.0148963
0.0155169
0.0163985
0.0172429
0.0176158
0.0174227
0.0170154
0.0168717
0.0170991
0.0172839
0.0170111
0.0164983
0.0163275
0.0166849
0.0171596
0.0172003
0.0169079
0.0170018
0.0175823
0.0179257
0.0177925
0.0177978
0.0182425
0.0186451
0.0187133
0.0187952
0.0190585
0.0193367
0.0196268
0.0199179
0.0201025
0.0203128
0.0206873
0.0210764
0.0213404
0.0215541
0.0218427
0.022244
0.0226794
0.0230059
0.0232228
0.0235173
0.0239797
0.0244479
0.0247584
0.0250256
0.0254513
0.0259529
0.0263284
0.0266595
0.0271199
0.0276211
0.0280292
0.0284375
0.0289154
0.0294112
0.0298741
0.0303501
0.0308578
0.0313693
0.0318873
0.0324165
0.0329591
0.0334948
0.034062
0.0346366
0.035207
0.0357882
0.0364119
0.0370202
0.0376459
0.0382815
0.0389514
0.0396217
0.0403027
0.041003
0.0417157
0.0424571
0.0431979
0.0439777
0.0447355
0.0455424
0.0463469
0.0471723
0.0480226
0.0488742
0.0497438
0.0506256
0.0515275
0.0524538
0.0533687
0.0543386
0.055299
0.0562825
0.0572724
0.0582657
0.0591774
0.05976
0.013901
0.0144514
0.014973
0.015558
0.0163188
0.0171074
0.0175665
0.0175155
0.0171714
0.0169462
0.0170361
0.0172209
0.0170964
0.0166751
0.0164238
0.0166341
0.0170904
0.0172849
0.017078
0.0170349
0.0174928
0.0179441
0.0179396
0.0178542
0.0181868
0.0186695
0.0188072
0.0188301
0.0190798
0.0193752
0.0196341
0.0199427
0.0201591
0.0203271
0.0206779
0.0211029
0.021378
0.0215689
0.0218462
0.0222485
0.0226912
0.0230282
0.0232408
0.0235193
0.0239788
0.0244609
0.024779
0.0250339
0.0254501
0.025962
0.0263445
0.0266654
0.0271206
0.0276288
0.0280392
0.0284419
0.0289185
0.0294175
0.0298808
0.0303558
0.0308631
0.0313742
0.0318912
0.0324204
0.0329634
0.0334981
0.034066
0.034642
0.0352117
0.0357919
0.0364167
0.037026
0.0376512
0.0382859
0.0389572
0.0396275
0.0403077
0.0410079
0.0417205
0.0424618
0.0432024
0.0439815
0.0447383
0.0455458
0.0463495
0.047175
0.0480246
0.0488759
0.0497451
0.0506278
0.0515303
0.0524555
0.0533718
0.054342
0.0553036
0.056288
0.0572803
0.0582759
0.0591887
0.0597724
0.0137568
0.0144165
0.0150261
0.0156141
0.0162861
0.0169958
0.017491
0.01756
0.0173003
0.0170457
0.017021
0.0171518
0.0171262
0.0168163
0.0165431
0.0166297
0.0170134
0.0173075
0.0172282
0.0171227
0.0174343
0.0179092
0.0180537
0.0179619
0.0181519
0.0186469
0.0188969
0.0188924
0.0190899
0.0194109
0.019653
0.0199523
0.0202153
0.0203616
0.020661
0.0211155
0.0214243
0.0215908
0.0218465
0.022251
0.0227019
0.0230514
0.0232631
0.0235223
0.023975
0.024473
0.0248015
0.025044
0.0254475
0.0259694
0.0263622
0.0266731
0.0271205
0.0276363
0.0280502
0.0284465
0.0289215
0.029424
0.0298876
0.0303613
0.0308686
0.0313794
0.0318952
0.0324243
0.032968
0.0335016
0.0340701
0.0346476
0.0352166
0.0357956
0.0364216
0.0370322
0.0376567
0.0382903
0.038963
0.0396333
0.0403126
0.041013
0.0417253
0.0424667
0.043207
0.0439854
0.0447411
0.0455493
0.0463522
0.047178
0.0480267
0.0488775
0.0497466
0.0506299
0.0515333
0.0524572
0.0533752
0.0543456
0.0553081
0.0562939
0.0572883
0.0582862
0.0592001
0.0597849
0.013603
0.0143575
0.015056
0.0156701
0.016286
0.0169154
0.0174046
0.0175618
0.0173918
0.0171457
0.0170461
0.0171015
0.0171198
0.016917
0.0166635
0.0166647
0.0169542
0.0172851
0.0173361
0.017237
0.0174239
0.0178534
0.0181118
0.018089
0.0181636
0.018596
0.0189561
0.0189814
0.0191051
0.0194332
0.019683
0.0199531
0.0202564
0.0204161
0.0206501
0.0211076
0.0214722
0.0216277
0.0218455
0.0222478
0.0227116
0.0230742
0.0232887
0.0235283
0.0239683
0.0244831
0.0248269
0.0250568
0.0254436
0.0259745
0.0263808
0.0266828
0.0271198
0.0276428
0.0280622
0.0284518
0.0289241
0.0294308
0.029895
0.0303669
0.030874
0.0313849
0.0318993
0.0324283
0.0329731
0.0335053
0.034074
0.0346534
0.035222
0.0357993
0.0364263
0.0370387
0.0376624
0.0382947
0.0389691
0.0396394
0.0403175
0.0410181
0.0417301
0.0424718
0.0432116
0.0439896
0.044744
0.0455529
0.0463548
0.047181
0.0480291
0.0488791
0.0497485
0.0506321
0.0515365
0.0524589
0.0533786
0.0543497
0.0553127
0.0563003
0.0572964
0.0582966
0.0592118
0.0597975
0.0134466
0.0142744
0.0150626
0.0157206
0.016308
0.0168685
0.0173241
0.0175333
0.0174456
0.0172288
0.0170908
0.0170784
0.0170954
0.0169782
0.0167697
0.0167225
0.0169244
0.0172404
0.0173954
0.0173503
0.0174556
0.0178083
0.0181203
0.0181994
0.0182236
0.0185462
0.0189702
0.019078
0.0191421
0.0194439
0.0197193
0.0199592
0.0202769
0.0204792
0.0206584
0.021081
0.0215074
0.0216822
0.0218521
0.0222363
0.022719
0.023099
0.023317
0.0235381
0.0239594
0.0244884
0.0248544
0.0250736
0.0254386
0.0259767
0.0264002
0.0266951
0.0271192
0.0276483
0.0280749
0.0284579
0.0289263
0.0294372
0.0299031
0.0303727
0.0308791
0.0313907
0.0319036
0.0324323
0.0329786
0.0335096
0.034078
0.034659
0.0352276
0.035803
0.0364311
0.0370455
0.0376682
0.038299
0.0389752
0.0396458
0.0403227
0.0410235
0.041735
0.042477
0.0432161
0.0439936
0.0447469
0.0455566
0.0463578
0.047184
0.0480317
0.0488806
0.0497508
0.0506343
0.0515398
0.0524609
0.0533822
0.0543541
0.0553171
0.0563069
0.0573049
0.058307
0.0592235
0.0598101
0.0133039
0.0141736
0.0150431
0.0157593
0.0163427
0.0168516
0.0172615
0.0174877
0.0174671
0.0172885
0.0171365
0.0170772
0.0170691
0.0170055
0.0168537
0.0167884
0.0169235
0.0171957
0.0174133
0.0174449
0.0175129
0.0177918
0.0181061
0.018273
0.018313
0.018526
0.0189473
0.0191579
0.0192032
0.0194507
0.0197501
0.0199771
0.0202823
0.0205362
0.0206934
0.0210509
0.0215168
0.0217448
0.0218756
0.0222169
0.0227168
0.023126
0.0233493
0.0235516
0.0239503
0.0244886
0.0248826
0.0250963
0.0254334
0.0259751
0.0264197
0.02671
0.0271187
0.0276523
0.028088
0.0284652
0.0289282
0.0294432
0.029912
0.0303792
0.0308839
0.0313964
0.0319084
0.0324364
0.0329842
0.0335141
0.0340822
0.0346649
0.0352334
0.0358065
0.0364359
0.0370528
0.0376742
0.0383033
0.0389813
0.0396521
0.0403276
0.041029
0.0417399
0.0424826
0.0432211
0.0439981
0.0447502
0.0455603
0.0463608
0.0471871
0.0480346
0.0488819
0.0497533
0.0506365
0.051543
0.0524632
0.0533858
0.054359
0.0553217
0.0563139
0.0573135
0.0583172
0.0592353
0.0598228
0.0131911
0.014071
0.0150001
0.0157775
0.0163793
0.0168564
0.017222
0.0174381
0.0174632
0.0173256
0.0171727
0.0170868
0.0170505
0.0170102
0.0169119
0.0168524
0.0169431
0.0171655
0.0174044
0.0175105
0.0175778
0.017799
0.0180897
0.0183067
0.0184007
0.0185437
0.0189092
0.0192048
0.0192792
0.0194662
0.0197699
0.0200029
0.0202814
0.0205747
0.0207477
0.0210364
0.0215019
0.0218009
0.0219234
0.0222013
0.0226987
0.0231505
0.0233887
0.0235681
0.0239402
0.0244837
0.0249089
0.0251251
0.0254302
0.0259686
0.0264385
0.0267283
0.0271188
0.0276552
0.0281014
0.0284735
0.0289301
0.0294484
0.0299212
0.0303864
0.0308886
0.0314018
0.0319134
0.0324408
0.0329902
0.0335189
0.0340864
0.0346708
0.0352397
0.0358102
0.0364408
0.0370605
0.0376801
0.0383075
0.0389876
0.0396589
0.0403329
0.0410347
0.0417447
0.042488
0.0432256
0.0440022
0.0447536
0.0455641
0.0463642
0.0471902
0.0480377
0.0488832
0.0497562
0.050639
0.0515461
0.0524659
0.0533894
0.0543641
0.0553262
0.0563209
0.0573227
0.0583274
0.0592471
0.0598355
0.0131111
0.0139792
0.0149431
0.0157711
0.016405
0.0168709
0.0172024
0.0173939
0.0174392
0.0173401
0.0171932
0.0170934
0.0170363
0.0170004
0.0169418
0.0169019
0.0169701
0.0171518
0.0173847
0.0175472
0.0176399
0.0178236
0.0180862
0.0183193
0.0184681
0.0185909
0.0188794
0.0192165
0.0193535
0.0194984
0.0197837
0.0200324
0.0202845
0.0205928
0.0208043
0.0210455
0.0214743
0.0218345
0.0219871
0.0222037
0.0226673
0.0231638
0.0234379
0.0235932
0.0239283
0.0244733
0.0249328
0.0251593
0.0254311
0.0259573
0.0264549
0.0267502
0.0271194
0.027656
0.0281153
0.0284831
0.028932
0.029453
0.0299307
0.0303944
0.0308923
0.0314068
0.0319182
0.0324452
0.0329965
0.0335241
0.0340905
0.0346768
0.0352462
0.0358136
0.0364456
0.0370691
0.0376865
0.0383118
0.0389938
0.0396657
0.0403379
0.0410404
0.0417497
0.0424937
0.0432306
0.0440064
0.0447571
0.0455673
0.0463677
0.0471932
0.0480409
0.0488845
0.0497592
0.0506419
0.051549
0.0524691
0.0533931
0.0543695
0.0553311
0.0563281
0.0573321
0.0583376
0.0592588
0.0598483
0.0130561
0.0139033
0.0148827
0.015745
0.0164124
0.0168839
0.0171949
0.0173624
0.0174057
0.0173351
0.0171995
0.0170923
0.0170236
0.0169851
0.0169515
0.0169334
0.0169958
0.0171498
0.0173653
0.0175604
0.0176892
0.0178564
0.018094
0.0183272
0.0185117
0.0186493
0.0188736
0.0192044
0.0194099
0.0195436
0.019796
0.0200594
0.0202953
0.0205981
0.0208516
0.0210764
0.0214522
0.0218424
0.0220493
0.0222306
0.0226335
0.0231547
0.0234892
0.0236341
0.0239165
0.0244539
0.0249539
0.025199
0.0254367
0.0259422
0.0264678
0.0267757
0.0271219
0.0276544
0.0281292
0.0284945
0.0289337
0.0294564
0.0299403
0.0304031
0.0308975
0.031412
0.031923
0.0324496
0.0330034
0.0335297
0.0340942
0.0346828
0.0352532
0.0358169
0.03645
0.0370778
0.0376924
0.0383158
0.039
0.0396731
0.0403435
0.0410465
0.0417549
0.0424994
0.0432358
0.0440107
0.0447612
0.0455708
0.0463716
0.0471963
0.0480441
0.0488858
0.0497621
0.0506449
0.0515516
0.0524726
0.053397
0.0543748
0.0553361
0.0563353
0.0573419
0.0583477
0.0592703
0.0598609
0.0130243
0.0138472
0.0148281
0.0157097
0.0164012
0.0168871
0.0171896
0.01734
0.0173698
0.0173125
0.0171912
0.0170801
0.0170068
0.0169653
0.0169475
0.0169476
0.0170124
0.0171523
0.0173496
0.0175591
0.0177204
0.0178884
0.0181065
0.0183348
0.0185373
0.0187007
0.018892
0.0191869
0.0194423
0.0195957
0.0198138
0.0200817
0.0203125
0.0205975
0.0208825
0.0211161
0.0214451
0.0218356
0.0220964
0.0222775
0.0226152
0.0231236
0.0235278
0.0236942
0.0239132
0.0244207
0.0249684
0.0252461
0.0254483
0.0259236
0.0264764
0.0268043
0.0271267
0.0276499
0.0281427
0.0285087
0.0289359
0.0294587
0.0299499
0.0304125
0.0309029
0.0314173
0.0319275
0.0324537
0.0330107
0.0335363
0.0340978
0.0346888
0.0352606
0.0358203
0.0364543
0.0370873
0.037699
0.03832
0.0390059
0.0396799
0.0403489
0.0410521
0.04176
0.0425048
0.0432409
0.0440146
0.0447654
0.0455741
0.0463757
0.0471999
0.0480474
0.0488877
0.0497654
0.0506484
0.0515541
0.0524765
0.053401
0.0543802
0.0553415
0.0563424
0.0573517
0.0583579
0.0592815
0.0598735
0.0130142
0.0138093
0.0147808
0.0156705
0.0163745
0.016873
0.017175
0.0173155
0.0173316
0.017274
0.0171659
0.0170544
0.0169804
0.0169389
0.0169312
0.0169476
0.0170165
0.0171537
0.0173386
0.0175525
0.0177378
0.0179154
0.018122
0.0183426
0.0185537
0.0187368
0.0189207
0.0191754
0.0194496
0.0196417
0.0198393
0.0201009
0.0203362
0.0206015
0.0209022
0.0211566
0.0214533
0.0218263
0.0221237
0.0223276
0.0226217
0.023086
0.0235397
0.0237653
0.0239327
0.0243755
0.024967
0.0253009
0.0254692
0.0259008
0.0264792
0.026836
0.0271349
0.0276419
0.0281544
0.0285257
0.0289389
0.0294591
0.029959
0.0304226
0.0309088
0.0314233
0.0319325
0.0324571
0.0330178
0.0335435
0.0341009
0.0346944
0.0352689
0.035824
0.0364585
0.0370969
0.0377056
0.0383241
0.039012
0.0396871
0.0403548
0.0410579
0.0417657
0.0425105
0.0432463
0.0440187
0.0447698
0.0455772
0.0463794
0.0472032
0.0480502
0.0488896
0.0497686
0.0506521
0.0515566
0.0524808
0.0534056
0.0543855
0.0553474
0.0563499
0.0573617
0.0583681
0.0592927
0.059886
0.0130228
0.0137891
0.0147419
0.0156299
0.0163379
0.0168414
0.0171438
0.017278
0.0172849
0.01722
0.0171201
0.0170131
0.0169403
0.0169036
0.016904
0.0169366
0.0170107
0.0171502
0.0173304
0.0175433
0.0177458
0.0179341
0.0181373
0.0183511
0.0185664
0.0187624
0.0189498
0.0191771
0.0194434
0.0196711
0.0198687
0.0201154
0.0203584
0.0206099
0.0209117
0.0211907
0.0214719
0.0218226
0.0221397
0.0223699
0.0226466
0.0230601
0.0235243
0.0238276
0.0239843
0.0243336
0.0249397
0.0253577
0.025507
0.025875
0.0264728
0.0268709
0.0271478
0.0276307
0.0281631
0.0285459
0.0289441
0.0294577
0.0299671
0.0304332
0.030914
0.0314294
0.031938
0.0324602
0.033025
0.0335521
0.0341039
0.0346996
0.0352773
0.0358279
0.0364622
0.037106
0.0377123
0.0383284
0.039018
0.039694
0.0403608
0.0410635
0.0417713
0.0425158
0.0432514
0.0440227
0.0447744
0.0455808
0.0463837
0.047207
0.0480529
0.0488916
0.0497716
0.0506556
0.0515586
0.0524848
0.0534099
0.0543902
0.055353
0.0563569
0.0573714
0.0583781
0.0593033
0.059898
0.0130481
0.0137878
0.0147147
0.0155898
0.0162939
0.0167951
0.0170938
0.0172212
0.0172205
0.0171468
0.0170487
0.0169501
0.0168822
0.016855
0.0168664
0.0169162
0.0170004
0.0171433
0.0173251
0.0175344
0.0177477
0.0179454
0.0181483
0.0183585
0.0185736
0.0187788
0.0189707
0.0191847
0.0194351
0.0196833
0.0198973
0.0201308
0.020378
0.0206251
0.0209158
0.0212128
0.0214934
0.0218224
0.0221493
0.0224022
0.0226755
0.0230536
0.0234975
0.0238624
0.0240578
0.0243158
0.0248851
0.0254016
0.0255687
0.0258543
0.026453
0.0269074
0.0271688
0.0276173
0.0281672
0.0285689
0.0289534
0.0294554
0.0299737
0.0304448
0.0309198
0.0314356
0.0319446
0.0324626
0.0330313
0.0335613
0.0341068
0.034704
0.0352871
0.035832
0.0364663
0.0371158
0.0377197
0.0383335
0.0390243
0.0397008
0.0403672
0.0410694
0.0417776
0.0425217
0.0432569
0.0440271
0.044779
0.0455844
0.0463876
0.0472112
0.0480559
0.0488948
0.0497756
0.0506599
0.0515617
0.0524898
0.0534155
0.0543957
0.0553596
0.0563648
0.0573812
0.0583883
0.059314
0.05991
0.0130877
0.0138028
0.0146983
0.015549
0.016238
0.016729
0.0170187
0.0171357
0.0171268
0.0170458
0.0169465
0.0168575
0.0168003
0.0167859
0.0168135
0.0168833
0.0169856
0.0171347
0.0173204
0.0175275
0.0177441
0.0179509
0.0181556
0.0183668
0.0185799
0.0187892
0.0189853
0.0191925
0.0194308
0.0196843
0.0199181
0.0201494
0.020396
0.0206468
0.0209238
0.0212264
0.0215168
0.0218276
0.0221553
0.0224288
0.0226999
0.0230574
0.0234746
0.0238662
0.0241275
0.0243324
0.0248151
0.0254091
0.025647
0.0258488
0.0264142
0.0269371
0.0271989
0.0276022
0.0281631
0.0285915
0.0289664
0.029452
0.0299767
0.0304556
0.0309232
0.0314413
0.0319523
0.0324651
0.0330369
0.0335714
0.0341098
0.0347075
0.0352962
0.0358373
0.0364695
0.0371228
0.0377262
0.038338
0.0390298
0.0397067
0.0403731
0.0410746
0.041783
0.0425266
0.043261
0.0440309
0.0447833
0.0455878
0.0463911
0.0472146
0.0480575
0.0488966
0.0497784
0.0506626
0.0515636
0.0524937
0.05342
0.0543997
0.0553651
0.056372
0.0573905
0.058398
0.0593239
0.0599211
0.0131451
0.0138316
0.0146877
0.0155009
0.0161596
0.016626
0.0168971
0.0169999
0.0169831
0.0168995
0.0168038
0.0167286
0.0166901
0.0166957
0.0167467
0.0168424
0.0169693
0.0171297
0.0173179
0.0175235
0.0177361
0.0179483
0.0181579
0.018373
0.0185859
0.0187946
0.0189954
0.0191992
0.0194299
0.0196824
0.0199301
0.0201693
0.0204146
0.02067
0.0209375
0.021234
0.0215375
0.0218407
0.022163
0.0224569
0.0227257
0.0230681
0.0234701
0.0238593
0.0241816
0.0243897
0.0247657
0.0253792
0.0257324
0.0258807
0.026367
0.0269549
0.0272441
0.027594
0.0281527
0.0286149
0.0289868
0.0294516
0.0299783
0.0304664
0.0309305
0.0314472
0.0319607
0.0324677
0.0330413
0.0335814
0.0341138
0.0347104
0.0353072
0.0358426
0.0364737
0.0371313
0.0377345
0.0383448
0.0390361
0.0397132
0.04038
0.041081
0.0417903
0.0425332
0.0432663
0.044036
0.0447884
0.0455921
0.0463957
0.0472196
0.0480611
0.0489008
0.0497834
0.050667
0.0515671
0.0524991
0.0534261
0.0544051
0.0553719
0.0563801
0.0573997
0.0584078
0.0593342
0.0599324
0.0132689
0.0139105
0.0147047
0.0154497
0.0160484
0.0164662
0.0167019
0.0167808
0.0167534
0.0166717
0.0165893
0.0165377
0.0165287
0.0165673
0.016653
0.0167829
0.0169389
0.0171153
0.0173045
0.0175072
0.0177141
0.0179259
0.0181418
0.0183614
0.0185778
0.0187857
0.0189912
0.0191968
0.019422
0.0196747
0.01993
0.0201817
0.0204307
0.0206869
0.0209518
0.0212351
0.0215446
0.021851
0.0221635
0.022474
0.0227464
0.0230698
0.0234674
0.0238454
0.0241976
0.0244532
0.024746
0.0253085
0.0257833
0.0259445
0.0263196
0.026941
0.0272924
0.0275936
0.0281292
0.0286308
0.0290101
0.0294513
0.0299762
0.030474
0.0309359
0.0314536
0.0319701
0.0324707
0.0330456
0.0335911
0.0341173
0.0347122
0.0353091
0.0358486
0.0364765
0.0371358
0.0377416
0.0383511
0.0390409
0.0397187
0.0403859
0.0410859
0.0417958
0.042538
0.0432692
0.0440398
0.0447925
0.0455953
0.0463987
0.0472222
0.048062
0.0489024
0.0497866
0.0506695
0.0515695
0.0525033
0.0534308
0.0544089
0.0553773
0.0563876
0.0574083
0.0584168
0.0593434
0.0599427
0.0135335
0.0141393
0.0148622
0.0155082
0.0160032
0.0163317
0.0165035
0.0165434
0.0165015
0.0164298
0.0163761
0.0163642
0.0163971
0.0164766
0.0165942
0.0167485
0.0169224
0.0171074
0.0172953
0.0174914
0.0176944
0.0179022
0.018122
0.0183453
0.0185667
0.0187797
0.0189895
0.019202
0.0194228
0.019674
0.0199324
0.0201922
0.0204499
0.020705
0.0209711
0.0212463
0.0215519
0.0218672
0.0221745
0.022492
0.0227774
0.0230808
0.0234708
0.0238479
0.0241984
0.02451
0.0247782
0.0252412
0.0257905
0.0260346
0.0263073
0.0269027
0.0273394
0.0276177
0.0281038
0.0286406
0.0290404
0.0294569
0.0299753
0.030481
0.0309409
0.0314601
0.0319805
0.0324735
0.0330487
0.0336012
0.0341218
0.0347136
0.035322
0.0358575
0.0364801
0.0371406
0.0377502
0.0383592
0.0390448
0.0397239
0.0403928
0.041092
0.041803
0.0425447
0.0432735
0.0440446
0.0447979
0.0455997
0.0464034
0.0472271
0.0480659
0.0489066
0.0497912
0.0506729
0.0515724
0.0525083
0.0534363
0.0544138
0.0553837
0.0563954
0.0574167
0.0584259
0.0593532
0.0599529
0.0134544
0.0139194
0.0144977
0.0150215
0.0154271
0.0157052
0.0158826
0.0159813
0.0160337
0.0160726
0.016124
0.0162016
0.0163028
0.0164304
0.016574
0.0167361
0.0169108
0.0170914
0.0172747
0.0174623
0.0176609
0.017865
0.018082
0.0183081
0.0185348
0.0187607
0.0189781
0.0191993
0.0194213
0.0196699
0.0199321
0.0201951
0.0204621
0.0207173
0.020982
0.0212556
0.0215504
0.0218704
0.0221812
0.0224984
0.0228005
0.023094
0.0234653
0.0238507
0.0241932
0.0245376
0.0248338
0.0252036
0.0257513
0.0261114
0.0263367
0.0268506
0.0273588
0.0276579
0.0280795
0.0286336
0.0290691
0.0294656
0.0299726
0.0304858
0.0309442
0.031466
0.0319926
0.0324785
0.0330501
0.0336104
0.034127
0.034713
0.0353299
0.0358665
0.0364817
0.0371427
0.0377604
0.0383697
0.0390488
0.0397297
0.0404008
0.0410979
0.0418091
0.0425499
0.0432768
0.0440492
0.0448028
0.0456032
0.0464065
0.0472295
0.0480674
0.0489095
0.0497955
0.0506763
0.0515763
0.0525138
0.0534415
0.054418
0.0553892
0.056403
0.0574246
0.0584339
0.0593616
0.0599621
0.0153058
0.0151025
0.0148005
0.0145702
0.0144798
0.0145331
0.0147054
0.0149621
0.0152597
0.0155529
0.0158144
0.016044
0.0162437
0.0164221
0.0165826
0.0167385
0.0169004
0.0170701
0.0172487
0.0174328
0.0176275
0.0178307
0.018042
0.0182676
0.0184988
0.0187373
0.0189656
0.0191919
0.0194187
0.0196628
0.019928
0.0201941
0.0204673
0.0207299
0.0209922
0.0212688
0.0215551
0.0218711
0.0221908
0.0225055
0.0228186
0.0231136
0.023459
0.0238458
0.0241899
0.0245425
0.0248782
0.0251976
0.0256871
0.0261421
0.0263947
0.0268099
0.0273464
0.0277056
0.0280736
0.0286151
0.0290936
0.0294819
0.029971
0.0304905
0.0309479
0.0314675
0.0320036
0.0324862
0.0330498
0.0336185
0.034136
0.0347132
0.0353372
0.0358809
0.0364841
0.0371401
0.0377695
0.0383789
0.0390477
0.0397311
0.0404072
0.041103
0.0418147
0.0425541
0.0432789
0.044053
0.0448071
0.0456062
0.0464102
0.0472333
0.0480702
0.0489128
0.0497985
0.0506778
0.0515778
0.0525176
0.0534457
0.0544216
0.0553946
0.0564098
0.0574318
0.0584416
0.0593703
0.0599713
0.0147906
0.0144575
0.0140585
0.0137749
0.0136705
0.0137518
0.0139973
0.0143546
0.0147595
0.0151609
0.0155206
0.0158335
0.0160999
0.0163281
0.0165227
0.0166987
0.0168693
0.0170436
0.0172251
0.0174109
0.0176041
0.0178065
0.0180146
0.0182352
0.0184677
0.0187104
0.0189486
0.0191805
0.019415
0.0196607
0.0199251
0.0201973
0.0204709
0.0207427
0.0210036
0.0212792
0.0215644
0.0218708
0.0222013
0.0225167
0.0228348
0.0231405
0.023464
0.0238421
0.0241974
0.0245538
0.0249194
0.0252331
0.0256526
0.0261431
0.0264678
0.0268089
0.0273161
0.0277454
0.0280902
0.0285912
0.0291053
0.0295038
0.0299697
0.0304937
0.0309543
0.0314656
0.0320131
0.0324988
0.0330478
0.0336234
0.0341459
0.0347095
0.03534
0.0358977
0.036488
0.037137
0.0377835
0.0383968
0.0390514
0.0397361
0.0404183
0.0411117
0.0418228
0.0425598
0.0432829
0.0440596
0.0448138
0.0456101
0.0464132
0.0472363
0.0480726
0.0489167
0.0498038
0.0506824
0.0515833
0.052524
0.0534515
0.0544265
0.0554002
0.0564172
0.0574387
0.0584486
0.0593779
0.059979
0.0156616
0.0153589
0.0149177
0.0145239
0.0142601
0.0141487
0.0141836
0.014343
0.0145872
0.0148826
0.0151925
0.0155016
0.015795
0.0160705
0.0163232
0.016555
0.0167732
0.016982
0.0171883
0.0173889
0.0175904
0.0177942
0.0180024
0.018217
0.0184412
0.018677
0.0189129
0.0191511
0.0193933
0.0196469
0.0199103
0.0201886
0.0204647
0.0207416
0.0210091
0.0212798
0.0215705
0.0218698
0.0222013
0.0225217
0.0228354
0.0231543
0.0234644
0.0238243
0.0241913
0.0245502
0.0249279
0.0252554
0.0256272
0.0261042
0.0265006
0.0268283
0.0272779
0.0277557
0.0281222
0.0285713
0.0291002
0.0295298
0.0299709
0.030494
0.0309655
0.031459
0.032022
0.0325165
0.0330439
0.0336269
0.0341584
0.0347057
0.0353424
0.0359176
0.0364894
0.037126
0.0377921
0.0384089
0.0390473
0.0397322
0.0404231
0.0411168
0.0418272
0.042561
0.0432824
0.0440626
0.0448178
0.045612
0.0464154
0.0472392
0.048075
0.0489191
0.0498054
0.0506827
0.051584
0.0525266
0.0534541
0.0544288
0.0554042
0.0564225
0.0574444
0.0584545
0.0593849
0.0599866
0.0134235
0.0136746
0.0140218
0.0143216
0.0145258
0.0146373
0.0146855
0.0147237
0.0147903
0.0149116
0.0150895
0.0153204
0.0155897
0.0158786
0.016168
0.0164401
0.0166968
0.0169348
0.0171626
0.0173801
0.0175905
0.0177996
0.0180083
0.0182192
0.0184295
0.018653
0.0188836
0.0191299
0.0193848
0.0196464
0.0199128
0.0201895
0.0204686
0.0207427
0.0210157
0.0212858
0.0215777
0.0218824
0.0222053
0.0225331
0.0228437
0.0231676
0.0234829
0.0238191
0.0241968
0.0245623
0.0249393
0.0252903
0.0256409
0.0260864
0.0265163
0.0268672
0.027269
0.0277443
0.0281583
0.0285694
0.0290769
0.0295555
0.0299769
0.0304864
0.0309852
0.0314526
0.0320171
0.0325401
0.0330409
0.0336233
0.0341775
0.034698
0.0353361
0.0359436
0.0364975
0.0371156
0.0378069
0.0384322
0.0390525
0.0397356
0.0404337
0.0411274
0.0418372
0.0425666
0.0432853
0.0440693
0.0448247
0.0456156
0.0464175
0.0472416
0.0480775
0.0489231
0.0498108
0.0506873
0.0515899
0.052533
0.0534598
0.0544336
0.0554091
0.0564292
0.05745
0.0584603
0.0593911
0.0599926
0.0156263
0.0151895
0.0145929
0.0140526
0.0136691
0.0134808
0.0134812
0.0136414
0.013918
0.0142689
0.0146568
0.0150482
0.0154241
0.0157715
0.0160911
0.0163811
0.0166488
0.0168964
0.0171289
0.0173531
0.0175661
0.017778
0.0179857
0.0181945
0.0183996
0.0186143
0.0188454
0.0190995
0.019369
0.0196369
0.0199072
0.0201829
0.0204622
0.0207368
0.02101
0.0212878
0.0215771
0.0218885
0.0222067
0.0225317
0.0228484
0.0231657
0.0234922
0.0238145
0.0241879
0.0245669
0.0249302
0.0252992
0.0256515
0.0260698
0.0265082
0.0268842
0.0272772
0.0277261
0.0281753
0.0285888
0.0290508
0.0295682
0.0299955
0.0304704
0.0310026
0.0314567
0.0320002
0.032569
0.0330475
0.0336073
0.0341964
0.0347011
0.035322
0.035962
0.0365101
0.0370979
0.0378071
0.0384472
0.0390509
0.0397301
0.0404359
0.0411304
0.0418414
0.0425686
0.0432839
0.0440708
0.0448283
0.0456177
0.046419
0.0472438
0.0480791
0.0489245
0.0498122
0.0506875
0.05159
0.0525345
0.0534613
0.0544348
0.0554112
0.0564325
0.0574536
0.0584641
0.0593954
0.0599975
0.0147437
0.0142309
0.0136052
0.0130843
0.0127599
0.01266
0.0127768
0.0130707
0.0134857
0.0139618
0.0144525
0.0149217
0.0153524
0.0157356
0.016073
0.0163703
0.0166359
0.01688
0.0171087
0.0173307
0.0175437
0.0177564
0.0179647
0.0181715
0.018377
0.0185891
0.0188213
0.0190807
0.0193584
0.0196318
0.0199027
0.0201781
0.020454
0.0207297
0.0210012
0.0212826
0.021573
0.0218842
0.0222047
0.0225246
0.0228466
0.0231619
0.0234903
0.0238167
0.024183
0.0245716
0.0249326
0.0253029
0.0256657
0.026072
0.0265065
0.0268903
0.0272869
0.0277215
0.0281701
0.0286033
0.0290427
0.0295631
0.0300151
0.0304663
0.0310053
0.0314725
0.0319908
0.0325747
0.0330649
0.0335982
0.0342007
0.0347149
0.0353157
0.0359675
0.0365294
0.037101
0.0378103
0.0384651
0.039064
0.0397361
0.0404447
0.0411391
0.0418492
0.0425763
0.0432886
0.0440751
0.044833
0.0456211
0.0464208
0.0472458
0.0480816
0.0489276
0.0498173
0.0506927
0.0515957
0.05254
0.0534667
0.0544395
0.0554147
0.0564374
0.0574574
0.0584689
0.0594
0.0600031
)
;

boundaryField
{
    ZeroGradientPlanes
    {
        type            zeroGradient;
    }
    inlet
    {
        type            zeroGradient;
    }
    plate
    {
        type            zeroGradient;
    }
    frontAndBack
    {
        type            empty;
    }
}


// ************************************************************************* //
