/*--------------------------------*- C++ -*----------------------------------*\
| =========                 |                                                 |
| \\      /  F ield         | OpenFOAM: The Open Source CFD Toolbox           |
|  \\    /   O peration     | Version:  2506                                  |
|   \\  /    A nd           | Website:  www.openfoam.com                      |
|    \\/     M anipulation  |                                                 |
\*---------------------------------------------------------------------------*/
FoamFile
{
    version     2.0;
    format      ascii;
    arch        "LSB;label=32;scalar=64";
    class       volScalarField;
    location    "3.75";
    object      p;
}
// * * * * * * * * * * * * * * * * * * * * * * * * * * * * * * * * * * * * * //

dimensions      [0 2 -2 0 0 0 0];

internalField   nonuniform List<scalar> 
9600
(
-1.22132e-10
0.000857833
0.00101425
0.000991244
0.000858944
-0.000419256
-0.000549836
0.0022112
0.00213143
0.00545695
0.00689711
0.00622563
0.00642105
0.00794491
0.00889019
0.00961943
0.0104309
0.012477
0.0142165
0.0192124
-3.45194e-07
0.000878323
0.00101089
0.000969807
0.000855247
-0.000403263
-0.000540259
0.00220912
0.00213175
0.00544774
0.00688918
0.00621767
0.00642765
0.00794289
0.00889643
0.00961765
0.010443
0.0124576
0.0142357
0.0188347
1.616e-06
0.000897341
0.00100039
0.000948707
0.000856582
-0.000385279
-0.00052719
0.00220188
0.00213063
0.0054339
0.00687989
0.00621799
0.00643527
0.0079383
0.00890656
0.0096155
0.0104571
0.0124276
0.0142365
0.0183621
6.23699e-06
0.000912492
0.000988702
0.000945526
0.000855835
-0.000362806
-0.000501745
0.00219214
0.00213041
0.00542518
0.00686987
0.0062251
0.00644023
0.00793201
0.00891876
0.00961074
0.0104713
0.0123871
0.0142176
0.017912
1.37974e-05
0.000924434
0.00097949
0.000957759
0.000849903
-0.000335044
-0.000460699
0.00218201
0.00213259
0.00541953
0.00685703
0.00623413
0.00644414
0.0079241
0.00893277
0.00960262
0.010485
0.0123403
0.0141783
0.0174891
2.43674e-05
0.000933875
0.00097417
0.000980688
0.000838354
-0.000301118
-0.000403773
0.00217427
0.00213655
0.00541353
0.00684279
0.00624354
0.00644899
0.0079146
0.00894855
0.00959125
0.0104978
0.0122884
0.0141191
0.0170903
3.74157e-05
0.000941835
0.00097403
0.00101175
0.000823098
-0.000261226
-0.000333317
0.00217125
0.00214188
0.00540717
0.00682945
0.00625265
0.00645602
0.00790367
0.00896577
0.00957741
0.0105083
0.0122327
0.014039
0.0167142
5.21611e-05
0.000949899
0.000979683
0.00104928
0.000806881
-0.000216353
-0.000251869
0.00217421
0.00214888
0.00540127
0.00681802
0.00626096
0.00646564
0.00789128
0.00898404
0.00956197
0.010514
0.0121741
0.0139375
0.0163584
6.8011e-05
0.000959409
0.000990569
0.0010921
0.000791943
-0.000167694
-0.000161278
0.0021831
0.00215794
0.00539597
0.00680857
0.00626778
0.00647744
0.00787739
0.00900283
0.00954562
0.0105129
0.0121137
0.0138157
0.0160187
8.46676e-05
0.000970967
0.00100553
0.00113918
0.000779339
-0.000116367
-6.30342e-05
0.00219684
0.00216946
0.00539105
0.0068007
0.00627209
0.00649059
0.00786216
0.00902132
0.00952924
0.0105031
0.0120519
0.0136747
0.0157206
0.000102053
0.000984566
0.00102338
0.00118937
0.000769166
-6.33681e-05
4.13362e-05
0.00221474
0.00218385
0.00538607
0.00679387
0.00627287
0.00650416
0.00784594
0.00903845
0.00951377
0.0104834
0.0119878
0.0135151
0.0153976
0.000120201
0.000999914
0.0010432
0.00124135
0.000761166
-9.44518e-06
0.000150345
0.00223371
0.00220143
0.00538054
0.00678775
0.00626945
0.00651725
0.00782926
0.00905315
0.00949992
0.0104529
0.0119201
0.01334
0.0150715
0.000139184
0.0010167
0.00106453
0.00129397
0.000755067
4.49236e-05
0.000262813
0.00225423
0.00222235
0.00537396
0.00678233
0.00626163
0.00652902
0.00781281
0.00906431
0.00948814
0.010411
0.0118467
0.0131538
0.0147417
0.000159084
0.00103468
0.00108719
0.00134638
0.00075072
9.94045e-05
0.00037792
0.00227618
0.00224658
0.00536601
0.00677782
0.00624959
0.00653884
0.00779737
0.00907087
0.00947852
0.0103578
0.0117657
0.0129609
0.0144069
0.000179986
0.00105376
0.00111117
0.00139806
0.000748198
0.00015375
0.000495064
0.00229966
0.00227401
0.0053565
0.00677444
0.00623388
0.00654618
0.00778371
0.00907199
0.00947049
0.0102942
0.0116745
0.0127647
0.014068
0.000201977
0.00107387
0.00113648
0.00144876
0.000747801
0.000207866
0.000613752
0.00232484
0.00230446
0.00534533
0.00677239
0.00621531
0.00655045
0.00777257
0.00906719
0.00946273
0.0102217
0.0115705
0.0125675
0.0137271
0.000225154
0.001095
0.00116313
0.00149832
0.000749971
0.000261797
0.000733595
0.00235185
0.00233763
0.00533245
0.00677175
0.0061948
0.00655116
0.00776434
0.00905647
0.00945361
0.010142
0.0114523
0.0123704
0.0133869
0.000249613
0.00111712
0.00119112
0.00154669
0.000755186
0.000315606
0.00085426
0.00238083
0.0023731
0.00531793
0.00677246
0.00617329
0.00654788
0.0077589
0.0090402
0.00944155
0.0100564
0.011319
0.0121734
0.0130504
0.000275462
0.00114022
0.00122046
0.00159384
0.000763868
0.000369386
0.000975326
0.00241188
0.0024105
0.00530192
0.00677434
0.00615157
0.00654023
0.00775576
0.00901901
0.00942499
0.00996574
0.0111709
0.0119759
0.0127209
0.000302807
0.0011643
0.00125121
0.00163972
0.000776329
0.000423268
0.00109636
0.00244513
0.00244951
0.00528453
0.00677718
0.00613041
0.00652792
0.00775427
0.00899335
0.00940238
0.00987107
0.0110091
0.0117761
0.0124017
0.000331753
0.00118935
0.00128343
0.00168428
0.000792803
0.000477358
0.00121698
0.0024807
0.00248986
0.00526584
0.00678067
0.00611044
0.00651079
0.0077539
0.0089635
0.00937205
0.00977293
0.0108354
0.0115723
0.0120948
0.000362394
0.00121541
0.00131717
0.00172745
0.000813469
0.000531776
0.00133676
0.00251876
0.00253136
0.00524605
0.00678452
0.00609202
0.00648887
0.0077541
0.00893
0.00933272
0.00967111
0.0106518
0.0113634
0.0118009
0.00039482
0.0012425
0.00135246
0.00176919
0.000838438
0.000586665
0.00145529
0.00255949
0.0025738
0.00522532
0.00678857
0.00607537
0.00646193
0.00775412
0.00889361
0.0092836
0.00956522
0.0104603
0.0111489
0.0115197
0.000429102
0.00127069
0.00138938
0.00180951
0.000867726
0.000642172
0.0015722
0.00260302
0.00261714
0.00520376
0.00679247
0.00606089
0.00642966
0.00775295
0.00885511
0.00922421
0.0094551
0.0102627
0.0109442
0.0112508
0.000465316
0.00130008
0.00142792
0.00184843
0.000901321
0.000698449
0.00168721
0.00264939
0.00266139
0.00518144
0.00679571
0.00604906
0.00639204
0.00774941
0.00881503
0.00915442
0.00934063
0.01006
0.0107193
0.0109953
0.000503535
0.00133082
0.00146799
0.00188597
0.00093923
0.000755581
0.00180009
0.00269866
0.00270648
0.00515849
0.00679801
0.0060401
0.00634915
0.0077422
0.00877398
0.00907427
0.0092214
0.00985458
0.0104868
0.0107517
0.000543786
0.00136312
0.00150958
0.00192224
0.000981431
0.00081363
0.00191061
0.00275094
0.00275228
0.00513508
0.00679911
0.00603409
0.00630118
0.00772999
0.00873233
0.00898404
0.00909636
0.00965015
0.0102454
0.0105138
0.000586056
0.00139716
0.00155273
0.00195733
0.00102785
0.000872684
0.00201862
0.00280621
0.00279872
0.00511134
0.00679862
0.00603106
0.00624866
0.00771159
0.00869021
0.00888446
0.00896402
0.00945005
0.00999857
0.0102724
0.000630305
0.00143325
0.00159746
0.00199128
0.00107853
0.000932714
0.00212396
0.00286453
0.00284578
0.00508738
0.00679621
0.00603082
0.0061918
0.00768578
0.00864816
0.00877706
0.00882288
0.0092556
0.00975374
0.010021
0.000676468
0.00147166
0.00164381
0.00202414
0.00113358
0.000993599
0.00222638
0.00292625
0.00289323
0.00506306
0.00679173
0.00603303
0.00613062
0.00765128
0.00860649
0.00866434
0.00867204
0.00906443
0.00951718
0.00976242
0.00072446
0.0015127
0.00169188
0.00205591
0.00119314
0.0010552
0.0023255
0.00299173
0.00294116
0.00503812
0.00678491
0.00603759
0.00606548
0.00760707
0.00856485
0.00854851
0.00851197
0.00887291
0.00929117
0.00950639
0.000774211
0.0015566
0.00174192
0.00208654
0.00125736
0.00111751
0.00242068
0.00306124
0.00298873
0.00501205
0.00677562
0.00604455
0.00599652
0.00755215
0.00852295
0.00843106
0.00834375
0.00867963
0.00907454
0.00926121
0.000825656
0.00160357
0.00179429
0.00211585
0.00132646
0.00118081
0.00251113
0.00313521
0.00303671
0.00498387
0.00676381
0.00605409
0.00592374
0.00748531
0.00848075
0.00831398
0.00816732
0.00848566
0.00886545
0.00902986
0.000878714
0.00165372
0.00184942
0.00214348
0.00140061
0.00124558
0.00259583
0.00321412
0.00308577
0.00495241
0.00674874
0.00606683
0.00584782
0.00740464
0.00843768
0.00820072
0.00798232
0.00829034
0.00866415
0.00881189
0.000933421
0.0017069
0.00190803
0.00216933
0.00147951
0.00131258
0.00267334
0.00329795
0.00313729
0.00491666
0.00672917
0.00608386
0.00576993
0.00730769
0.00839213
0.0080959
0.0077895
0.00809127
0.00847339
0.00860745
0.000989908
0.00176272
0.00197109
0.0021936
0.00156257
0.00138303
0.00274216
0.00338586
0.00319309
0.00487597
0.00670347
0.00610558
0.00569166
0.00719301
0.00834147
0.00800323
0.00759174
0.00788414
0.00829406
0.00842064
0.00104834
0.00182065
0.00203949
0.00221683
0.00164862
0.00145838
0.00280149
0.00347619
0.00325502
0.00483034
0.00666922
0.00613187
0.00561579
0.00706016
0.00828155
0.00792509
0.00739498
0.00766334
0.00812196
0.00825699
0.00110893
0.00187986
0.00211418
0.00223999
0.00173585
0.00154027
0.0028514
0.00356639
0.00332431
0.00477894
0.00662358
0.00616199
0.00554601
0.00690957
0.00820757
0.00786276
0.00720724
0.007426
0.00794853
0.00811792
0.00117209
0.00193938
0.00219571
0.00226452
0.00182207
0.0016302
0.002893
0.00365326
0.00340175
0.00472648
0.00656442
0.00619423
0.00548634
0.00674346
0.00811487
0.00781484
0.00703675
0.00717453
0.00776306
0.00799804
0.00123839
0.00199819
0.00228459
0.00229286
0.00190476
0.00172833
0.00292849
0.0037331
0.00348788
0.00467479
0.00649014
0.00622611
0.00544028
0.00656505
0.00799796
0.00777864
0.00689085
0.00691455
0.0075559
0.00788699
0.00130838
0.00205562
0.00237997
0.00232804
0.00198248
0.00183332
0.00296087
0.00380227
0.00358202
0.00462752
0.00640027
0.00625399
0.00541075
0.00637822
0.00785394
0.00774895
0.00677577
0.00665474
0.00732099
0.00777183
0.00138264
0.00211115
0.00247892
0.00237248
0.00205512
0.00194337
0.00299293
0.00385862
0.00368125
0.00458767
0.00629619
0.00627402
0.00539875
0.00618949
0.00768037
0.00771673
0.00669744
0.00640754
0.00705733
0.00763852
0.00146214
0.00216407
0.00258026
0.00242867
0.0021233
0.00205716
0.00302716
0.00389903
0.00377943
0.00455899
0.00618367
0.00628319
0.0054032
0.00600709
0.00747824
0.00767095
0.0066546
0.00618626
0.00677037
0.00747427
0.00154766
0.00221442
0.00268094
0.00249887
0.00218844
0.00217112
0.00306622
0.00392305
0.00387123
0.00454336
0.00606971
0.00627946
0.00542143
0.00583799
0.00725231
0.00760134
0.0066395
0.00600439
0.00647267
0.00727071
0.0016395
0.00226296
0.00277764
0.00258954
0.00225254
0.00227639
0.00311163
0.00394277
0.00395493
0.00453734
0.0059547
0.00626093
0.00544979
0.00568729
0.00700953
0.0075001
0.00664058
0.00587171
0.00618206
0.00702617
0.00173817
0.00231044
0.0028682
0.00269168
0.0023177
0.00237065
0.00316468
0.00396426
0.00402872
0.0045358
0.00584069
0.00622734
0.00548446
0.00555887
0.0067581
0.0073644
0.00664366
0.00578862
0.00591704
0.00674865
0.00184364
0.00235837
0.00295044
0.00280484
0.00238951
0.00245499
0.00322217
0.00398895
0.00409313
0.00453675
0.00572871
0.00617994
0.00552182
0.00545474
0.00650657
0.00719578
0.00663492
0.00574589
0.00569426
0.00645586
0.00195559
0.00240897
0.00302133
0.00292547
0.00247384
0.0025304
0.00327708
0.00401797
0.00415263
0.00453977
0.0056196
0.00611964
0.00555745
0.00537471
0.00626275
0.0069991
0.00660376
0.00573071
0.00552213
0.00616891
0.00207374
0.00246442
0.00308057
0.00304959
0.00257346
0.00259803
0.00332407
0.00405119
0.00421247
0.0045459
0.00551344
0.00604645
0.00558638
0.00531742
0.00603471
0.00678177
0.00654509
0.00572978
0.00539905
0.00590703
0.00219736
0.00252705
0.00312838
0.00317083
0.0026891
0.00266228
0.00336044
0.00408615
0.00427529
0.00455711
0.00541096
0.00596069
0.00560527
0.00528077
0.00582889
0.006552
0.00645767
0.00573107
0.00531732
0.00568371
0.00232539
0.00259904
0.00316635
0.00328169
0.00281953
0.00273072
0.00338576
0.00411748
0.00434088
0.00457624
0.00531538
0.00586403
0.0056114
0.00526121
0.00564929
0.00631822
0.00634299
0.00572517
0.00526754
0.00550462
0.00245635
0.00268133
0.00319827
0.00337622
0.00296068
0.00281102
0.00340243
0.00413937
0.00440747
0.00460508
0.00523026
0.00575876
0.00560134
0.00525357
0.00550016
0.00608981
0.00620539
0.00570625
0.00523953
0.00536767
0.00258892
0.00277404
0.00322853
0.00345332
0.00310599
0.00290787
0.00341614
0.00414739
0.00446944
0.0046441
0.00515941
0.00564972
0.00557469
0.00525098
0.00537888
0.00587513
0.00605066
0.00567047
0.00522368
0.00526547
0.00272154
0.0028759
0.00326207
0.00351335
0.00324859
0.00302217
0.00343487
0.00414086
0.00451881
0.00469125
0.00510646
0.00554291
0.00553202
0.00524496
0.00528231
0.00567955
0.00588584
0.00561604
0.00521343
0.00519216
0.00285289
0.00298542
0.00330284
0.00355907
0.00338131
0.00315173
0.00346549
0.00412273
0.00455016
0.00474109
0.00507305
0.00544457
0.00547551
0.00523311
0.00520472
0.00550556
0.00571876
0.00554396
0.00520353
0.00514434
0.0029822
0.00310002
0.00335416
0.00359549
0.00349875
0.00329056
0.00351278
0.00410079
0.00456176
0.00478502
0.00505731
0.00536067
0.00540829
0.00521175
0.00514142
0.00535365
0.00555542
0.00545681
0.00518735
0.00511673
0.00310923
0.0032173
0.00341681
0.00362823
0.00359872
0.00343032
0.00357812
0.00408412
0.00455517
0.00481577
0.00505372
0.00529408
0.00533612
0.00518178
0.00508776
0.00522312
0.00539957
0.00535863
0.00516005
0.00510189
0.0032341
0.00333493
0.00349015
0.00366275
0.00368125
0.00356312
0.00365955
0.00407989
0.00453656
0.00482994
0.00505479
0.00524564
0.00528003
0.00514687
0.00503898
0.00511217
0.00525478
0.00525384
0.0051202
0.00509071
0.00335696
0.00345083
0.0035726
0.00370352
0.00374878
0.00368342
0.00375191
0.00409181
0.0045147
0.0048275
0.00505324
0.00521201
0.00523279
0.00511308
0.00499594
0.00501831
0.00512426
0.0051472
0.00506945
0.00507575
0.00347808
0.0035642
0.00366092
0.00375261
0.00380626
0.0037882
0.00384819
0.00411998
0.00449793
0.00481275
0.00504367
0.00518728
0.00519596
0.00508346
0.00496041
0.00494026
0.00500877
0.00504309
0.00501109
0.00505439
0.00359758
0.00367477
0.00375152
0.00381008
0.00385942
0.00387717
0.00394177
0.00416211
0.00449108
0.00479323
0.00502536
0.0051647
0.00516937
0.00505936
0.00493298
0.00487926
0.00490918
0.00494469
0.0049481
0.00502633
0.00371523
0.00378241
0.0038418
0.00387465
0.00391263
0.00395217
0.00402788
0.00421378
0.00449576
0.00477547
0.00500192
0.00513991
0.00514892
0.0050436
0.00491307
0.004835
0.00482855
0.00485542
0.00488406
0.0049925
0.00383043
0.00388712
0.00393053
0.00394407
0.00396793
0.00401684
0.00410429
0.00426949
0.00451184
0.00476382
0.00497819
0.00511353
0.00513024
0.0050361
0.004902
0.00480502
0.00476858
0.00477914
0.00482272
0.00495531
0.00394248
0.00398912
0.00401702
0.0040154
0.0040257
0.00407519
0.00417095
0.00432461
0.00453714
0.00476109
0.00495807
0.00508849
0.00511264
0.00503224
0.00490081
0.00478838
0.00472817
0.0047199
0.00476793
0.00491832
0.00405048
0.00408812
0.00410113
0.00408637
0.0040851
0.00413013
0.00422913
0.00437638
0.00456814
0.00476817
0.00494532
0.00506732
0.00509835
0.00502991
0.00490711
0.00478563
0.00470575
0.00467994
0.00472456
0.00488571
0.0041536
0.0041833
0.00418266
0.00415585
0.00414471
0.00418304
0.00428086
0.00442369
0.00460136
0.0047834
0.0049429
0.00505341
0.00508781
0.00503192
0.00491932
0.00479584
0.00470089
0.0046592
0.00469617
0.00486153
0.00425125
0.00427393
0.00426098
0.0042229
0.00420295
0.0042339
0.00432784
0.00446662
0.00463538
0.00480457
0.00495054
0.00505035
0.00508256
0.00504122
0.00493916
0.0048179
0.00471426
0.00465822
0.00468497
0.00484808
0.00434257
0.00435934
0.00433552
0.0042869
0.00425854
0.00428191
0.00437057
0.00450514
0.0046692
0.00483102
0.00496716
0.00506017
0.00509231
0.00506023
0.00497021
0.00485331
0.0047464
0.00467914
0.00469382
0.00484951
0.00442673
0.00443811
0.004405
0.00434716
0.004311
0.00432696
0.00440956
0.00453924
0.00470052
0.00486092
0.00499273
0.00508258
0.00511842
0.00509369
0.00501677
0.00490712
0.00479977
0.00472521
0.00472714
0.00487139
0.00450294
0.00450943
0.00446841
0.00440193
0.00435864
0.00436825
0.00444476
0.00456951
0.00472863
0.00489131
0.00502558
0.0051177
0.00516209
0.0051478
0.00508418
0.00498571
0.00488103
0.00480278
0.00479331
0.00492274
0.00457048
0.0045739
0.00452485
0.00444982
0.00439931
0.00440379
0.00447531
0.00459514
0.00475194
0.00491813
0.00506192
0.00517106
0.0052303
0.00523229
0.00517817
0.00508379
0.00497829
0.00489685
0.00488056
0.00499523
0.00462679
0.00462772
0.00457469
0.00449335
0.0044332
0.00443061
0.00449948
0.00461607
0.0047674
0.00493573
0.00508988
0.00523203
0.00534275
0.00539717
0.00538979
0.00532431
0.00521552
0.00510738
0.00504876
0.00511367
0.00466975
0.00466998
0.00461717
0.00453061
0.00446072
0.00444743
0.00451184
0.0046274
0.00479074
0.00494884
0.00508834
0.00521824
0.00533424
0.00542248
0.00548403
0.00550866
0.0054909
0.0054191
0.00536742
0.0054186
0.00470413
0.00470324
0.00464117
0.00454946
0.00448459
0.00447385
0.00452885
0.00462636
0.00478364
0.00499603
0.00522623
0.00547213
0.00569758
0.0058504
0.0059044
0.00587137
0.00579462
0.00570695
0.00560965
0.00556724
0.00472504
0.00472362
0.0046508
0.00454429
0.00447002
0.00445544
0.00450316
0.00459234
0.00468547
0.0047442
0.00480907
0.00500411
0.00541869
0.00593406
0.0063899
0.0067074
0.00691936
0.00708847
0.00727608
0.00744357
0.00471738
0.00471698
0.00467231
0.00460552
0.00455866
0.00453504
0.00453023
0.00455258
0.00470914
0.00500671
0.00541012
0.00580817
0.00607884
0.00623704
0.00635123
0.00646695
0.00661972
0.00681393
0.00700347
0.00712268
0.00469532
0.00469714
0.00462153
0.00451236
0.00442983
0.00442986
0.00454281
0.00477871
0.00503344
0.00527159
0.00545758
0.0056133
0.00578349
0.0060155
0.00634
0.00673204
0.00712863
0.00747574
0.00774123
0.00789539
0.00461913
0.0046582
0.00467079
0.00469028
0.00475266
0.00481012
0.00487973
0.0049897
0.00514728
0.0053442
0.00554671
0.00576696
0.00597942
0.00611349
0.00617571
0.00615189
0.00605783
0.00591068
0.00573906
0.00558455
0.00448293
0.0045131
0.00462892
0.00473079
0.00478027
0.00482562
0.00490849
0.00501161
0.00513192
0.00529853
0.00548483
0.00566938
0.00590472
0.00616779
0.00645271
0.00676779
0.0070956
0.00740987
0.00765743
0.00778219
0.0044114
0.00446142
0.0046205
0.00482425
0.00501044
0.00509442
0.00514679
0.00521448
0.00530462
0.0054306
0.00559792
0.0057529
0.00592256
0.00609824
0.00624313
0.00639107
0.00655163
0.00672834
0.00688548
0.00693219
0.0247914
0.017931
0.00933935
0.00319062
0.0015651
0.00246209
0.00360681
0.00447384
0.0050615
0.00540208
0.00567811
0.00601651
0.00630738
0.00644977
0.0065375
0.00671962
0.0070124
0.00730541
0.00752779
0.00768694
0.00781904
0.00800834
0.00827959
0.00851842
0.0086606
0.00879847
0.00903024
0.00935626
0.00970437
0.0100154
0.0103092
0.0106296
0.0109628
0.0112653
0.0115309
0.0117875
0.0120406
0.0122833
0.0125452
0.0128691
0.0132281
0.0135681
0.0138997
0.0142663
0.0146461
0.0149863
0.0153003
0.0156393
0.0159943
0.0163309
0.0166721
0.0170646
0.0174703
0.0178521
0.0182586
0.0186952
0.0191172
0.0195448
0.0199913
0.0204314
0.020872
0.0213246
0.0217923
0.0222757
0.0227689
0.0232654
0.0237749
0.0242921
0.0248236
0.0253684
0.0259197
0.0264733
0.0270421
0.0276294
0.0282321
0.0288493
0.029474
0.0301102
0.0307549
0.03142
0.0320989
0.0327955
0.0334996
0.0342189
0.0349457
0.0356905
0.0364465
0.0372234
0.0380082
0.0388102
0.0396148
0.0404451
0.0412725
0.0421281
0.0429734
0.0438253
0.0446704
0.0454667
0.0461749
0.0468204
0.0238354
0.0177488
0.00941792
0.00334199
0.00165682
0.00250465
0.00363168
0.0044907
0.00507432
0.0054123
0.00568645
0.00602387
0.00631416
0.00645576
0.0065425
0.00672383
0.00701619
0.00730893
0.007531
0.00768984
0.00782152
0.00801042
0.00828155
0.00852039
0.00866241
0.0088
0.00903157
0.00935752
0.00970562
0.0100166
0.0103103
0.0106306
0.0109637
0.0112662
0.0115318
0.0117884
0.0120415
0.0122841
0.012546
0.0128698
0.0132288
0.0135687
0.0139004
0.0142669
0.0146467
0.0149868
0.0153008
0.0156398
0.0159948
0.0163313
0.0166725
0.017065
0.0174707
0.0178525
0.018259
0.0186956
0.0191175
0.0195451
0.0199916
0.0204317
0.0208723
0.0213249
0.0217926
0.0222759
0.0227692
0.0232656
0.0237751
0.0242923
0.0248238
0.0253686
0.0259199
0.0264735
0.0270422
0.0276296
0.0282322
0.0288495
0.0294741
0.0301104
0.0307551
0.0314202
0.032099
0.0327957
0.0334997
0.034219
0.0349458
0.0356906
0.0364466
0.0372235
0.0380083
0.0388103
0.0396149
0.0404452
0.0412726
0.0421282
0.0429735
0.0438253
0.0446704
0.0454667
0.0461749
0.0468204
0.0229791
0.0175676
0.00957898
0.00361972
0.0018144
0.00256259
0.00366063
0.00451142
0.00508997
0.00542458
0.0056963
0.00603185
0.00632084
0.0064616
0.00654769
0.0067284
0.00702019
0.00731243
0.00753413
0.00769268
0.00782398
0.00801249
0.00828346
0.00852222
0.008664
0.00880133
0.00903275
0.00935867
0.00970678
0.0100177
0.0103113
0.0106314
0.0109646
0.0112671
0.0115326
0.0117891
0.0120422
0.0122848
0.0125466
0.0128704
0.0132295
0.0135693
0.0139009
0.0142674
0.0146473
0.0149874
0.0153013
0.0156402
0.0159953
0.0163318
0.0166729
0.0170654
0.0174711
0.0178528
0.0182593
0.0186959
0.0191179
0.0195454
0.0199919
0.0204319
0.0208725
0.0213251
0.0217928
0.0222761
0.0227694
0.0232658
0.0237753
0.0242925
0.024824
0.0253688
0.02592
0.0264737
0.0270424
0.0276297
0.0282324
0.0288496
0.0294743
0.0301105
0.0307552
0.0314203
0.0320991
0.0327958
0.0334998
0.0342191
0.0349459
0.0356907
0.0364467
0.0372236
0.0380084
0.0388104
0.039615
0.0404453
0.0412727
0.0421282
0.0429735
0.0438254
0.0446705
0.0454668
0.046175
0.0468204
0.0221682
0.0173686
0.00978351
0.00397396
0.00203466
0.00264821
0.00370561
0.00454411
0.00511356
0.00544248
0.00571055
0.0060424
0.00632848
0.00646828
0.00655458
0.00673501
0.00702565
0.00731666
0.00753782
0.00769646
0.00782768
0.00801564
0.00828597
0.00852429
0.00866581
0.00880296
0.00903421
0.00935999
0.00970807
0.0100189
0.0103124
0.0106325
0.0109656
0.0112681
0.0115335
0.0117899
0.012043
0.0122854
0.0125471
0.012871
0.0132301
0.01357
0.0139015
0.0142679
0.0146478
0.0149879
0.0153018
0.0156407
0.0159957
0.0163322
0.0166733
0.0170658
0.0174715
0.0178532
0.0182596
0.0186962
0.0191182
0.0195457
0.0199922
0.0204322
0.0208728
0.0213254
0.021793
0.0222763
0.0227696
0.023266
0.0237755
0.0242927
0.0248242
0.025369
0.0259202
0.0264738
0.0270425
0.0276299
0.0282325
0.0288497
0.0294744
0.0301106
0.0307553
0.0314204
0.0320992
0.0327959
0.0334999
0.0342193
0.034946
0.0356908
0.0364468
0.0372237
0.0380085
0.0388105
0.0396151
0.0404453
0.0412727
0.0421283
0.0429736
0.0438255
0.0446706
0.0454669
0.0461751
0.0468205
0.021372
0.0171455
0.00999957
0.00435224
0.00228118
0.00274782
0.00375964
0.00458595
0.00514501
0.00546699
0.00573059
0.00605688
0.00633794
0.00647641
0.00656397
0.00674472
0.00703342
0.00732191
0.00754206
0.00770143
0.00783348
0.00802092
0.0082898
0.00852702
0.00866829
0.00880544
0.00903637
0.00936168
0.00970957
0.0100205
0.0103139
0.0106339
0.0109669
0.0112692
0.0115346
0.0117908
0.0120437
0.0122862
0.0125478
0.0128716
0.0132308
0.0135707
0.0139021
0.0142686
0.0146485
0.0149886
0.0153024
0.0156412
0.0159962
0.0163327
0.0166737
0.0170662
0.0174719
0.0178535
0.01826
0.0186966
0.0191185
0.019546
0.0199925
0.0204325
0.020873
0.0213256
0.0217933
0.0222766
0.0227699
0.0232662
0.0237757
0.0242929
0.0248244
0.0253692
0.0259204
0.026474
0.0270427
0.02763
0.0282327
0.0288499
0.0294746
0.0301108
0.0307554
0.0314206
0.0320994
0.032796
0.0335
0.0342194
0.0349461
0.0356909
0.0364469
0.0372238
0.0380086
0.0388106
0.0396152
0.0404454
0.0412728
0.0421284
0.0429737
0.0438256
0.0446707
0.045467
0.0461753
0.0468206
0.0205966
0.0168998
0.0102075
0.00473202
0.00253849
0.00285253
0.00381486
0.00463088
0.00518094
0.00549622
0.00575514
0.00607467
0.00634924
0.00648608
0.00657579
0.00675747
0.00704362
0.00732829
0.00754671
0.00770735
0.00784136
0.00802866
0.00829535
0.00853083
0.00867194
0.00880935
0.0090397
0.00936394
0.0097113
0.0100223
0.0103159
0.0106356
0.0109684
0.0112708
0.011536
0.0117921
0.0120447
0.012287
0.0125485
0.0128723
0.0132314
0.0135714
0.0139029
0.0142693
0.0146492
0.0149893
0.0153031
0.0156418
0.0159968
0.0163332
0.0166742
0.0170667
0.0174724
0.017854
0.0182604
0.018697
0.0191189
0.0195464
0.0199929
0.0204329
0.0208734
0.0213259
0.0217936
0.0222769
0.0227701
0.0232665
0.023776
0.0242931
0.0248246
0.0253694
0.0259206
0.0264742
0.0270429
0.0276302
0.0282328
0.0288501
0.0294747
0.0301109
0.0307556
0.0314207
0.0320995
0.0327962
0.0335002
0.0342195
0.0349463
0.035691
0.036447
0.0372239
0.0380087
0.0388107
0.0396153
0.0404455
0.0412729
0.0421285
0.0429738
0.0438257
0.0446709
0.0454672
0.0461756
0.0468207
0.01985
0.016629
0.0103954
0.00510669
0.00280538
0.0029626
0.00386983
0.00467668
0.0052197
0.00552873
0.00578268
0.00609475
0.00636201
0.00649699
0.00658932
0.00677234
0.00705564
0.00733568
0.00755177
0.00771392
0.00785077
0.00803832
0.00830239
0.00853577
0.00867708
0.00881514
0.00904462
0.00936706
0.00971338
0.0100245
0.0103182
0.0106376
0.0109701
0.0112726
0.011538
0.0117937
0.012046
0.0122881
0.0125495
0.012873
0.0132321
0.0135721
0.0139037
0.0142701
0.01465
0.0149902
0.015304
0.0156426
0.0159975
0.0163338
0.0166748
0.0170672
0.0174729
0.0178545
0.0182609
0.0186975
0.0191194
0.0195468
0.0199933
0.0204333
0.0208737
0.0213263
0.0217939
0.0222772
0.0227705
0.0232668
0.0237763
0.0242934
0.0248249
0.0253696
0.0259209
0.0264744
0.0270431
0.0276304
0.028233
0.0288502
0.0294749
0.0301111
0.0307558
0.0314208
0.0320997
0.0327963
0.0335003
0.0342196
0.0349464
0.0356911
0.0364472
0.0372241
0.0380088
0.0388108
0.0396154
0.0404456
0.041273
0.0421286
0.042974
0.0438258
0.0446711
0.0454675
0.0461761
0.0468209
0.019135
0.0163305
0.0105589
0.00547707
0.00308517
0.003081
0.00392516
0.00472261
0.00526055
0.00556385
0.00581253
0.00611666
0.00637608
0.00650889
0.00660391
0.00678845
0.00706881
0.00734387
0.00755729
0.00772098
0.00786103
0.00804899
0.00831019
0.0085415
0.00868363
0.00882287
0.00905131
0.00937125
0.009716
0.0100271
0.010321
0.0106398
0.0109717
0.0112745
0.0115404
0.011796
0.0120478
0.0122897
0.0125509
0.012874
0.0132327
0.0135728
0.0139047
0.014271
0.0146508
0.0149911
0.0153051
0.0156436
0.0159982
0.0163346
0.0166756
0.0170679
0.0174735
0.0178551
0.0182615
0.0186981
0.0191199
0.0195474
0.0199938
0.0204338
0.0208742
0.0213267
0.0217943
0.0222776
0.0227708
0.0232672
0.0237766
0.0242937
0.0248252
0.0253699
0.0259211
0.0264747
0.0270433
0.0276306
0.0282332
0.0288505
0.0294751
0.0301113
0.0307559
0.031421
0.0320998
0.0327965
0.0335005
0.0342198
0.0349466
0.0356913
0.0364473
0.0372242
0.0380089
0.038811
0.0396155
0.0404458
0.0412732
0.0421287
0.0429741
0.043826
0.0446713
0.0454679
0.0461767
0.0468212
0.0184524
0.0160086
0.0106985
0.00584398
0.00337902
0.00320929
0.00398103
0.00476782
0.00530279
0.00560131
0.00584461
0.00614035
0.00639136
0.00652159
0.00661923
0.00680538
0.00708282
0.00735277
0.00756334
0.00772848
0.00787177
0.0080601
0.00831825
0.00854759
0.00869111
0.00883212
0.00905956
0.00937654
0.00971927
0.0100302
0.0103242
0.010642
0.0109731
0.0112762
0.0115428
0.0117986
0.0120501
0.012292
0.012553
0.0128754
0.0132335
0.0135736
0.0139056
0.0142717
0.0146514
0.0149921
0.0153065
0.0156448
0.0159992
0.0163356
0.0166766
0.0170687
0.0174741
0.0178558
0.0182622
0.0186987
0.0191205
0.019548
0.0199945
0.0204344
0.0208747
0.0213272
0.0217948
0.0222781
0.0227713
0.0232676
0.023777
0.0242941
0.0248255
0.0253703
0.0259215
0.026475
0.0270436
0.0276309
0.0282335
0.0288507
0.0294753
0.0301115
0.0307561
0.0314212
0.0321
0.0327967
0.0335006
0.03422
0.0349467
0.0356914
0.0364475
0.0372243
0.0380091
0.0388111
0.0396156
0.0404459
0.0412733
0.0421289
0.0429743
0.0438262
0.0446716
0.0454684
0.0461776
0.0468216
0.0178054
0.0156705
0.0108135
0.00620406
0.0036854
0.00334843
0.0040378
0.00481155
0.00534576
0.00564109
0.00587915
0.00616595
0.00640785
0.00653501
0.00663517
0.00682305
0.00709762
0.00736235
0.0075699
0.00773638
0.00788288
0.00807152
0.00832647
0.00855383
0.0086991
0.00884237
0.00906896
0.00938275
0.00972318
0.0100339
0.0103278
0.0106445
0.0109743
0.0112775
0.011545
0.0118012
0.0120528
0.0122949
0.0125558
0.0128773
0.0132346
0.0135747
0.0139067
0.0142724
0.0146517
0.014993
0.0153079
0.0156462
0.0160003
0.0163369
0.016678
0.0170697
0.0174749
0.0178566
0.018263
0.0186994
0.0191211
0.0195487
0.0199952
0.020435
0.0208753
0.0213278
0.0217954
0.0222786
0.0227718
0.0232681
0.0237775
0.0242945
0.024826
0.0253707
0.0259219
0.0264754
0.0270439
0.0276312
0.0282338
0.028851
0.0294756
0.0301117
0.0307564
0.0314214
0.0321002
0.0327969
0.0335009
0.0342201
0.0349469
0.0356916
0.0364476
0.0372245
0.0380093
0.0388113
0.0396158
0.0404461
0.0412735
0.0421291
0.0429745
0.0438264
0.0446719
0.0454691
0.0461787
0.0468221
0.0171978
0.0153221
0.0109002
0.00655218
0.00400278
0.00350032
0.00409663
0.00485336
0.00538889
0.00568322
0.00591644
0.0061937
0.00642564
0.0065492
0.0066518
0.00684154
0.00711326
0.00737261
0.00757693
0.00774462
0.00789437
0.00808336
0.00833499
0.00856022
0.00870735
0.00885321
0.00907919
0.00938973
0.00972763
0.0100379
0.0103319
0.0106472
0.0109754
0.0112785
0.0115468
0.0118036
0.0120557
0.0122984
0.0125593
0.0128798
0.013236
0.013576
0.013908
0.014273
0.0146519
0.0149936
0.0153093
0.0156476
0.0160015
0.0163383
0.0166796
0.017071
0.0174758
0.0178575
0.0182639
0.0187
0.0191218
0.0195494
0.0199959
0.0204358
0.0208761
0.0213285
0.021796
0.0222793
0.0227725
0.0232687
0.0237781
0.0242951
0.0248265
0.0253712
0.0259224
0.0264758
0.0270444
0.0276316
0.0282342
0.0288514
0.0294759
0.030112
0.0307566
0.0314217
0.0321005
0.0327971
0.0335011
0.0342204
0.0349471
0.0356918
0.0364478
0.0372247
0.0380095
0.0388115
0.039616
0.0404463
0.0412737
0.0421292
0.0429748
0.0438267
0.0446723
0.04547
0.0461802
0.0468228
0.0166299
0.0149679
0.0109557
0.00688427
0.0043302
0.00366718
0.00415909
0.00489308
0.00543154
0.00572756
0.00595673
0.00622384
0.00644486
0.00656422
0.00666919
0.00686092
0.00712977
0.00738354
0.00758439
0.00775321
0.00790629
0.0080957
0.00834391
0.00856682
0.00871581
0.0088645
0.00909009
0.00939735
0.00973256
0.0100424
0.0103362
0.0106501
0.0109765
0.0112793
0.0115484
0.0118058
0.0120585
0.0123022
0.0125634
0.0128828
0.0132378
0.0135776
0.0139096
0.0142738
0.0146518
0.0149939
0.0153106
0.015649
0.0160027
0.01634
0.0166816
0.0170725
0.0174769
0.0178587
0.0182649
0.0187008
0.0191225
0.0195502
0.0199967
0.0204366
0.0208769
0.0213293
0.0217968
0.0222799
0.0227732
0.0232694
0.0237787
0.0242957
0.0248271
0.0253718
0.0259229
0.0264764
0.0270449
0.0276321
0.0282346
0.0288518
0.0294763
0.0301124
0.030757
0.031422
0.0321008
0.0327974
0.0335014
0.0342206
0.0349474
0.035692
0.0364481
0.037225
0.0380097
0.0388117
0.0396162
0.0404465
0.0412739
0.0421295
0.0429751
0.043827
0.0446729
0.0454712
0.046182
0.0468237
0.0160988
0.0146124
0.0109796
0.00719689
0.00466585
0.00385079
0.00422705
0.00493078
0.0054729
0.00577365
0.00600004
0.00625654
0.0064656
0.0065801
0.0066874
0.00688126
0.00714721
0.00739517
0.00759234
0.00776221
0.00791869
0.00810858
0.00835324
0.00857364
0.00872452
0.00887629
0.0091017
0.00940563
0.00973796
0.0100472
0.0103409
0.0106532
0.0109777
0.01128
0.0115497
0.0118077
0.0120612
0.0123062
0.0125679
0.0128862
0.0132399
0.0135795
0.0139115
0.0142747
0.0146517
0.0149941
0.0153117
0.0156503
0.016004
0.0163417
0.0166837
0.0170742
0.0174781
0.01786
0.0182661
0.0187016
0.0191231
0.0195509
0.0199974
0.0204374
0.0208778
0.0213302
0.0217976
0.0222807
0.0227739
0.0232702
0.0237795
0.0242964
0.0248278
0.0253725
0.0259236
0.0264771
0.0270455
0.0276326
0.0282351
0.0288523
0.0294768
0.0301129
0.0307574
0.0314224
0.0321012
0.0327978
0.0335017
0.0342209
0.0349476
0.0356923
0.0364484
0.0372252
0.0380099
0.0388119
0.0396165
0.0404468
0.0412742
0.0421297
0.0429755
0.0438275
0.0446735
0.0454726
0.0461842
0.0468249
0.0156004
0.0142609
0.0109733
0.0074863
0.00500678
0.00405261
0.00430277
0.00496684
0.00551202
0.0058207
0.00604626
0.006292
0.00648802
0.00659691
0.00670642
0.00690259
0.00716563
0.00740755
0.0076008
0.00777163
0.00793158
0.00812198
0.00836298
0.00858073
0.00873358
0.00888874
0.00911414
0.00941463
0.00974383
0.0100523
0.010346
0.0106567
0.010979
0.0112806
0.011551
0.0118097
0.012064
0.0123103
0.0125727
0.01289
0.0132423
0.0135815
0.0139136
0.0142757
0.0146515
0.0149942
0.0153127
0.0156516
0.0160052
0.0163435
0.016686
0.0170761
0.0174795
0.0178614
0.0182675
0.0187025
0.0191239
0.0195517
0.0199981
0.0204381
0.0208787
0.0213312
0.0217986
0.0222816
0.0227747
0.023271
0.0237803
0.0242972
0.0248285
0.0253731
0.0259243
0.0264778
0.0270463
0.0276333
0.0282357
0.0288529
0.0294774
0.0301134
0.0307578
0.0314228
0.0321016
0.0327981
0.033502
0.0342212
0.034948
0.0356926
0.0364487
0.0372255
0.0380102
0.0388122
0.0396167
0.040447
0.0412746
0.04213
0.0429759
0.043828
0.0446742
0.0454743
0.0461868
0.0468262
0.0151301
0.0139178
0.0109395
0.00774875
0.00534934
0.00427356
0.00438859
0.00500187
0.00554802
0.00586776
0.00609519
0.00633047
0.00651236
0.00661466
0.00672619
0.00692488
0.00718505
0.00742073
0.00760981
0.0077815
0.00794497
0.00813593
0.00837314
0.00858812
0.00874311
0.00890201
0.00912755
0.00942441
0.00975018
0.0100579
0.0103514
0.0106604
0.0109805
0.0112813
0.0115524
0.0118117
0.0120667
0.0123146
0.0125779
0.0128942
0.0132449
0.0135838
0.0139159
0.014277
0.0146514
0.0149942
0.0153137
0.0156529
0.0160064
0.0163453
0.0166884
0.017078
0.017481
0.017863
0.018269
0.0187035
0.0191247
0.0195525
0.0199988
0.0204388
0.0208796
0.0213323
0.0217997
0.0222825
0.0227755
0.0232718
0.0237811
0.024298
0.0248293
0.0253738
0.025925
0.0264787
0.0270471
0.0276341
0.0282364
0.0288535
0.029478
0.030114
0.0307584
0.0314233
0.032102
0.0327985
0.0335024
0.0342216
0.0349483
0.035693
0.036449
0.0372258
0.0380105
0.0388125
0.0396171
0.0404473
0.0412749
0.0421304
0.0429764
0.0438285
0.044675
0.0454762
0.0461898
0.0468279
0.0146831
0.0135864
0.0108819
0.00798121
0.00568931
0.00451357
0.00448682
0.00503708
0.00558044
0.00591393
0.00614655
0.00637213
0.00653881
0.00663338
0.00674665
0.00694809
0.00720551
0.00743476
0.00761939
0.00779183
0.00795892
0.00815049
0.00838376
0.00859588
0.0087532
0.00891621
0.00914201
0.009435
0.00975702
0.0100638
0.0103572
0.0106644
0.0109821
0.0112821
0.0115539
0.0118138
0.0120696
0.012319
0.0125835
0.0128988
0.0132477
0.0135862
0.0139185
0.0142784
0.0146514
0.0149942
0.0153148
0.0156543
0.0160077
0.0163472
0.0166909
0.0170801
0.0174825
0.0178647
0.0182706
0.0187046
0.0191256
0.0195533
0.0199994
0.0204394
0.0208805
0.0213334
0.0218008
0.0222835
0.0227764
0.0232727
0.0237821
0.0242989
0.0248301
0.0253745
0.0259257
0.0264795
0.0270481
0.027635
0.0282371
0.0288541
0.0294786
0.0301147
0.0307591
0.0314239
0.0321025
0.032799
0.0335029
0.034222
0.0349487
0.0356933
0.0364494
0.0372261
0.0380109
0.0388128
0.0396174
0.0404477
0.0412753
0.0421307
0.042977
0.0438292
0.044676
0.0454784
0.0461932
0.0468297
0.0142545
0.0132687
0.0108057
0.00818175
0.00602185
0.00477136
0.0045999
0.00507451
0.00560937
0.00595828
0.00619972
0.00641701
0.0065676
0.00665321
0.00676781
0.00697221
0.00722704
0.00744968
0.00762957
0.00780266
0.00797349
0.0081657
0.00839491
0.00860404
0.00876391
0.00893139
0.00915752
0.00944637
0.00976434
0.01007
0.0103633
0.0106688
0.0109839
0.0112831
0.0115555
0.0118161
0.0120726
0.0123237
0.0125894
0.0129038
0.0132508
0.0135888
0.0139212
0.0142801
0.0146514
0.0149942
0.0153158
0.0156557
0.016009
0.0163492
0.0166935
0.0170823
0.0174842
0.0178664
0.0182722
0.0187059
0.0191266
0.0195542
0.0200001
0.0204401
0.0208814
0.0213345
0.021802
0.0222846
0.0227773
0.0232736
0.023783
0.0242999
0.024831
0.0253752
0.0259264
0.0264804
0.0270492
0.0276359
0.028238
0.0288548
0.0294793
0.0301154
0.0307598
0.0314246
0.0321031
0.0327995
0.0335033
0.0342225
0.0349492
0.0356938
0.0364498
0.0372265
0.0380112
0.0388131
0.0396178
0.0404481
0.0412758
0.0421311
0.0429776
0.0438299
0.044677
0.0454808
0.0461969
0.0468319
0.0138402
0.0129653
0.0107162
0.00834955
0.0063419
0.00504454
0.00473029
0.00511671
0.00563521
0.00599979
0.00625379
0.00646501
0.00659907
0.00667443
0.00678979
0.00699725
0.00724958
0.00746549
0.00764039
0.00781404
0.00798872
0.00818163
0.00840661
0.00861266
0.00877526
0.0089475
0.00917401
0.00945845
0.0097721
0.0100767
0.0103698
0.0106734
0.0109859
0.0112842
0.0115574
0.0118186
0.0120758
0.0123286
0.0125957
0.0129092
0.013254
0.0135914
0.0139241
0.0142819
0.0146515
0.0149942
0.015317
0.0156571
0.0160104
0.0163512
0.0166962
0.0170846
0.0174859
0.0178682
0.018274
0.0187071
0.0191276
0.0195551
0.0200008
0.0204407
0.0208823
0.0213356
0.0218032
0.0222858
0.0227783
0.0232745
0.023784
0.0243009
0.024832
0.025376
0.0259271
0.0264813
0.0270502
0.027637
0.0282389
0.0288556
0.02948
0.0301161
0.0307606
0.0314253
0.0321038
0.0328
0.0335038
0.0342229
0.0349497
0.0356942
0.0364503
0.0372269
0.0380116
0.0388135
0.0396182
0.0404484
0.0412763
0.0421315
0.0429783
0.0438307
0.0446781
0.0454834
0.046201
0.0468342
0.0134381
0.0126754
0.0106181
0.0084852
0.00664492
0.00532978
0.00487995
0.00516628
0.00565868
0.00603765
0.00630775
0.00651591
0.00663357
0.00669737
0.00681264
0.00702315
0.00727312
0.00748219
0.00765189
0.00782601
0.00800465
0.00819834
0.00841894
0.00862178
0.00878723
0.00896446
0.00919135
0.00947118
0.00978029
0.0100837
0.0103768
0.0106784
0.0109881
0.0112854
0.0115595
0.0118213
0.0120791
0.0123336
0.0126023
0.0129149
0.0132575
0.0135942
0.0139272
0.0142838
0.0146517
0.0149943
0.0153182
0.0156587
0.0160118
0.0163533
0.016699
0.017087
0.0174876
0.0178701
0.0182758
0.0187085
0.0191287
0.0195561
0.0200016
0.0204414
0.0208832
0.0213368
0.0218045
0.022287
0.0227794
0.0232755
0.023785
0.024302
0.024833
0.0253768
0.0259279
0.0264822
0.0270514
0.0276381
0.0282398
0.0288564
0.0294808
0.0301168
0.0307615
0.0314262
0.0321045
0.0328006
0.0335044
0.0342234
0.0349502
0.0356948
0.0364508
0.0372273
0.038012
0.0388138
0.0396186
0.0404489
0.0412768
0.042132
0.042979
0.0438315
0.0446794
0.0454862
0.0462054
0.0468368
0.0130472
0.012397
0.010515
0.00859084
0.00692704
0.00562284
0.00504972
0.00522568
0.00568115
0.00607153
0.00636065
0.00656925
0.00667122
0.00672229
0.0068365
0.00704995
0.00729766
0.00749978
0.00766408
0.00783861
0.00802131
0.00821586
0.00843196
0.00863141
0.00879979
0.00898216
0.00920944
0.00948446
0.00978888
0.0100911
0.0103841
0.0106836
0.0109905
0.0112869
0.0115618
0.0118243
0.0120825
0.0123388
0.0126092
0.0129209
0.0132612
0.0135972
0.0139304
0.0142859
0.014652
0.0149945
0.0153195
0.0156604
0.0160133
0.0163554
0.0167018
0.0170894
0.0174895
0.0178721
0.0182777
0.0187099
0.0191299
0.0195571
0.0200023
0.0204422
0.0208843
0.021338
0.0218059
0.0222882
0.0227804
0.0232765
0.0237861
0.0243031
0.024834
0.0253776
0.0259287
0.0264832
0.0270526
0.0276393
0.0282408
0.0288572
0.0294815
0.0301176
0.0307623
0.031427
0.0321052
0.0328012
0.0335049
0.0342239
0.0349507
0.0356953
0.0364513
0.0372277
0.0380124
0.0388142
0.0396191
0.0404493
0.0412773
0.0421324
0.0429797
0.0438325
0.0446808
0.0454892
0.0462101
0.0468395
0.0126676
0.0121275
0.0104099
0.00866987
0.00718488
0.00591877
0.00523928
0.00529743
0.00570469
0.00610165
0.00641151
0.00662419
0.00671191
0.00674945
0.00686161
0.00707775
0.00732328
0.00751827
0.00767694
0.00785183
0.00803873
0.00823424
0.0084457
0.00864159
0.00881288
0.00900052
0.00922819
0.00949826
0.00979787
0.0100989
0.0103918
0.0106892
0.0109931
0.0112886
0.0115644
0.0118274
0.0120861
0.0123442
0.0126163
0.0129271
0.013265
0.0136003
0.0139338
0.0142881
0.0146523
0.0149947
0.0153208
0.0156622
0.0160149
0.0163576
0.0167048
0.017092
0.0174914
0.0178741
0.0182797
0.0187113
0.019131
0.0195583
0.0200032
0.020443
0.0208854
0.0213394
0.0218073
0.0222895
0.0227815
0.0232776
0.0237872
0.0243043
0.0248351
0.0253785
0.0259295
0.0264842
0.0270538
0.0276405
0.0282419
0.0288581
0.0294823
0.0301185
0.0307633
0.0314279
0.0321061
0.0328019
0.0335055
0.0342244
0.0349513
0.0356959
0.0364519
0.0372282
0.0380128
0.0388146
0.0396196
0.0404498
0.0412779
0.0421329
0.0429806
0.0438335
0.0446822
0.0454924
0.046215
0.0468425
0.0122999
0.0118648
0.0103056
0.00872631
0.00741555
0.00621245
0.00544745
0.00538391
0.00573175
0.00612861
0.0064594
0.00667965
0.00675534
0.00677911
0.00688832
0.00710671
0.00735001
0.0075377
0.00769043
0.00786568
0.00805697
0.00825352
0.00846021
0.00865232
0.00882651
0.00901949
0.00924755
0.00951253
0.00980725
0.0101071
0.0103999
0.0106951
0.010996
0.0112905
0.0115672
0.0118308
0.0120899
0.0123497
0.0126237
0.0129335
0.013269
0.0136035
0.0139373
0.0142904
0.0146528
0.0149949
0.0153223
0.0156641
0.0160165
0.0163599
0.0167079
0.0170947
0.0174934
0.0178762
0.0182818
0.0187128
0.0191323
0.0195594
0.0200041
0.0204439
0.0208866
0.0213409
0.0218088
0.0222908
0.0227827
0.0232787
0.0237884
0.0243055
0.0248362
0.0253794
0.0259304
0.0264853
0.0270551
0.0276418
0.028243
0.028859
0.0294832
0.0301193
0.0307642
0.0314289
0.0321069
0.0328026
0.0335061
0.034225
0.0349519
0.0356965
0.0364525
0.0372287
0.0380133
0.038815
0.0396201
0.0404503
0.0412786
0.0421335
0.0429814
0.0438345
0.0446838
0.0454957
0.0462201
0.0468457
0.0119443
0.0116066
0.0102042
0.00876466
0.00761736
0.00649901
0.00567205
0.00548706
0.00576471
0.00615349
0.00650372
0.00673456
0.00680098
0.00681134
0.00691693
0.00713707
0.00737792
0.00755808
0.00770457
0.00788011
0.00807605
0.00827378
0.00847552
0.00866365
0.00884067
0.00903906
0.00926749
0.00952726
0.00981703
0.0101158
0.0104086
0.0107013
0.010999
0.0112926
0.0115703
0.0118345
0.0120938
0.0123554
0.0126312
0.0129402
0.0132732
0.0136068
0.013941
0.0142929
0.0146533
0.0149953
0.0153239
0.015666
0.0160182
0.0163622
0.0167112
0.0170975
0.0174955
0.0178784
0.018284
0.0187144
0.0191336
0.0195607
0.0200051
0.0204449
0.0208879
0.0213424
0.0218103
0.0222922
0.0227839
0.0232799
0.0237896
0.0243068
0.0248374
0.0253804
0.0259313
0.0264865
0.0270564
0.0276431
0.0282442
0.0288599
0.029484
0.0301202
0.0307652
0.0314298
0.0321078
0.0328033
0.0335067
0.0342255
0.0349525
0.0356971
0.0364532
0.0372292
0.0380137
0.0388154
0.0396207
0.0404508
0.0412792
0.042134
0.0429823
0.0438357
0.0446855
0.0454991
0.0462255
0.0468491
0.0116009
0.0113495
0.0101062
0.00879028
0.00779043
0.00677389
0.00590977
0.00560784
0.00580575
0.00617788
0.00654444
0.00678794
0.00684808
0.00684596
0.00694755
0.00716911
0.00740717
0.00757949
0.0077194
0.0078951
0.00809595
0.00829507
0.00849168
0.00867558
0.00885538
0.00905921
0.009288
0.00954245
0.0098272
0.0101249
0.0104176
0.0107079
0.0110023
0.011295
0.0115738
0.0118384
0.0120979
0.0123612
0.0126389
0.012947
0.0132775
0.0136103
0.0139448
0.0142956
0.0146539
0.0149957
0.0153257
0.0156682
0.0160199
0.0163646
0.0167145
0.0171004
0.0174976
0.0178807
0.0182863
0.0187161
0.019135
0.019562
0.0200061
0.0204459
0.0208893
0.0213441
0.0218119
0.0222936
0.0227852
0.0232811
0.0237909
0.0243081
0.0248386
0.0253814
0.0259323
0.0264877
0.0270578
0.0276445
0.0282454
0.0288609
0.029485
0.0301212
0.0307663
0.0314309
0.0321087
0.0328041
0.0335074
0.0342261
0.0349531
0.0356978
0.0364539
0.0372298
0.0380142
0.0388159
0.0396212
0.0404514
0.0412799
0.0421347
0.0429833
0.0438369
0.0446873
0.0455027
0.046231
0.0468527
0.0112728
0.0110897
0.0100089
0.00880919
0.00793708
0.0070327
0.00615639
0.00574625
0.00585681
0.00620381
0.00658212
0.00683904
0.00689565
0.00688259
0.00698022
0.00720306
0.00743805
0.007602
0.00773495
0.00791064
0.00811659
0.0083174
0.00850877
0.00868813
0.00887063
0.00907995
0.00930908
0.00955811
0.00983779
0.0101344
0.0104272
0.0107149
0.0110059
0.0112976
0.0115775
0.0118426
0.0121021
0.0123672
0.0126469
0.0129541
0.013282
0.013614
0.0139489
0.0142984
0.0146546
0.0149962
0.0153275
0.0156704
0.0160218
0.0163671
0.016718
0.0171034
0.0174999
0.0178831
0.0182887
0.0187179
0.0191364
0.0195634
0.0200072
0.020447
0.0208908
0.0213458
0.0218136
0.022295
0.0227865
0.0232824
0.0237923
0.0243094
0.0248399
0.0253824
0.0259333
0.0264889
0.0270593
0.0276459
0.0282466
0.028862
0.0294859
0.0301221
0.0307673
0.0314319
0.0321097
0.0328049
0.0335081
0.0342268
0.0349538
0.0356985
0.0364546
0.0372304
0.0380148
0.0388164
0.0396218
0.040452
0.0412807
0.0421353
0.0429843
0.0438383
0.0446893
0.0455065
0.0462368
0.0468565
0.010966
0.0108263
0.00990662
0.00882614
0.00806156
0.00727116
0.00640743
0.00590193
0.00591951
0.00623332
0.00661787
0.00688734
0.00694266
0.00692059
0.00701483
0.00723912
0.00747096
0.00762585
0.00775122
0.00792674
0.00813796
0.00834077
0.00852686
0.00870135
0.00888642
0.0091013
0.00933075
0.00957423
0.00984879
0.0101445
0.0104373
0.0107224
0.0110097
0.0113006
0.0115816
0.0118472
0.0121066
0.0123733
0.012655
0.0129614
0.0132867
0.0136178
0.0139531
0.0143014
0.0146554
0.0149968
0.0153295
0.0156728
0.0160237
0.0163696
0.0167215
0.0171066
0.0175022
0.0178856
0.0182912
0.0187197
0.019138
0.0195649
0.0200084
0.0204482
0.0208923
0.0213476
0.0218154
0.0222966
0.0227879
0.0232837
0.0237937
0.0243109
0.0248412
0.0253836
0.0259344
0.0264902
0.0270608
0.0276473
0.0282479
0.0288631
0.029487
0.0301232
0.0307685
0.031433
0.0321107
0.0328057
0.0335089
0.0342274
0.0349545
0.0356992
0.0364553
0.037231
0.0380153
0.0388169
0.0396225
0.0404526
0.0412815
0.042136
0.0429854
0.0438397
0.0446914
0.0455104
0.0462429
0.0468606
0.0106851
0.0105656
0.00979336
0.0088419
0.00816992
0.00748608
0.00665769
0.00607439
0.00599519
0.00626809
0.00665323
0.00693282
0.00698828
0.00695915
0.00705111
0.00727733
0.00750618
0.00765135
0.00776822
0.00794336
0.0081601
0.00836515
0.00854599
0.00871532
0.00890275
0.00912325
0.00935303
0.00959084
0.0098602
0.010155
0.0104479
0.0107302
0.0110139
0.0113038
0.0115861
0.0118521
0.0121113
0.0123796
0.0126633
0.0129689
0.0132915
0.0136217
0.0139575
0.0143046
0.0146563
0.0149975
0.0153317
0.0156753
0.0160256
0.0163722
0.0167253
0.0171099
0.0175046
0.0178881
0.0182939
0.0187216
0.0191396
0.0195664
0.0200097
0.0204494
0.0208939
0.0213494
0.0218172
0.0222982
0.0227893
0.0232852
0.0237951
0.0243123
0.0248426
0.0253847
0.0259356
0.0264916
0.0270624
0.0276489
0.0282493
0.0288643
0.029488
0.0301242
0.0307696
0.0314342
0.0321118
0.0328066
0.0335097
0.0342281
0.0349553
0.0356999
0.0364561
0.0372317
0.0380159
0.0388174
0.0396231
0.0404532
0.0412823
0.0421368
0.0429865
0.0438412
0.0446936
0.0455144
0.0462491
0.0468649
0.0104276
0.0103185
0.0096661
0.00885185
0.00826937
0.00767734
0.00690066
0.00626234
0.00608509
0.00630909
0.00668999
0.0069761
0.00703191
0.0069974
0.00708852
0.00731765
0.00754386
0.00767886
0.00778615
0.00796044
0.00818306
0.00839058
0.00856611
0.00873006
0.00891967
0.00914582
0.00937595
0.00960794
0.00987203
0.010166
0.0104591
0.0107385
0.0110184
0.0113073
0.011591
0.0118573
0.0121162
0.012386
0.0126718
0.0129767
0.0132965
0.0136258
0.0139621
0.014308
0.0146574
0.0149982
0.015334
0.015678
0.0160277
0.0163749
0.0167291
0.0171133
0.0175071
0.0178908
0.0182966
0.0187237
0.0191412
0.019568
0.0200111
0.0204507
0.0208955
0.0213513
0.021819
0.0222998
0.0227908
0.0232866
0.0237967
0.0243139
0.0248441
0.025386
0.0259368
0.026493
0.027064
0.0276504
0.0282507
0.0288655
0.0294892
0.0301254
0.0307709
0.0314354
0.0321129
0.0328075
0.0335105
0.0342288
0.034956
0.0357007
0.0364569
0.0372324
0.0380165
0.038818
0.0396238
0.0404539
0.0412832
0.0421376
0.0429877
0.0438428
0.044696
0.0455186
0.0462556
0.0468695
0.0101837
0.010094
0.00952908
0.00884788
0.0083651
0.00784926
0.0071294
0.00646234
0.00619096
0.00635687
0.00672958
0.00701864
0.00707321
0.00703446
0.00712627
0.00735978
0.00758411
0.0077087
0.00780537
0.00797799
0.00820674
0.00841713
0.0085872
0.00874555
0.00893721
0.00916901
0.00939952
0.00962558
0.00988428
0.0101775
0.0104708
0.0107474
0.0110232
0.0113112
0.0115963
0.011863
0.0121214
0.0123926
0.0126806
0.0129846
0.0133017
0.01363
0.013967
0.0143117
0.0146586
0.0149992
0.0153365
0.0156809
0.0160299
0.0163777
0.0167331
0.0171169
0.0175097
0.0178936
0.0182995
0.0187258
0.019143
0.0195698
0.0200125
0.0204521
0.0208973
0.0213533
0.021821
0.0223016
0.0227924
0.0232882
0.0237983
0.0243155
0.0248456
0.0253873
0.0259381
0.0264945
0.0270657
0.0276521
0.0282522
0.0288668
0.0294903
0.0301265
0.0307721
0.0314367
0.0321141
0.0328085
0.0335113
0.0342296
0.0349568
0.0357015
0.0364578
0.0372331
0.0380172
0.0388186
0.0396246
0.0404546
0.0412841
0.0421384
0.0429889
0.0438446
0.0446985
0.045523
0.0462624
0.0468744
0.00994165
0.00989384
0.00939356
0.00882351
0.0084557
0.00800994
0.00733929
0.00666763
0.006315
0.00641257
0.00677223
0.00706249
0.00711252
0.0070695
0.00716347
0.00740318
0.00762704
0.00774112
0.00782623
0.00799617
0.008231
0.00844485
0.00860936
0.00876172
0.00895537
0.00919287
0.00942376
0.00964378
0.00989696
0.0101895
0.0104832
0.0107568
0.0110284
0.0113154
0.011602
0.011869
0.0121268
0.0123993
0.0126895
0.0129929
0.0133071
0.0136344
0.0139721
0.0143155
0.0146599
0.0150002
0.0153391
0.0156839
0.0160321
0.0163806
0.0167373
0.0171206
0.0175124
0.0178964
0.0183025
0.018728
0.0191448
0.0195716
0.020014
0.0204535
0.0208991
0.0213554
0.021823
0.0223034
0.022794
0.0232898
0.0237999
0.0243171
0.0248472
0.0253887
0.0259395
0.0264961
0.0270674
0.0276538
0.0282538
0.0288681
0.0294916
0.0301277
0.0307734
0.031438
0.0321153
0.0328095
0.0335122
0.0342304
0.0349577
0.0357024
0.0364587
0.0372338
0.0380179
0.0388192
0.0396254
0.0404554
0.0412851
0.0421393
0.0429903
0.0438464
0.0447012
0.0455276
0.0462694
0.0468796
0.00969314
0.00970958
0.00927184
0.00877845
0.00853184
0.00816799
0.00753196
0.00686834
0.00645744
0.00647916
0.00681697
0.00710931
0.00715136
0.00710175
0.00719923
0.00744721
0.00767253
0.00777632
0.00784889
0.00801527
0.0082559
0.00847371
0.00863276
0.00877853
0.00897405
0.00921744
0.00944872
0.00966257
0.00991009
0.0102019
0.0104962
0.0107667
0.011034
0.01132
0.0116082
0.0118755
0.0121325
0.0124062
0.0126987
0.0130013
0.0133127
0.013639
0.0139774
0.0143197
0.0146615
0.0150013
0.0153419
0.0156871
0.0160344
0.0163835
0.0167416
0.0171244
0.0175151
0.0178994
0.0183056
0.0187303
0.0191467
0.0195735
0.0200156
0.0204551
0.020901
0.0213575
0.0218251
0.0223053
0.0227958
0.0232915
0.0238017
0.0243189
0.0248488
0.0253901
0.0259409
0.0264977
0.0270693
0.0276555
0.0282554
0.0288695
0.0294929
0.030129
0.0307748
0.0314393
0.0321165
0.0328106
0.0335132
0.0342312
0.0349585
0.0357033
0.0364596
0.0372346
0.0380186
0.0388198
0.0396262
0.0404562
0.0412861
0.0421403
0.0429917
0.0438484
0.044704
0.0455323
0.0462766
0.0468851
0.00943829
0.00952873
0.00917156
0.00872197
0.00858192
0.00832599
0.0077154
0.00705513
0.00661362
0.00656161
0.00686346
0.00715879
0.0071924
0.00713117
0.00723239
0.00749126
0.00772019
0.00781447
0.00787344
0.00803547
0.00828166
0.00850362
0.00865744
0.00879608
0.00899309
0.00924271
0.00947449
0.00968197
0.00992369
0.0102149
0.0105098
0.0107773
0.0110401
0.011325
0.0116148
0.0118824
0.0121384
0.0124133
0.012708
0.0130101
0.0133185
0.0136437
0.0139829
0.014324
0.0146632
0.0150026
0.015345
0.0156906
0.0160369
0.0163865
0.016746
0.0171285
0.017518
0.0179025
0.0183089
0.0187327
0.0191487
0.0195755
0.0200174
0.0204567
0.0209029
0.0213597
0.0218273
0.0223072
0.0227976
0.0232933
0.0238035
0.0243207
0.0248506
0.0253916
0.0259424
0.0264994
0.0270711
0.0276574
0.0282571
0.028871
0.0294942
0.0301303
0.0307762
0.0314407
0.0321178
0.0328117
0.0335142
0.0342321
0.0349595
0.0357042
0.0364606
0.0372355
0.0380194
0.0388205
0.0396271
0.040457
0.0412872
0.0421414
0.0429932
0.0438505
0.0447071
0.0455373
0.0462841
0.0468908
0.00918387
0.00934048
0.0090907
0.00866902
0.00859952
0.00847556
0.00790057
0.00722544
0.00677318
0.00666409
0.00691434
0.00720818
0.0072381
0.00715941
0.00726141
0.00753444
0.00776964
0.00785557
0.00790012
0.00805679
0.00830864
0.00853474
0.00868329
0.00881446
0.00901243
0.00926853
0.00950118
0.00970206
0.00993774
0.0102284
0.0105241
0.0107885
0.0110466
0.0113303
0.0116219
0.0118898
0.0121447
0.0124206
0.0127176
0.0130191
0.0133244
0.0136486
0.0139887
0.0143287
0.0146651
0.0150041
0.0153482
0.0156942
0.0160395
0.0163896
0.0167506
0.0171326
0.0175209
0.0179057
0.0183123
0.0187353
0.0191508
0.0195776
0.0200192
0.0204584
0.020905
0.0213619
0.0218295
0.0223093
0.0227995
0.0232952
0.0238054
0.0243225
0.0248524
0.0253932
0.0259439
0.0265012
0.0270731
0.0276592
0.0282588
0.0288725
0.0294956
0.0301317
0.0307777
0.0314422
0.0321192
0.0328128
0.0335152
0.0342331
0.0349604
0.0357052
0.0364616
0.0372363
0.0380202
0.0388213
0.039628
0.0404579
0.0412884
0.0421425
0.0429947
0.0438528
0.0447103
0.0455424
0.0462918
0.046897
0.00893681
0.00913985
0.00901831
0.0086341
0.00858919
0.00860072
0.00809498
0.00738738
0.00692323
0.00678481
0.00697647
0.00725522
0.00728835
0.00718998
0.00728544
0.00757501
0.00782064
0.00789947
0.00792911
0.00807914
0.0083369
0.00856756
0.00871036
0.00883366
0.00903214
0.00929473
0.00952875
0.00972296
0.00995224
0.0102423
0.010539
0.0108005
0.0110537
0.0113361
0.0116295
0.0118977
0.0121513
0.012428
0.0127275
0.0130285
0.0133307
0.0136537
0.0139947
0.0143337
0.0146672
0.0150057
0.0153517
0.0156981
0.0160422
0.0163928
0.0167554
0.0171369
0.017524
0.017909
0.0183159
0.0187379
0.019153
0.0195799
0.0200211
0.0204602
0.0209071
0.0213643
0.0218319
0.0223114
0.0228014
0.0232972
0.0238074
0.0243245
0.0248542
0.0253949
0.0259455
0.026503
0.0270751
0.0276612
0.0282606
0.0288741
0.0294971
0.0301332
0.0307793
0.0314437
0.0321206
0.0328141
0.0335163
0.034234
0.0349614
0.0357062
0.0364627
0.0372373
0.038021
0.038822
0.0396289
0.0404589
0.0412896
0.0421438
0.0429964
0.0438552
0.0447137
0.0455477
0.0462998
0.0469034
0.00870108
0.00892783
0.00894104
0.00862431
0.00856645
0.00868748
0.00829383
0.00755438
0.00705619
0.00691407
0.00705715
0.0073016
0.00733949
0.00722658
0.00730599
0.00761055
0.0078727
0.00794623
0.00796035
0.00810244
0.00836612
0.00860247
0.008739
0.00885347
0.00905224
0.0093213
0.00955709
0.00974479
0.00996726
0.0102567
0.0105547
0.0108131
0.0110613
0.0113423
0.0116376
0.0119062
0.0121583
0.0124357
0.0127375
0.0130381
0.0133371
0.0136589
0.014001
0.0143389
0.0146695
0.0150074
0.0153553
0.0157022
0.016045
0.0163961
0.0167603
0.0171415
0.0175272
0.0179124
0.0183196
0.0187407
0.0191552
0.0195822
0.0200232
0.0204622
0.0209093
0.0213667
0.0218343
0.0223137
0.0228035
0.0232992
0.0238094
0.0243265
0.0248562
0.0253966
0.0259472
0.0265049
0.0270772
0.0276632
0.0282625
0.0288758
0.0294987
0.0301347
0.0307809
0.0314453
0.0321221
0.0328153
0.0335174
0.034235
0.0349625
0.0357073
0.0364638
0.0372382
0.0380219
0.0388229
0.0396299
0.0404599
0.0412908
0.0421451
0.0429981
0.0438578
0.0447173
0.0455532
0.0463081
0.0469102
0.00847915
0.00870839
0.0088478
0.00863575
0.00855054
0.00873167
0.00847971
0.00773843
0.00717754
0.00703714
0.00715765
0.00735462
0.00738741
0.00726968
0.00732703
0.00763933
0.00792408
0.00799636
0.00799376
0.0081267
0.00839604
0.00863959
0.00876997
0.00887388
0.00907245
0.00934829
0.0095861
0.00976751
0.0099829
0.0102715
0.010571
0.0108265
0.0110694
0.011349
0.0116463
0.0119153
0.0121656
0.0124434
0.0127478
0.0130481
0.0133439
0.0136643
0.0140075
0.0143446
0.0146721
0.0150093
0.0153592
0.0157065
0.0160479
0.0163994
0.0167654
0.0171461
0.0175304
0.0179159
0.0183235
0.0187436
0.0191576
0.0195847
0.0200254
0.0204642
0.0209117
0.0213692
0.0218368
0.022316
0.0228057
0.0233013
0.0238116
0.0243286
0.0248582
0.0253985
0.025949
0.0265069
0.0270794
0.0276653
0.0282645
0.0288775
0.0295003
0.0301363
0.0307825
0.0314469
0.0321237
0.0328167
0.0335186
0.0342361
0.0349636
0.0357084
0.0364649
0.0372392
0.0380229
0.0388237
0.039631
0.040461
0.0412922
0.0421465
0.0429999
0.0438606
0.0447212
0.0455588
0.0463166
0.0469173
0.00827548
0.00848603
0.00873115
0.00865609
0.00855823
0.00874398
0.008633
0.00794034
0.0073024
0.00714273
0.00726967
0.00742342
0.00743245
0.00731527
0.00735282
0.00766226
0.00797168
0.00804984
0.00802963
0.0081515
0.0084265
0.00867865
0.00880396
0.00889542
0.00909238
0.00937571
0.00961592
0.00979103
0.00999922
0.0102868
0.010588
0.0108408
0.0110782
0.011356
0.0116555
0.011925
0.0121733
0.0124514
0.0127583
0.0130584
0.0133509
0.0136699
0.0140143
0.0143505
0.0146749
0.0150114
0.0153634
0.0157112
0.016051
0.0164029
0.0167706
0.017151
0.0175338
0.0179195
0.0183275
0.0187467
0.0191601
0.0195873
0.0200277
0.0204664
0.0209141
0.0213718
0.0218394
0.0223184
0.0228079
0.0233036
0.0238138
0.0243307
0.0248604
0.0254004
0.0259509
0.0265089
0.0270817
0.0276675
0.0282665
0.0288793
0.029502
0.0301379
0.0307842
0.0314486
0.0321253
0.0328181
0.0335198
0.0342372
0.0349647
0.0357095
0.0364661
0.0372403
0.0380239
0.0388247
0.0396321
0.0404621
0.0412936
0.0421481
0.0430018
0.0438635
0.0447253
0.0455647
0.0463253
0.0469249
0.00809819
0.00826761
0.00858758
0.0086697
0.00859702
0.00874423
0.00874029
0.00814476
0.0074462
0.00723302
0.00737861
0.0075117
0.00748172
0.00735877
0.00738441
0.00768305
0.00801331
0.00810532
0.00806888
0.00817643
0.00845708
0.00871928
0.00884098
0.00891889
0.00911188
0.00940313
0.0096468
0.00981533
0.0100161
0.0103026
0.0106057
0.010856
0.0110876
0.0113634
0.0116653
0.0119353
0.0121815
0.0124595
0.0127689
0.0130691
0.0133582
0.0136757
0.0140213
0.0143569
0.0146781
0.0150136
0.0153678
0.0157161
0.0160543
0.0164064
0.0167761
0.0171561
0.0175373
0.0179233
0.0183317
0.0187499
0.0191628
0.01959
0.0200301
0.0204686
0.0209166
0.0213745
0.0218421
0.0223209
0.0228103
0.0233059
0.0238162
0.024333
0.0248626
0.0254024
0.0259529
0.0265111
0.027084
0.0276698
0.0282686
0.0288812
0.0295038
0.0301396
0.030786
0.0314504
0.032127
0.0328195
0.0335211
0.0342384
0.0349659
0.0357108
0.0364673
0.0372414
0.0380249
0.0388256
0.0396333
0.0404633
0.041295
0.0421497
0.0430039
0.0438666
0.0447296
0.0455708
0.0463343
0.0469328
0.00795477
0.00806457
0.00841883
0.00866127
0.00866279
0.00875462
0.008803
0.00832993
0.00761472
0.00732265
0.00747157
0.00761246
0.00754449
0.00740011
0.00741815
0.00770544
0.00804942
0.00816041
0.00811222
0.00820169
0.0084871
0.00876148
0.00888092
0.008945
0.00913146
0.00942997
0.00967875
0.00984067
0.0100333
0.0103188
0.0106242
0.0108721
0.0110977
0.0113712
0.0116755
0.0119464
0.0121902
0.0124679
0.0127798
0.0130801
0.0133658
0.0136816
0.0140286
0.0143636
0.0146815
0.015016
0.0153724
0.0157214
0.0160577
0.0164099
0.0167817
0.0171614
0.0175409
0.0179272
0.0183361
0.0187533
0.0191655
0.0195929
0.0200327
0.020471
0.0209193
0.0213773
0.0218449
0.0223235
0.0228127
0.0233084
0.0238186
0.0243353
0.0248648
0.0254045
0.0259549
0.0265133
0.0270865
0.0276721
0.0282708
0.0288832
0.0295057
0.0301414
0.0307879
0.0314523
0.0321287
0.032821
0.0335225
0.0342396
0.0349671
0.035712
0.0364686
0.0372426
0.038026
0.0388267
0.0396345
0.0404646
0.0412966
0.0421515
0.043006
0.0438698
0.0447341
0.045577
0.0463435
0.046941
0.00784772
0.00789031
0.00823356
0.00861761
0.00874162
0.00879301
0.008837
0.00847693
0.0077966
0.00742783
0.00754865
0.00771223
0.00762458
0.00744591
0.00745032
0.00772952
0.00808247
0.00821361
0.00815902
0.00822782
0.00851548
0.00880494
0.00892382
0.00897372
0.00915191
0.0094561
0.0097114
0.00986758
0.0100508
0.0103353
0.0106435
0.0108892
0.0111086
0.0113795
0.0116862
0.0119582
0.0121995
0.0124764
0.0127909
0.0130915
0.0133737
0.0136877
0.0140361
0.0143707
0.0146853
0.0150186
0.0153773
0.015727
0.0160614
0.0164136
0.0167874
0.0171669
0.0175446
0.0179311
0.0183407
0.0187568
0.0191684
0.0195959
0.0200355
0.0204736
0.020922
0.0213802
0.0218478
0.0223262
0.0228153
0.0233109
0.0238212
0.0243378
0.0248672
0.0254067
0.0259571
0.0265157
0.027089
0.0276745
0.0282731
0.0288853
0.0295076
0.0301433
0.0307898
0.0314542
0.0321305
0.0328226
0.0335239
0.0342409
0.0349684
0.0357134
0.03647
0.0372438
0.0380271
0.0388278
0.0396358
0.040466
0.0412982
0.0421534
0.0430083
0.0438733
0.044739
0.0455835
0.046353
0.0469497
0.00777261
0.00775643
0.00804774
0.00853138
0.0088136
0.00886679
0.00886418
0.00857913
0.00797075
0.00755682
0.00762343
0.00779926
0.00771544
0.0075043
0.00748264
0.00775209
0.00811375
0.00826558
0.00820854
0.00825519
0.00854167
0.00884898
0.00897014
0.00900484
0.00917341
0.00948194
0.00974413
0.00989608
0.010069
0.0103515
0.0106635
0.0109076
0.0111203
0.0113881
0.0116973
0.0119708
0.0122094
0.0124851
0.0128021
0.0131033
0.013382
0.013694
0.0140439
0.0143783
0.0146894
0.0150214
0.0153824
0.0157329
0.0160653
0.0164173
0.0167934
0.0171727
0.0175485
0.0179352
0.0183455
0.0187604
0.0191714
0.019599
0.0200383
0.0204763
0.0209248
0.0213832
0.0218508
0.022329
0.0228179
0.0233136
0.0238238
0.0243403
0.0248697
0.025409
0.0259594
0.0265181
0.0270916
0.0276771
0.0282755
0.0288874
0.0295096
0.0301452
0.0307918
0.0314562
0.0321324
0.0328243
0.0335254
0.0342423
0.0349698
0.0357148
0.0364714
0.0372451
0.0380283
0.0388289
0.0396371
0.0404675
0.0412999
0.0421555
0.0430107
0.0438769
0.0447441
0.0455901
0.0463627
0.0469587
0.00771922
0.00766866
0.00788051
0.00840575
0.00885743
0.0089704
0.00890719
0.00864619
0.00811701
0.00770098
0.00771138
0.00787403
0.00780451
0.00757691
0.00752223
0.00777205
0.00814079
0.00831724
0.00826162
0.00828375
0.00856504
0.0088926
0.0090203
0.00903864
0.00919556
0.00950821
0.00977712
0.00992576
0.0100883
0.0103675
0.010684
0.0109274
0.0111329
0.011397
0.0117089
0.011984
0.01222
0.0124941
0.0128135
0.0131155
0.0133907
0.0137004
0.014052
0.0143864
0.0146939
0.0150243
0.0153877
0.0157393
0.0160694
0.0164211
0.0167995
0.0171787
0.0175525
0.0179395
0.0183504
0.0187643
0.0191745
0.0196023
0.0200414
0.0204791
0.0209278
0.0213863
0.021854
0.0223319
0.0228207
0.0233164
0.0238266
0.0243429
0.0248723
0.0254114
0.0259617
0.0265206
0.0270943
0.0276797
0.0282779
0.0288897
0.0295117
0.0301472
0.0307939
0.0314583
0.0321343
0.032826
0.0335269
0.0342437
0.0349712
0.0357162
0.0364729
0.0372465
0.0380296
0.0388302
0.0396385
0.040469
0.0413016
0.0421577
0.0430133
0.0438807
0.0447494
0.045597
0.0463726
0.0469682
0.00767387
0.007625
0.00774978
0.00825577
0.0088546
0.00908606
0.00898246
0.0086969
0.00822514
0.00784074
0.00782033
0.00795024
0.00788186
0.00765531
0.00757581
0.00779463
0.00816032
0.00836594
0.00832042
0.00831482
0.00858405
0.0089343
0.00907447
0.009076
0.0092177
0.00953474
0.00981118
0.00995631
0.0101087
0.0103836
0.0107045
0.0109486
0.0111467
0.0114063
0.0117208
0.011998
0.0122313
0.0125034
0.0128251
0.0131282
0.0133999
0.013707
0.0140602
0.0143949
0.0146989
0.0150274
0.0153933
0.015746
0.0160737
0.0164249
0.0168057
0.017185
0.0175566
0.0179438
0.0183556
0.0187683
0.0191778
0.0196058
0.0200446
0.0204821
0.0209309
0.0213895
0.0218572
0.022335
0.0228236
0.0233193
0.0238295
0.0243456
0.024875
0.0254139
0.0259642
0.0265232
0.0270971
0.0276823
0.0282805
0.028892
0.0295139
0.0301493
0.0307961
0.0314604
0.0321364
0.0328278
0.0335285
0.0342452
0.0349727
0.0357178
0.0364744
0.0372479
0.0380309
0.0388315
0.03964
0.0404707
0.0413035
0.04216
0.043016
0.0438846
0.0447551
0.0456041
0.0463827
0.046978
0.00762059
0.00761637
0.00766774
0.00810404
0.00879711
0.00918922
0.00909456
0.00875377
0.00830043
0.00795654
0.00794153
0.00804312
0.00795065
0.00772632
0.00764148
0.00782908
0.00817434
0.00840532
0.00838496
0.0083529
0.00859784
0.00897132
0.00913281
0.00911836
0.00923973
0.0095604
0.00984703
0.00998828
0.0101295
0.0104
0.010725
0.0109709
0.0111621
0.0114158
0.0117328
0.0120128
0.0122433
0.012513
0.0128368
0.0131412
0.0134095
0.0137138
0.0140686
0.014404
0.0147043
0.0150307
0.015399
0.0157531
0.0160784
0.0164289
0.0168122
0.0171915
0.0175609
0.0179482
0.0183609
0.0187726
0.0191812
0.0196094
0.020048
0.0204852
0.0209341
0.0213928
0.0218606
0.0223381
0.0228266
0.0233224
0.0238324
0.0243484
0.0248777
0.0254166
0.0259668
0.026526
0.0271
0.0276851
0.0282831
0.0288944
0.0295162
0.0301515
0.0307983
0.0314627
0.0321385
0.0328297
0.0335301
0.0342468
0.0349742
0.0357194
0.036476
0.0372494
0.0380323
0.0388329
0.0396415
0.0404725
0.0413054
0.0421625
0.0430189
0.0438888
0.0447611
0.0456114
0.046393
0.0469883
0.00754283
0.00762895
0.00763697
0.0079738
0.00869252
0.0092541
0.00923268
0.00883708
0.00835885
0.00803767
0.00805506
0.00816
0.00802756
0.00778127
0.00770698
0.00788192
0.0081927
0.00843072
0.00844841
0.00840343
0.00860954
0.00899886
0.00919381
0.00916775
0.00926214
0.00958373
0.00988445
0.0100231
0.0101505
0.0104162
0.0107459
0.0109941
0.011179
0.0114261
0.0117449
0.0120284
0.0122562
0.0125227
0.0128487
0.0131548
0.0134196
0.0137207
0.0140771
0.0144136
0.0147104
0.0150343
0.015405
0.0157607
0.0160835
0.0164329
0.0168188
0.0171984
0.0175653
0.0179527
0.0183665
0.018777
0.0191847
0.0196131
0.0200515
0.0204885
0.0209375
0.0213962
0.0218641
0.0223414
0.0228297
0.0233256
0.0238356
0.0243513
0.0248806
0.0254193
0.0259694
0.0265288
0.027103
0.027688
0.0282858
0.028897
0.0295186
0.0301538
0.0308007
0.031465
0.0321406
0.0328317
0.0335319
0.0342484
0.0349759
0.0357211
0.0364776
0.0372509
0.0380338
0.0388344
0.0396431
0.0404744
0.0413075
0.0421652
0.043022
0.0438931
0.0447674
0.045619
0.0464035
0.0469989
0.00742699
0.00764607
0.00765066
0.00788354
0.00856211
0.00926206
0.00937364
0.00895755
0.00842084
0.00808772
0.00814058
0.00829017
0.00813056
0.00782668
0.00775588
0.00794773
0.00822845
0.00844602
0.00849961
0.00846689
0.00862785
0.00901343
0.0092525
0.00922673
0.00928677
0.00960346
0.00992231
0.0100619
0.0101725
0.010431
0.0107672
0.0110186
0.0111971
0.0114371
0.0117571
0.0120445
0.0122701
0.0125328
0.0128606
0.013169
0.0134304
0.0137278
0.0140857
0.0144237
0.014717
0.015038
0.0154111
0.0157687
0.0160888
0.0164369
0.0168255
0.0172055
0.01757
0.0179573
0.0183723
0.0187817
0.0191885
0.019617
0.0200553
0.020492
0.020941
0.0213998
0.0218677
0.0223448
0.0228329
0.0233289
0.0238388
0.0243543
0.0248836
0.0254222
0.0259722
0.0265317
0.027106
0.027691
0.0282887
0.0288996
0.029521
0.0301562
0.0308031
0.0314675
0.0321429
0.0328337
0.0335337
0.0342502
0.0349776
0.0357228
0.0364793
0.0372526
0.0380353
0.038836
0.0396448
0.0404764
0.0413097
0.0421679
0.0430253
0.0438976
0.044774
0.0456268
0.0464142
0.0470099
0.00726646
0.00764996
0.00769595
0.00784214
0.00843137
0.00921056
0.00949037
0.00911122
0.00850692
0.00812189
0.00818614
0.00841067
0.00826847
0.00788371
0.00777772
0.0080091
0.00828978
0.00846591
0.00853067
0.00853299
0.00866278
0.00901889
0.00930005
0.00929532
0.00931775
0.00961838
0.0099586
0.0101052
0.0101972
0.0104439
0.0107878
0.0110451
0.0112165
0.0114486
0.0117695
0.0120612
0.0122849
0.0125431
0.0128724
0.0131837
0.0134418
0.0137351
0.0140944
0.0144343
0.0147242
0.015042
0.0154173
0.0157771
0.0160946
0.0164411
0.0168323
0.017213
0.0175748
0.017962
0.0183782
0.0187866
0.0191923
0.019621
0.0200592
0.0204957
0.0209446
0.0214035
0.0218714
0.0223482
0.0228363
0.0233324
0.0238421
0.0243574
0.0248866
0.0254251
0.0259752
0.0265348
0.0271092
0.0276941
0.0282916
0.0289023
0.0295236
0.0301587
0.0308056
0.03147
0.0321452
0.0328358
0.0335355
0.034252
0.0349793
0.0357246
0.0364811
0.0372543
0.0380369
0.0388377
0.0396466
0.0404785
0.041312
0.0421709
0.0430289
0.0439023
0.0447808
0.0456349
0.046425
0.0470212
0.0070636
0.00762451
0.00775764
0.00784825
0.00832332
0.00911382
0.00955934
0.0092795
0.0086306
0.00816054
0.00819507
0.00849784
0.00843008
0.00797576
0.00778058
0.00804434
0.00836944
0.00850847
0.00854586
0.00858535
0.00871686
0.00902805
0.00932914
0.0093671
0.00936115
0.0096294
0.00999014
0.010153
0.0102264
0.0104556
0.0108063
0.0110735
0.0112381
0.0114602
0.0117821
0.0120786
0.0123006
0.012554
0.0128841
0.0131988
0.0134542
0.0137426
0.014103
0.0144454
0.0147322
0.0150462
0.0154237
0.015786
0.0161008
0.0164452
0.0168392
0.0172209
0.0175799
0.0179667
0.0183843
0.0187918
0.0191964
0.0196252
0.0200633
0.0204995
0.0209483
0.0214073
0.0218754
0.0223519
0.0228398
0.0233359
0.0238456
0.0243606
0.0248898
0.0254282
0.0259782
0.026538
0.0271125
0.0276972
0.0282946
0.0289051
0.0295262
0.0301613
0.0308082
0.0314726
0.0321477
0.032838
0.0335375
0.0342539
0.0349812
0.0357266
0.036483
0.0372561
0.0380386
0.0388395
0.0396485
0.0404808
0.0413145
0.042174
0.0430327
0.0439072
0.044788
0.0456433
0.046436
0.0470329
0.00683012
0.00755842
0.0078197
0.00789388
0.00825325
0.00899504
0.00956958
0.00943717
0.00879145
0.00822451
0.00818349
0.00853597
0.00858921
0.00811713
0.00779003
0.00803874
0.00844528
0.00858554
0.00856416
0.00861139
0.00877708
0.0090562
0.00934309
0.00942949
0.00942013
0.00964228
0.0100128
0.0102035
0.010262
0.0104671
0.0108217
0.0111028
0.0112629
0.0114721
0.011794
0.0120969
0.0123174
0.0125651
0.0128956
0.0132142
0.0134676
0.0137505
0.0141114
0.014457
0.0147409
0.0150507
0.0154302
0.0157954
0.0161074
0.0164494
0.0168462
0.0172291
0.0175852
0.0179716
0.0183907
0.0187971
0.0192006
0.0196296
0.0200677
0.0205035
0.0209522
0.0214113
0.0218794
0.0223557
0.0228434
0.0233397
0.0238492
0.0243639
0.0248931
0.0254315
0.0259815
0.0265413
0.0271159
0.0277005
0.0282977
0.028908
0.029529
0.030164
0.0308109
0.0314753
0.0321502
0.0328403
0.0335395
0.0342558
0.0349831
0.0357286
0.0364849
0.037258
0.0380403
0.0388414
0.0396504
0.0404832
0.0413171
0.0421772
0.0430367
0.0439122
0.0447955
0.0456519
0.0464471
0.0470449
0.00658394
0.00744725
0.0078653
0.00796731
0.00822709
0.00887829
0.0095264
0.00955998
0.00897469
0.00832785
0.008173
0.00852505
0.00871723
0.00829968
0.00783551
0.00799866
0.00848973
0.00869025
0.00860887
0.00861424
0.00882173
0.00910888
0.00935844
0.00947065
0.00948794
0.00966675
0.0100253
0.010252
0.0103061
0.01048
0.0108335
0.0111317
0.0112912
0.0114853
0.0118045
0.0121158
0.0123359
0.0125765
0.0129069
0.0132301
0.0134818
0.0137589
0.0141197
0.014469
0.0147504
0.0150554
0.0154367
0.0158053
0.0161147
0.0164536
0.0168531
0.0172377
0.0175909
0.0179765
0.0183972
0.0188028
0.0192049
0.0196341
0.0200722
0.0205077
0.0209562
0.0214154
0.0218836
0.0223596
0.0228472
0.0233436
0.023853
0.0243673
0.0248965
0.0254348
0.0259848
0.0265448
0.0271195
0.0277039
0.0283009
0.028911
0.0295318
0.0301668
0.0308137
0.0314781
0.0321527
0.0328426
0.0335416
0.0342579
0.0349852
0.0357306
0.0364869
0.03726
0.0380422
0.0388434
0.0396525
0.0404857
0.0413199
0.0421806
0.043041
0.0439175
0.0448032
0.0456609
0.0464584
0.0470572
0.0063446
0.0072964
0.00787872
0.00805396
0.00824324
0.00878288
0.00944666
0.00963275
0.00915829
0.00847192
0.00818567
0.00848036
0.00879167
0.00849597
0.00793903
0.00795156
0.0084821
0.0087973
0.00869667
0.00861607
0.00883269
0.00917083
0.0093957
0.00949246
0.00954832
0.00970981
0.010034
0.0102912
0.0103589
0.0104976
0.010841
0.0111593
0.0113227
0.0115009
0.0118139
0.0121343
0.0123564
0.0125884
0.0129175
0.0132462
0.013497
0.0137678
0.014128
0.0144813
0.0147609
0.0150604
0.0154431
0.0158157
0.0161227
0.0164579
0.01686
0.0172467
0.0175969
0.0179814
0.0184039
0.0188088
0.0192094
0.0196387
0.020077
0.0205121
0.0209603
0.0214196
0.021888
0.0223637
0.0228511
0.0233476
0.0238568
0.0243709
0.0249001
0.0254383
0.0259882
0.0265483
0.0271231
0.0277074
0.0283041
0.0289141
0.0295348
0.0301697
0.0308166
0.031481
0.0321554
0.032845
0.0335438
0.0342601
0.0349873
0.0357328
0.0364889
0.037262
0.0380441
0.0388455
0.0396546
0.0404883
0.0413228
0.0421842
0.0430456
0.043923
0.0448112
0.0456701
0.0464697
0.0470698
0.00612788
0.00712136
0.00785098
0.00813627
0.00829442
0.00871983
0.00934965
0.0096531
0.0093196
0.00864504
0.00823767
0.00842537
0.00880623
0.00867409
0.00810049
0.0079314
0.00842444
0.00887531
0.00882364
0.00864506
0.00881087
0.00921533
0.00946432
0.00951508
0.00958492
0.00976536
0.0100518
0.0103164
0.0104149
0.0105254
0.0108445
0.0111837
0.0113574
0.0115192
0.0118226
0.0121515
0.0123787
0.012602
0.0129272
0.0132624
0.0135135
0.0137771
0.0141361
0.014494
0.0147722
0.0150659
0.0154493
0.0158265
0.0161315
0.0164623
0.0168667
0.0172561
0.0176033
0.0179864
0.0184107
0.018815
0.0192141
0.0196435
0.0200821
0.0205168
0.0209646
0.0214239
0.0218924
0.0223679
0.0228552
0.0233518
0.0238607
0.0243744
0.0249037
0.025442
0.0259919
0.026552
0.0271268
0.027711
0.0283075
0.0289173
0.0295379
0.0301728
0.0308197
0.031484
0.0321581
0.0328476
0.0335461
0.0342624
0.0349895
0.0357351
0.0364911
0.0372642
0.0380461
0.0388478
0.039657
0.0404911
0.041326
0.0421879
0.0430504
0.0439287
0.0448194
0.0456797
0.0464812
0.0470826
0.00594088
0.0069402
0.0077849
0.00819811
0.00836946
0.00869447
0.00925459
0.00963039
0.00944258
0.00882854
0.00833338
0.00838494
0.00877198
0.00880587
0.00829635
0.00796621
0.0083423
0.00889751
0.00896366
0.00872318
0.00878017
0.00921832
0.00954778
0.00956416
0.00959763
0.00981393
0.0100898
0.0103333
0.0104637
0.0105661
0.0108479
0.0112012
0.0113953
0.0115411
0.0118306
0.0121676
0.0124019
0.0126175
0.0129364
0.0132779
0.0135315
0.0137872
0.0141438
0.0145071
0.0147846
0.0150717
0.0154552
0.0158376
0.0161412
0.016467
0.0168731
0.0172658
0.0176101
0.0179915
0.0184177
0.0188217
0.019219
0.0196484
0.0200873
0.0205216
0.0209692
0.0214285
0.0218971
0.0223722
0.0228594
0.0233561
0.0238648
0.0243782
0.0249075
0.0254458
0.0259956
0.0265558
0.0271307
0.0277147
0.028311
0.0289206
0.029541
0.0301759
0.0308228
0.0314871
0.032161
0.0328501
0.0335485
0.0342648
0.0349918
0.0357375
0.0364933
0.0372665
0.0380483
0.0388502
0.0396594
0.040494
0.0413294
0.0421917
0.0430555
0.0439346
0.0448277
0.0456896
0.0464929
0.0470957
0.00578459
0.00676769
0.00769266
0.00822982
0.00845385
0.00870643
0.0091762
0.00957876
0.00951987
0.00900159
0.00846368
0.00837725
0.00871101
0.00887727
0.00849482
0.00806478
0.00826995
0.00885892
0.00908306
0.0088515
0.00877238
0.00917662
0.00961484
0.00965361
0.00960942
0.00983471
0.0101435
0.0103581
0.0104969
0.0106146
0.0108594
0.0112095
0.0114336
0.0115695
0.0118379
0.012182
0.0124261
0.0126345
0.0129457
0.0132923
0.0135503
0.0137986
0.0141512
0.0145204
0.0147982
0.015078
0.0154608
0.0158489
0.0161518
0.0164721
0.0168793
0.0172758
0.0176175
0.0179965
0.0184247
0.0188286
0.0192241
0.0196534
0.0200927
0.0205267
0.0209738
0.0214332
0.0219019
0.0223768
0.0228638
0.0233605
0.023869
0.024382
0.0249114
0.0254498
0.0259995
0.0265597
0.0271346
0.0277185
0.0283146
0.028924
0.0295443
0.0301792
0.0308261
0.0314904
0.0321639
0.0328528
0.0335509
0.0342672
0.0349942
0.0357399
0.0364956
0.0372688
0.0380505
0.0388527
0.039662
0.040497
0.041333
0.0421957
0.0430609
0.0439408
0.0448363
0.0456998
0.0465046
0.0471089
0.00565801
0.00661046
0.00758686
0.00822942
0.00853058
0.00874816
0.00912373
0.00951304
0.00955413
0.00914774
0.00861233
0.00840932
0.00864798
0.00889171
0.00866549
0.00821342
0.00823901
0.00878003
0.00915145
0.00900618
0.00881473
0.00911377
0.00963569
0.00976757
0.00965066
0.00982419
0.01019
0.0104058
0.0105197
0.0106582
0.0108854
0.0112123
0.0114653
0.0116056
0.0118463
0.0121929
0.0124518
0.0126535
0.0129551
0.0133063
0.0135695
0.0138112
0.0141581
0.0145335
0.0148134
0.0150851
0.0154658
0.0158603
0.0161634
0.0164774
0.0168853
0.017286
0.0176254
0.0180017
0.0184318
0.0188359
0.0192294
0.0196585
0.0200983
0.020532
0.0209786
0.021438
0.0219069
0.0223814
0.0228683
0.0233652
0.0238734
0.0243858
0.0249154
0.0254538
0.0260036
0.0265638
0.0271386
0.0277223
0.0283183
0.0289275
0.0295477
0.0301826
0.0308294
0.0314937
0.0321669
0.0328556
0.0335535
0.0342699
0.0349967
0.0357425
0.036498
0.0372713
0.0380529
0.0388552
0.0396648
0.0405001
0.0413368
0.0421999
0.0430665
0.0439474
0.0448451
0.0457103
0.0465166
0.0471222
0.00555979
0.00646972
0.00747622
0.00820268
0.00858761
0.00880693
0.00910203
0.0094482
0.00955509
0.00925919
0.00876258
0.00847712
0.00860301
0.00886543
0.00878739
0.00838499
0.00826524
0.00869254
0.00915743
0.00915335
0.00891452
0.00906366
0.00960125
0.00987222
0.00974091
0.00980691
0.0102037
0.0104735
0.0105508
0.0106853
0.0109219
0.0112205
0.0114855
0.0116467
0.011861
0.0121984
0.0124773
0.0126758
0.0129639
0.0133196
0.0135896
0.0138247
0.0141652
0.0145461
0.0148297
0.0150934
0.0154701
0.0158717
0.0161763
0.0164831
0.0168908
0.0172966
0.0176339
0.0180068
0.0184389
0.0188436
0.019235
0.0196637
0.0201041
0.0205374
0.0209836
0.0214431
0.021912
0.0223862
0.0228729
0.0233699
0.0238778
0.0243899
0.0249195
0.0254581
0.0260078
0.0265679
0.0271428
0.0277264
0.028322
0.028931
0.0295512
0.0301861
0.0308329
0.0314971
0.0321699
0.0328585
0.0335561
0.0342726
0.0349993
0.0357452
0.0365005
0.0372738
0.0380554
0.038858
0.0396677
0.0405033
0.0413408
0.0422043
0.0430724
0.0439542
0.0448539
0.0457211
0.0465286
0.0471357
0.00548965
0.00634845
0.00736767
0.00815925
0.00862192
0.0088688
0.00910835
0.0093952
0.00953322
0.00933453
0.00889934
0.0085692
0.00858656
0.00881937
0.00885538
0.00855046
0.00834418
0.00862748
0.00911416
0.00926125
0.00905325
0.00905702
0.0095311
0.00993357
0.009868
0.00981702
0.0101771
0.0105357
0.0106085
0.0106993
0.0109534
0.011243
0.011497
0.011684
0.0118866
0.0122013
0.0124982
0.0127028
0.0129732
0.0133308
0.0136109
0.0138394
0.0141719
0.0145586
0.0148473
0.015103
0.0154737
0.0158823
0.0161904
0.0164895
0.0168957
0.0173076
0.0176432
0.0180118
0.0184459
0.0188517
0.0192408
0.019669
0.0201101
0.0205431
0.0209888
0.0214482
0.0219173
0.0223912
0.0228777
0.0233747
0.0238823
0.024394
0.0249238
0.0254625
0.0260122
0.0265722
0.027147
0.0277304
0.0283259
0.0289348
0.0295549
0.0301897
0.0308364
0.0315006
0.0321731
0.0328614
0.0335589
0.0342754
0.035002
0.035748
0.036503
0.0372765
0.038058
0.0388608
0.0396709
0.0405067
0.0413451
0.0422089
0.0430784
0.0439613
0.044863
0.0457321
0.0465409
0.0471493
0.00544498
0.00625068
0.00726529
0.00810583
0.00863567
0.00892228
0.0091332
0.00936053
0.00949933
0.0093777
0.0090136
0.00867217
0.00860048
0.0087732
0.0088781
0.0086864
0.00845635
0.00860358
0.00904798
0.00931444
0.00919959
0.009107
0.00945827
0.0099359
0.00999783
0.00987928
0.0101346
0.0105637
0.0106926
0.0107215
0.0109657
0.0112767
0.0115117
0.0117088
0.0119203
0.0122092
0.0125116
0.0127325
0.0129866
0.0133386
0.0136323
0.0138563
0.0141775
0.0145703
0.0148662
0.0151142
0.0154771
0.0158923
0.0162057
0.0164968
0.0168998
0.0173187
0.0176536
0.0180169
0.0184526
0.0188603
0.019247
0.0196743
0.0201163
0.020549
0.0209941
0.0214536
0.0219228
0.0223964
0.0228826
0.0233796
0.023887
0.0243983
0.0249282
0.025467
0.0260167
0.0265767
0.0271514
0.0277346
0.0283298
0.0289386
0.0295586
0.0301936
0.0308401
0.0315042
0.0321763
0.0328645
0.0335617
0.0342784
0.0350048
0.0357508
0.0365057
0.0372792
0.0380608
0.0388637
0.0396742
0.0405102
0.0413495
0.0422138
0.0430846
0.0439688
0.0448722
0.0457433
0.0465533
0.0471629
0.00541838
0.00617833
0.00717243
0.00804611
0.00863301
0.00896246
0.00916579
0.00934539
0.00946414
0.00939511
0.00910211
0.00877345
0.00863943
0.00874046
0.00887088
0.0087818
0.00857795
0.00862272
0.00898498
0.00931866
0.00932358
0.00920289
0.00941484
0.00989171
0.0100951
0.00998693
0.0101108
0.0105454
0.0107771
0.0107736
0.0109616
0.0113052
0.0115417
0.011723
0.0119508
0.0122283
0.0125194
0.0127585
0.0130068
0.0133452
0.0136516
0.0138769
0.0141832
0.0145799
0.0148866
0.0151268
0.0154796
0.0159015
0.0162222
0.0165052
0.0169033
0.0173295
0.017665
0.018022
0.0184588
0.0188692
0.0192537
0.0196798
0.0201226
0.0205551
0.0209996
0.021459
0.0219285
0.0224019
0.0228876
0.0233845
0.0238918
0.0244027
0.0249328
0.0254718
0.0260213
0.0265811
0.0271558
0.0277389
0.0283339
0.0289425
0.0295625
0.0301974
0.0308439
0.0315079
0.0321796
0.0328676
0.0335647
0.0342815
0.0350077
0.0357538
0.0365085
0.037282
0.0380637
0.0388667
0.0396778
0.0405138
0.0413542
0.0422189
0.043091
0.0439766
0.0448815
0.0457546
0.0465658
0.0471766
0.00540097
0.0061297
0.00709452
0.00798454
0.00861847
0.00898945
0.00919795
0.00934481
0.00943478
0.00939319
0.00916431
0.00886328
0.00869322
0.00872738
0.00884961
0.00883877
0.00868873
0.0086743
0.00894329
0.00929152
0.00940734
0.00931901
0.00941837
0.00983018
0.0101405
0.0101103
0.0101324
0.0105004
0.0108312
0.0108578
0.0109624
0.0113116
0.0115854
0.0117412
0.0119682
0.0122563
0.0125311
0.0127755
0.0130307
0.013355
0.0136663
0.0138995
0.0141911
0.0145868
0.0149081
0.0151425
0.0154812
0.0159095
0.0162399
0.0165145
0.0169059
0.0173402
0.0176778
0.0180276
0.0184645
0.0188781
0.0192608
0.0196853
0.020129
0.0205615
0.0210054
0.0214645
0.0219342
0.0224075
0.0228928
0.0233896
0.0238966
0.0244072
0.0249375
0.0254767
0.0260261
0.0265857
0.0271603
0.0277433
0.028338
0.0289465
0.0295664
0.0302014
0.0308478
0.0315117
0.0321829
0.0328708
0.0335678
0.0342847
0.0350108
0.0357569
0.0365115
0.0372848
0.0380668
0.0388698
0.0396815
0.0405177
0.0413589
0.0422243
0.0430975
0.0439846
0.044891
0.0457661
0.0465785
0.0471904
0.0053856
0.00609876
0.00703554
0.00792634
0.00859552
0.00900463
0.00922514
0.00935175
0.00941382
0.00937933
0.00920156
0.0089366
0.00875064
0.00873257
0.00882689
0.00886599
0.00877753
0.00874268
0.00893029
0.00925296
0.00944941
0.00942925
0.00946445
0.00977996
0.0101386
0.0102175
0.0102
0.0104618
0.0108401
0.0109505
0.0109911
0.0112953
0.0116242
0.011777
0.0119738
0.012281
0.0125556
0.012787
0.0130505
0.0133716
0.013679
0.0139199
0.0142023
0.0145916
0.0149284
0.0151619
0.0154829
0.0159155
0.0162593
0.0165254
0.0169074
0.0173504
0.0176916
0.0180336
0.0184698
0.0188873
0.0192683
0.0196909
0.0201354
0.020568
0.0210114
0.0214702
0.02194
0.0224133
0.022898
0.0233945
0.0239016
0.0244119
0.0249424
0.0254818
0.026031
0.0265903
0.0271649
0.0277478
0.0283423
0.0289506
0.0295705
0.0302056
0.0308518
0.0315156
0.0321864
0.0328742
0.0335709
0.0342879
0.0350139
0.03576
0.0365145
0.0372877
0.0380701
0.0388731
0.0396854
0.0405217
0.0413638
0.0422299
0.0431043
0.043993
0.0449007
0.0457776
0.0465914
0.0472041
0.00536832
0.0060777
0.00699437
0.00787624
0.00856725
0.00900958
0.00924543
0.00936102
0.00940027
0.00936104
0.00921779
0.00899123
0.00880342
0.00874909
0.00880952
0.00887233
0.008841
0.0088125
0.00894281
0.00921972
0.00945977
0.00951685
0.00953589
0.00975957
0.0101098
0.010287
0.010291
0.0104545
0.0108168
0.0110233
0.0110545
0.0112777
0.0116397
0.0118297
0.0119829
0.0122892
0.0125893
0.0128041
0.0130604
0.0133912
0.0136968
0.0139372
0.0142145
0.0145973
0.0149462
0.0151834
0.0154856
0.0159184
0.0162795
0.016539
0.0169078
0.0173597
0.017707
0.0180401
0.0184744
0.0188965
0.0192762
0.0196967
0.020142
0.0205749
0.0210177
0.021476
0.0219459
0.0224192
0.0229034
0.0233996
0.0239066
0.0244166
0.0249474
0.025487
0.026036
0.026595
0.0271694
0.0277523
0.0283466
0.028955
0.0295747
0.0302098
0.0308558
0.0315196
0.0321899
0.0328776
0.0335742
0.0342913
0.0350172
0.0357631
0.0365178
0.0372907
0.0380735
0.0388764
0.0396894
0.040526
0.0413688
0.0422358
0.0431111
0.0440015
0.0449106
0.0457892
0.0466043
0.047218
0.00534771
0.00606016
0.00696575
0.0078368
0.00853713
0.00900589
0.00925798
0.00936902
0.0093914
0.0093426
0.00921836
0.00902599
0.00884669
0.00876961
0.00879978
0.00886641
0.0088806
0.00887342
0.00897072
0.00920064
0.00945124
0.00957594
0.00961408
0.0097717
0.0100781
0.0103171
0.0103799
0.0104834
0.0107864
0.0110587
0.0111335
0.0112814
0.0116293
0.0118819
0.0120119
0.0122829
0.0126178
0.0128364
0.0130641
0.0134028
0.0137225
0.0139556
0.0142233
0.0146044
0.0149641
0.0152059
0.0154907
0.0159192
0.0162988
0.0165554
0.0169075
0.0173669
0.0177238
0.0180478
0.0184784
0.0189058
0.0192846
0.0197022
0.0201485
0.0205821
0.0210243
0.0214819
0.0219519
0.0224253
0.0229089
0.0234048
0.0239119
0.0244217
0.0249524
0.0254923
0.0260411
0.0265998
0.0271742
0.027757
0.0283509
0.0289592
0.0295789
0.0302142
0.0308599
0.0315236
0.0321935
0.0328811
0.0335776
0.0342947
0.0350206
0.0357664
0.0365211
0.0372938
0.038077
0.03888
0.0396935
0.0405305
0.0413739
0.042242
0.0431182
0.0440101
0.0449206
0.0458008
0.0466173
0.0472319
0.00532455
0.00604288
0.00694367
0.00780668
0.00850799
0.0089945
0.0092626
0.00937296
0.00938405
0.00932435
0.00920776
0.009041
0.00887633
0.00878755
0.00879495
0.00885534
0.00890024
0.00892158
0.00900494
0.0091973
0.00943686
0.00960816
0.00968417
0.00980644
0.0100599
0.0103203
0.0104483
0.0105373
0.0107708
0.0110628
0.0112035
0.0113141
0.0116092
0.0119134
0.0120618
0.0122788
0.0126277
0.012881
0.0130762
0.0134002
0.0137494
0.0139836
0.0142275
0.0146075
0.014984
0.0152292
0.0154966
0.0159193
0.0163175
0.0165747
0.0169079
0.0173719
0.017741
0.0180565
0.0184815
0.018915
0.0192937
0.0197078
0.0201549
0.0205895
0.0210311
0.0214878
0.0219579
0.0224315
0.0229142
0.0234097
0.0239173
0.0244269
0.0249576
0.0254979
0.0260464
0.0266047
0.0271789
0.0277618
0.0283554
0.0289638
0.0295834
0.0302186
0.0308641
0.0315277
0.0321972
0.0328846
0.0335811
0.0342981
0.0350241
0.0357696
0.0365246
0.037297
0.0380806
0.0388837
0.0396978
0.0405353
0.0413791
0.0422483
0.0431255
0.0440189
0.0449308
0.0458125
0.0466303
0.0472457
0.00530204
0.0060257
0.0069244
0.00778194
0.00848103
0.00897611
0.00925841
0.00937042
0.00937422
0.00930485
0.00918886
0.00903902
0.00888967
0.00879797
0.00878966
0.00884195
0.00890427
0.00895427
0.00903824
0.00920529
0.00942671
0.00962136
0.00973838
0.00985174
0.0100602
0.0103127
0.0104892
0.0105976
0.0107784
0.0110533
0.0112506
0.0113658
0.0116003
0.0119189
0.0121153
0.0122922
0.0126183
0.0129201
0.0131072
0.0133897
0.013765
0.0140246
0.0142363
0.0146011
0.0150041
0.0152578
0.015502
0.0159166
0.0163355
0.0165961
0.016909
0.0173751
0.0177588
0.0180671
0.0184841
0.0189236
0.0193033
0.0197132
0.020161
0.0205974
0.0210385
0.0214938
0.0219639
0.0224378
0.0229196
0.0234147
0.0239228
0.0244321
0.0249626
0.0255033
0.0260516
0.0266096
0.0271837
0.0277666
0.0283599
0.0289684
0.0295879
0.0302232
0.0308685
0.0315319
0.0322011
0.0328883
0.0335849
0.0343017
0.0350279
0.035773
0.0365281
0.0373003
0.0380842
0.0388876
0.039702
0.0405402
0.0413844
0.0422547
0.0431329
0.0440278
0.0449411
0.0458242
0.0466432
0.0472594
0.00528423
0.00601062
0.00690739
0.00775949
0.00845523
0.00895175
0.00924317
0.00935832
0.00935683
0.00928088
0.00916231
0.00902324
0.00888705
0.00879815
0.00878058
0.00882576
0.00889737
0.00897043
0.00906483
0.00921732
0.00942277
0.00962463
0.00977433
0.00989735
0.0100753
0.0103077
0.010509
0.0106492
0.0108045
0.0110444
0.0112735
0.0114186
0.0116123
0.0119119
0.0121561
0.0123275
0.0126072
0.0129394
0.0131526
0.0133869
0.01376
0.0140674
0.0142601
0.0145858
0.0150153
0.015295
0.0155117
0.0159086
0.0163524
0.0166217
0.0169106
0.0173751
0.0177764
0.0180793
0.0184862
0.0189319
0.0193139
0.019719
0.0201666
0.0206052
0.021046
0.0214996
0.0219697
0.0224442
0.022925
0.0234197
0.0239286
0.0244379
0.0249679
0.0255089
0.0260569
0.0266145
0.0271886
0.0277715
0.0283645
0.028973
0.0295924
0.0302276
0.0308728
0.031536
0.032205
0.032892
0.0335887
0.0343053
0.0350317
0.0357766
0.0365318
0.0373039
0.038088
0.0388918
0.0397065
0.0405453
0.0413899
0.0422612
0.0431406
0.0440367
0.0449514
0.0458358
0.0466559
0.0472727
0.00527325
0.00599966
0.00689313
0.00773851
0.00842866
0.00892238
0.00921597
0.00933379
0.00932783
0.00924753
0.00912615
0.00899365
0.00886896
0.00878541
0.00876507
0.00880525
0.00888307
0.00897338
0.00908231
0.00922934
0.00942231
0.00962456
0.00979433
0.00993497
0.0100971
0.0103084
0.0105175
0.0106851
0.0108388
0.0110457
0.0112811
0.0114605
0.0116393
0.0119069
0.0121778
0.0123714
0.0126105
0.0129398
0.0131969
0.0134059
0.0137437
0.0140966
0.0143027
0.0145734
0.0150081
0.0153355
0.0155325
0.0158938
0.0163631
0.0166531
0.0169149
0.0173712
0.0177938
0.0180939
0.0184875
0.0189388
0.0193252
0.0197253
0.020172
0.0206132
0.021054
0.0215056
0.0219752
0.0224505
0.0229303
0.0234245
0.0239342
0.0244434
0.0249729
0.0255144
0.0260624
0.0266195
0.0271934
0.0277764
0.0283691
0.0289778
0.0295972
0.0302323
0.0308774
0.0315402
0.0322091
0.0328958
0.0335926
0.034309
0.0350355
0.0357801
0.0365354
0.0373076
0.0380919
0.0388961
0.0397111
0.0405507
0.0413957
0.042268
0.0431486
0.0440459
0.044962
0.0458476
0.0466689
0.047287
0.00527173
0.00599476
0.00688151
0.00771781
0.00839899
0.00888665
0.00917679
0.00929426
0.00928416
0.00919949
0.00907672
0.00894806
0.00883418
0.00875748
0.0087395
0.00877901
0.00886243
0.00896734
0.00909061
0.00923993
0.0094238
0.00962414
0.00980486
0.00996141
0.0101196
0.0103126
0.0105208
0.0107047
0.0108687
0.0110568
0.0112827
0.0114889
0.0116719
0.0119116
0.0121869
0.012409
0.0126304
0.0129337
0.0132249
0.0134426
0.0137334
0.014104
0.0143538
0.0145794
0.0149852
0.0153687
0.015571
0.0158791
0.0163619
0.0166891
0.0169254
0.0173621
0.017809
0.018112
0.018489
0.0189441
0.0193371
0.0197321
0.0201766
0.0206206
0.0210621
0.0215114
0.0219804
0.0224568
0.0229358
0.0234294
0.02394
0.0244492
0.0249778
0.0255195
0.0260674
0.0266242
0.0271981
0.0277811
0.0283735
0.028982
0.0296014
0.0302365
0.0308816
0.0315441
0.0322129
0.0328993
0.0335962
0.0343125
0.0350391
0.0357836
0.0365388
0.0373111
0.0380954
0.0389002
0.0397154
0.0405557
0.0414011
0.0422743
0.0431561
0.0440546
0.044972
0.0458588
0.046681
0.0472991
0.00528444
0.00599865
0.00687322
0.00769545
0.00836312
0.00884005
0.00912236
0.00923474
0.00921986
0.00913
0.00900737
0.00888291
0.00877997
0.00871354
0.00870158
0.00874609
0.00883612
0.00895515
0.00909123
0.00924673
0.00942586
0.00962244
0.00981034
0.00997812
0.0101394
0.0103197
0.0105225
0.0107144
0.0108883
0.0110724
0.0112847
0.0115042
0.0117012
0.0119243
0.0121924
0.0124352
0.0126587
0.0129343
0.0132353
0.0134816
0.0137392
0.0140937
0.014395
0.014607
0.0149576
0.0153828
0.0156226
0.0158743
0.0163468
0.0167251
0.016947
0.0173502
0.01782
0.0181342
0.0184918
0.0189478
0.0193503
0.0197414
0.0201822
0.0206287
0.0210711
0.021518
0.021986
0.0224636
0.0229419
0.0234348
0.0239465
0.0244558
0.0249835
0.0255256
0.0260736
0.0266299
0.0272037
0.0277868
0.028379
0.0289875
0.029607
0.0302419
0.0308869
0.0315489
0.0322176
0.0329037
0.0336007
0.0343169
0.0350435
0.0357879
0.0365431
0.0373156
0.0380999
0.0389052
0.0397208
0.0405617
0.0414077
0.0422816
0.0431647
0.0440643
0.0449829
0.0458708
0.0466941
0.0473138
0.0053206
0.00601828
0.00687332
0.00767396
0.00832035
0.00877812
0.00904572
0.00914686
0.00912419
0.00902883
0.00890727
0.00879114
0.00870188
0.00865127
0.00865061
0.00870584
0.00880597
0.00893836
0.00908645
0.00924758
0.00942557
0.00961705
0.00980943
0.00998532
0.0101518
0.0103264
0.0105207
0.0107167
0.0108982
0.0110863
0.0112908
0.0115121
0.0117249
0.0119414
0.0121981
0.0124518
0.0126842
0.0129432
0.0132366
0.0135102
0.0137605
0.0140797
0.0144146
0.0146482
0.0149387
0.0153717
0.015674
0.0158848
0.0163166
0.0167498
0.0169778
0.0173352
0.0178212
0.0181572
0.0184949
0.0189467
0.0193608
0.0197494
0.0201851
0.0206338
0.0210783
0.0215233
0.02199
0.0224689
0.0229467
0.0234387
0.0239513
0.0244606
0.0249872
0.0255296
0.026078
0.0266338
0.0272076
0.0277907
0.0283827
0.0289909
0.0296106
0.0302455
0.0308905
0.0315522
0.0322207
0.0329068
0.0336037
0.0343199
0.0350465
0.035791
0.0365459
0.0373186
0.038103
0.0389088
0.0397248
0.0405662
0.0414129
0.0422875
0.0431719
0.0440727
0.0449923
0.0458813
0.0467053
0.0473247
0.00537354
0.00604876
0.00688059
0.00765628
0.00827648
0.0087089
0.00895381
0.00903701
0.00900201
0.00890145
0.00878208
0.00867805
0.00860683
0.00857862
0.00859823
0.00867032
0.00878581
0.0089299
0.00908862
0.00925377
0.00943122
0.00961774
0.00980957
0.00999115
0.010161
0.0103353
0.0105205
0.0107169
0.0109063
0.0110994
0.0113047
0.0115221
0.0117464
0.0119657
0.0122105
0.012469
0.0127089
0.0129621
0.0132436
0.0135283
0.0137924
0.0140801
0.0144174
0.0146958
0.0149479
0.0153484
0.0157182
0.0159229
0.0162883
0.0167631
0.0170241
0.01733
0.0178167
0.0181847
0.0185059
0.0189467
0.019374
0.0197631
0.0201917
0.020641
0.0210877
0.0215309
0.021996
0.0224762
0.0229538
0.0234448
0.0239585
0.0244682
0.0249938
0.0255363
0.0260848
0.02664
0.0272137
0.0277969
0.0283888
0.0289968
0.0296165
0.0302513
0.0308962
0.0315575
0.0322259
0.0329118
0.0336087
0.0343249
0.0350514
0.0357959
0.0365507
0.0373236
0.0381081
0.0389143
0.0397307
0.0405725
0.0414198
0.042295
0.0431805
0.0440825
0.045003
0.0458931
0.0467181
0.0473391
0.00543986
0.00606109
0.00683302
0.00754775
0.00811163
0.00850857
0.00872214
0.00878291
0.00874243
0.00865328
0.00855512
0.00847913
0.00844189
0.0084514
0.00850968
0.00861149
0.00874912
0.00890439
0.00907008
0.00923926
0.00941586
0.00960068
0.00978961
0.00997584
0.0101502
0.010328
0.0105099
0.0107039
0.010903
0.0111008
0.0113105
0.0115258
0.011753
0.0119811
0.0122167
0.0124758
0.0127235
0.0129747
0.0132505
0.013533
0.0138127
0.0140894
0.0144039
0.0147215
0.0149737
0.0153167
0.0157296
0.0159702
0.0162645
0.0167495
0.0170674
0.0173325
0.0177988
0.0182043
0.018519
0.018941
0.0193802
0.0197741
0.0201945
0.0206435
0.0210939
0.0215361
0.0219995
0.0224807
0.0229582
0.0234478
0.0239622
0.0244724
0.024997
0.0255397
0.026089
0.0266437
0.0272172
0.0278005
0.0283925
0.0290003
0.02962
0.0302551
0.0308998
0.0315608
0.0322289
0.0329148
0.0336116
0.0343278
0.0350543
0.0357988
0.0365535
0.0373265
0.0381113
0.0389179
0.0397348
0.0405771
0.0414251
0.042301
0.0431876
0.0440907
0.0450122
0.0459032
0.0467288
0.0473494
0.00572029
0.00630289
0.00701505
0.00765198
0.0081266
0.00841179
0.0085302
0.00852624
0.00846192
0.00838679
0.00832605
0.00829492
0.00830445
0.00835691
0.00845215
0.00857981
0.0087317
0.00889187
0.0090566
0.00922629
0.00940005
0.00958299
0.00976894
0.00995697
0.0101385
0.0103213
0.0105072
0.0107
0.0109054
0.0111092
0.0113213
0.0115396
0.0117652
0.0120001
0.0122329
0.0124859
0.0127419
0.0129911
0.0132641
0.0135445
0.0138279
0.0141132
0.0144047
0.0147334
0.0150172
0.0153097
0.0157204
0.0160227
0.0162704
0.016725
0.0171048
0.0173556
0.017781
0.0182172
0.0185413
0.0189399
0.0193854
0.0197898
0.020202
0.0206474
0.0211018
0.0215437
0.0220049
0.0224873
0.0229652
0.0234534
0.0239687
0.0244798
0.0250032
0.0255454
0.0260953
0.0266493
0.0272222
0.0278058
0.0283979
0.0290054
0.029625
0.0302601
0.0309047
0.0315653
0.0322335
0.0329195
0.033616
0.0343323
0.0350587
0.0358032
0.0365579
0.037331
0.038116
0.0389228
0.0397401
0.0405827
0.0414313
0.042308
0.0431954
0.0440996
0.045022
0.0459139
0.0467403
0.0473619
0.0057191
0.00611646
0.00663175
0.00710376
0.00747471
0.00774099
0.00791551
0.00800013
0.00802522
0.00803657
0.0080692
0.00812769
0.00820881
0.00830952
0.00843063
0.00856751
0.00871638
0.00887188
0.00903111
0.00919715
0.00936807
0.00954806
0.00973336
0.00992276
0.0101135
0.0103034
0.0104973
0.0106948
0.0109006
0.0111099
0.0113222
0.0115448
0.0117713
0.0120074
0.012245
0.012491
0.0127533
0.0130054
0.0132721
0.0135559
0.0138332
0.0141269
0.0144133
0.0147277
0.0150467
0.0153213
0.0156955
0.0160538
0.0162967
0.0166975
0.0171212
0.0173898
0.0177692
0.0182181
0.0185654
0.0189431
0.0193848
0.0198027
0.0202104
0.0206491
0.0211075
0.021551
0.0220091
0.0224918
0.0229708
0.0234569
0.0239722
0.0244849
0.0250075
0.0255493
0.0261006
0.0266547
0.0272269
0.0278106
0.0284031
0.0290104
0.02963
0.0302653
0.0309095
0.0315697
0.0322377
0.0329236
0.0336199
0.0343362
0.0350627
0.035807
0.0365616
0.0373348
0.0381202
0.0389273
0.0397452
0.0405882
0.0414374
0.0423147
0.043203
0.0441081
0.0450313
0.045924
0.0467513
0.0473741
0.00744562
0.00722898
0.00692901
0.00670221
0.00660009
0.00662314
0.00674828
0.00696067
0.00723082
0.00751419
0.00777002
0.007984
0.0081602
0.00830865
0.00844031
0.00856732
0.00869986
0.00884285
0.00899468
0.00915427
0.00932241
0.00949908
0.00968508
0.00987821
0.0100778
0.0102778
0.0104802
0.0106868
0.0108924
0.0111058
0.0113215
0.0115469
0.011778
0.012011
0.0122536
0.0124957
0.0127576
0.0130169
0.0132762
0.0135646
0.0138392
0.0141334
0.0144282
0.0147237
0.015061
0.0153438
0.0156726
0.0160612
0.0163309
0.0166776
0.0171164
0.0174216
0.0177632
0.0182064
0.0185822
0.0189487
0.0193802
0.0198104
0.0202188
0.0206495
0.0211094
0.0215567
0.0220122
0.0224943
0.0229761
0.0234606
0.0239753
0.0244903
0.0250119
0.0255521
0.0261043
0.0266584
0.0272294
0.0278131
0.0284061
0.0290133
0.0296327
0.0302682
0.0309121
0.0315721
0.0322404
0.0329265
0.0336227
0.034339
0.0350655
0.0358099
0.0365645
0.0373379
0.0381234
0.0389308
0.0397489
0.0405924
0.041442
0.0423201
0.0432091
0.0441152
0.0450393
0.0459328
0.0467603
0.0473822
0.00701828
0.00666205
0.00622324
0.00589637
0.00575258
0.00581015
0.00604982
0.00641553
0.00681929
0.00719683
0.00752657
0.00781042
0.00804988
0.00824645
0.0084081
0.0085488
0.00868637
0.00882912
0.00898149
0.0091384
0.00930354
0.00947647
0.00966
0.0098551
0.0100561
0.0102621
0.0104676
0.0106795
0.0108865
0.0111013
0.0113237
0.0115502
0.0117885
0.0120202
0.0122655
0.0125113
0.0127676
0.0130355
0.01329
0.0135772
0.0138547
0.0141399
0.0144462
0.0147325
0.0150668
0.0153729
0.0156713
0.0160585
0.0163696
0.0166831
0.0171079
0.0174542
0.017779
0.0182009
0.0185998
0.0189665
0.0193826
0.0198185
0.0202328
0.0206561
0.0211137
0.0215664
0.0220196
0.0224988
0.0229836
0.0234664
0.0239789
0.0244966
0.0250184
0.025557
0.0261108
0.026666
0.0272358
0.0278194
0.028413
0.0290201
0.0296395
0.0302753
0.0309186
0.031578
0.0322461
0.0329321
0.033628
0.0343441
0.0350706
0.0358148
0.0365693
0.0373427
0.0381286
0.0389362
0.0397548
0.0405985
0.0414487
0.0423274
0.043217
0.0441239
0.0450486
0.0459427
0.0467712
0.0473953
0.00780816
0.0074504
0.00696561
0.0065428
0.0062575
0.00613151
0.00615677
0.00630649
0.00653648
0.00681349
0.00710967
0.00740397
0.00768552
0.00794464
0.00818141
0.00839267
0.00858735
0.00876794
0.00894424
0.00911557
0.0092837
0.00945586
0.00963372
0.00982653
0.0100226
0.0102283
0.0104338
0.0106452
0.0108601
0.0110787
0.0113113
0.01154
0.0117828
0.0120184
0.0122608
0.0125145
0.0127636
0.0130362
0.0132941
0.013574
0.0138603
0.0141356
0.0144482
0.0147381
0.0150555
0.0153844
0.0156733
0.0160386
0.0163858
0.0166906
0.0170864
0.0174617
0.0177901
0.0181867
0.0185968
0.0189762
0.0193797
0.0198136
0.0202392
0.0206581
0.0211095
0.0215692
0.022022
0.0224972
0.0229867
0.0234693
0.0239787
0.0244997
0.0250217
0.0255574
0.026112
0.0266681
0.0272367
0.02782
0.0284141
0.0290211
0.0296406
0.0302766
0.0309196
0.0315787
0.0322473
0.0329335
0.0336295
0.0343456
0.0350721
0.0358164
0.036571
0.0373446
0.0381306
0.0389385
0.0397572
0.0406014
0.0414519
0.0423312
0.0432214
0.044129
0.0450546
0.0459493
0.0467779
0.0474004
0.00559422
0.00582311
0.00614396
0.0064196
0.00660932
0.00671081
0.0067504
0.00676948
0.00680944
0.00689494
0.00703937
0.00723796
0.00748273
0.00775127
0.0080264
0.00828602
0.00852231
0.00873761
0.00893394
0.00911984
0.00929243
0.00946647
0.00964178
0.00982834
0.0100188
0.0102153
0.0104184
0.0106248
0.0108484
0.0110736
0.0113105
0.0115451
0.0117853
0.0120297
0.0122687
0.0125282
0.012777
0.0130442
0.0133141
0.013582
0.0138734
0.014147
0.014452
0.014757
0.0150555
0.0153945
0.0156952
0.0160306
0.0163993
0.0167142
0.0170812
0.0174703
0.0178129
0.0181927
0.0185995
0.0189928
0.019392
0.0198137
0.0202493
0.0206702
0.0211102
0.0215759
0.0220309
0.0224988
0.0229924
0.023476
0.0239805
0.0245047
0.0250286
0.0255618
0.0261177
0.0266757
0.0272433
0.0278263
0.0284209
0.0290277
0.0296475
0.0302839
0.0309262
0.0315845
0.0322531
0.0329392
0.0336349
0.0343508
0.0350773
0.0358214
0.0365758
0.0373495
0.0381357
0.0389438
0.039763
0.0406074
0.0414583
0.0423381
0.0432288
0.044137
0.045063
0.0459584
0.0467881
0.0474135
0.00764142
0.00720398
0.00661855
0.00608331
0.00569901
0.00549773
0.00548058
0.0056205
0.00588428
0.00622145
0.00659234
0.00696452
0.0073226
0.00765804
0.00796382
0.00823869
0.00847926
0.00869573
0.00888974
0.00907539
0.00925175
0.00942908
0.00961053
0.00979608
0.00998936
0.0101824
0.0103863
0.0105951
0.0108247
0.0110608
0.011297
0.0115386
0.0117756
0.0120241
0.012266
0.0125229
0.0127794
0.0130377
0.0133177
0.0135838
0.0138698
0.0141535
0.0144454
0.0147621
0.0150558
0.015386
0.0157084
0.0160238
0.0163936
0.0167282
0.0170751
0.0174645
0.0178199
0.0181935
0.0185936
0.0189929
0.0193983
0.0198097
0.0202472
0.0206775
0.021108
0.0215745
0.0220363
0.0224979
0.0229931
0.0234807
0.0239805
0.0245056
0.0250322
0.0255624
0.0261178
0.0266776
0.0272444
0.0278267
0.0284218
0.0290285
0.0296482
0.030285
0.0309271
0.031585
0.0322539
0.0329403
0.0336359
0.0343519
0.0350784
0.0358225
0.036577
0.0373508
0.038137
0.0389452
0.0397645
0.0406091
0.0414602
0.0423403
0.0432314
0.0441401
0.0450667
0.0459627
0.0467921
0.0474157
0.00672152
0.0062284
0.00562412
0.00512457
0.0048141
0.00471064
0.00481406
0.00509252
0.0054928
0.00595222
0.00642149
0.00686888
0.00727797
0.00764444
0.00796193
0.00823617
0.00847073
0.00867932
0.00886873
0.00905045
0.00922819
0.00940659
0.00959114
0.0097775
0.00997124
0.010165
0.0103674
0.0105798
0.0108104
0.0110518
0.0112881
0.0115311
0.0117702
0.0120174
0.0122644
0.0125188
0.012779
0.0130367
0.0133156
0.0135868
0.0138659
0.0141547
0.0144443
0.014759
0.0150593
0.0153802
0.01571
0.0160264
0.0163867
0.0167331
0.017078
0.017462
0.0178251
0.018199
0.0185964
0.0189951
0.0194038
0.0198133
0.0202465
0.0206814
0.0211105
0.0215732
0.022039
0.0224992
0.0229926
0.0234834
0.0239823
0.0245068
0.0250361
0.0255665
0.0261216
0.0266828
0.02725
0.0278319
0.0284274
0.0290342
0.0296537
0.0302908
0.0309328
0.0315902
0.0322588
0.0329451
0.0336406
0.0343564
0.0350828
0.0358268
0.0365813
0.037355
0.0381416
0.0389499
0.0397695
0.0406144
0.0414658
0.0423463
0.0432376
0.0441467
0.0450736
0.0459704
0.0468016
0.0474293
)
;

boundaryField
{
    ZeroGradientPlanes
    {
        type            zeroGradient;
    }
    inlet
    {
        type            zeroGradient;
    }
    plate
    {
        type            zeroGradient;
    }
    frontAndBack
    {
        type            empty;
    }
}


// ************************************************************************* //
