/*--------------------------------*- C++ -*----------------------------------*\
| =========                 |                                                 |
| \\      /  F ield         | OpenFOAM: The Open Source CFD Toolbox           |
|  \\    /   O peration     | Version:  2506                                  |
|   \\  /    A nd           | Website:  www.openfoam.com                      |
|    \\/     M anipulation  |                                                 |
\*---------------------------------------------------------------------------*/
FoamFile
{
    version     2.0;
    format      ascii;
    arch        "LSB;label=32;scalar=64";
    class       volScalarField;
    location    "9.2";
    object      p;
}
// * * * * * * * * * * * * * * * * * * * * * * * * * * * * * * * * * * * * * //

dimensions      [0 2 -2 0 0 0 0];

internalField   nonuniform List<scalar> 
9600
(
-1.40193e-10
0.00072119
-0.00814119
-0.0026097
0.00484295
0.000680331
0.00214805
0.00697469
0.00440362
0.00382638
0.00545375
0.00505117
0.00659035
0.00634288
0.0062095
0.00812291
0.00752675
0.00783793
0.00813154
0.00975163
-3.08227e-06
0.000712159
-0.0081066
-0.00263551
0.00481796
0.000856479
0.00216128
0.00696204
0.00441076
0.00382647
0.00545386
0.00505815
0.00658242
0.00634711
0.0062194
0.00807722
0.00755144
0.00780814
0.00815372
0.00961962
-5.02958e-06
0.000700055
-0.00808698
-0.00267462
0.00480984
0.000932598
0.00214235
0.00693642
0.00442824
0.00382212
0.00545557
0.00507711
0.00658111
0.00635124
0.00622958
0.00801299
0.00758721
0.00775876
0.0081742
0.00942904
-6.8245e-06
0.000681916
-0.00807926
-0.00267634
0.00481665
0.000988732
0.00209341
0.00690999
0.00444848
0.00382082
0.00545639
0.0051158
0.00659007
0.00635194
0.00623751
0.00793281
0.0076201
0.0077068
0.00817481
0.00923342
-9.23522e-06
0.00065764
-0.0080735
-0.00262947
0.00482998
0.00103141
0.00207987
0.00688262
0.00446885
0.00382381
0.00545451
0.0051695
0.00658344
0.00634945
0.00624488
0.00785714
0.00765065
0.00765483
0.00815203
0.00904931
-1.24938e-05
0.000628476
-0.00806196
-0.00254066
0.00484049
0.00106598
0.00207645
0.00685088
0.00448874
0.00382716
0.00544963
0.00523081
0.00657437
0.00634572
0.00625231
0.00778458
0.00768017
0.00760179
0.00811044
0.0088806
-1.66546e-05
0.000596341
-0.00803642
-0.0024218
0.00485142
0.0010975
0.00208446
0.00681534
0.00450741
0.00382821
0.00544327
0.00529541
0.00656504
0.0063403
0.00625976
0.0077151
0.0077076
0.00754958
0.00805524
0.00872247
-2.15749e-05
0.000563828
-0.00798848
-0.00228896
0.00481751
0.00112971
0.00210366
0.00677921
0.00452455
0.003827
0.00543715
0.00536043
0.00655613
0.00633213
0.00626667
0.0076496
0.00773209
0.00750208
0.00798808
0.00856974
-2.69213e-05
0.00053351
-0.00791197
-0.00215701
0.00475808
0.00116337
0.00213257
0.00674557
0.00454052
0.00382426
0.0054319
0.00542366
0.00654745
0.00632137
0.00627194
0.00758857
0.00775333
0.00746072
0.0079087
0.0084212
-3.22752e-05
0.000507222
-0.00780431
-0.00203269
0.00467931
0.00119645
0.00216994
0.00671587
0.0045559
0.00382034
0.0054273
0.00548354
0.00653882
0.00630841
0.00627481
0.00753275
0.00776953
0.00742415
0.00781902
0.00827781
-3.72514e-05
0.000485745
-0.00766673
-0.00191609
0.0045887
0.00122664
0.00221459
0.00668971
0.00457114
0.0038153
0.00542296
0.00553929
0.00653014
0.00629363
0.00627479
0.00748797
0.00777851
0.00739114
0.00772264
0.00813831
-4.1556e-05
0.000469028
-0.00750358
-0.00180535
0.00449194
0.00125282
0.00226469
0.00666554
0.00458664
0.00380916
0.00541883
0.00559083
0.00652126
0.00627768
0.00627122
0.00744151
0.00777931
0.00736067
0.00762173
0.00799917
-4.49734e-05
0.00045646
-0.00732071
-0.00169911
0.0043924
0.00127503
0.00231768
0.00664167
0.00460278
0.00380182
0.00541521
0.00563862
0.00651194
0.00626164
0.00626344
0.00739873
0.00777227
0.00733015
0.00751688
0.00785825
-4.73335e-05
0.000447339
-0.00712375
-0.00159668
0.00429178
0.00129385
0.00237123
0.00661707
0.00461987
0.00379301
0.00541254
0.0056835
0.00650188
0.00624649
0.00625115
0.00735901
0.00775818
0.007296
0.00740889
0.007716
-4.84793e-05
0.000440943
-0.00691702
-0.00149752
0.00419107
0.00130974
0.00242381
0.00659151
0.00463803
0.00378248
0.00541117
0.00572642
0.00649063
0.0062329
0.00623423
0.00732136
0.0077383
0.00725548
0.00729884
0.00757357
-4.82443e-05
0.000436563
-0.00670329
-0.00140107
0.00409106
0.00132267
0.00247475
0.00656521
0.00465733
0.00377
0.00541124
0.00576847
0.00647768
0.00622123
0.00621307
0.0072843
0.00771425
0.0072075
0.00718703
0.00743163
-4.6452e-05
0.000433563
-0.00648413
-0.00130667
0.00399253
0.00133528
0.00252395
0.00653853
0.00467784
0.00375547
0.00541265
0.0058107
0.00646259
0.00621149
0.00618855
0.00724616
0.00768743
0.00715198
0.00707304
0.00729123
-4.29241e-05
0.000431425
-0.00626031
-0.00121368
0.00389622
0.0013474
0.00257153
0.00651177
0.00469965
0.00373902
0.00541508
0.00585386
0.00644507
0.00620333
0.00616201
0.00720561
0.00765845
0.00708953
0.00695629
0.00715425
-3.74837e-05
0.000429768
-0.00603221
-0.00112155
0.00380265
0.0013596
0.00261755
0.00648518
0.00472293
0.00372091
0.00541807
0.00589849
0.00642504
0.00619594
0.00613471
0.00716186
0.00762747
0.00702133
0.00683631
0.00702276
-2.99593e-05
0.000428359
-0.00580002
-0.00102994
0.00371226
0.00137246
0.00266193
0.00645897
0.00474784
0.00370133
0.00542107
0.00594503
0.00640266
0.00618829
0.0061073
0.00711438
0.00759467
0.00694879
0.00671263
0.00689831
-2.01933e-05
0.000427096
-0.00556392
-0.000938619
0.00362529
0.00138648
0.00270452
0.00643327
0.00477461
0.0036804
0.00542355
0.00599377
0.00637829
0.00617951
0.00608015
0.00706291
0.00756014
0.00687334
0.00658444
0.00678172
-8.05158e-06
0.000425879
-0.00532411
-0.000847462
0.00354191
0.00140215
0.00274513
0.00640812
0.00480338
0.00365827
0.00542505
0.00604496
0.00635223
0.00616896
0.0060538
0.00700703
0.0075239
0.00679702
0.00645052
0.0066727
6.58666e-06
0.000422318
-0.0050809
-0.000756433
0.00346223
0.00141994
0.00278354
0.00638348
0.00483441
0.00363493
0.00542507
0.00609906
0.00632467
0.00615586
0.0060287
0.00694603
0.00748596
0.00672298
0.0063092
0.00656838
2.38318e-05
0.000422162
-0.00483468
-0.000665549
0.00338628
0.00144031
0.00281956
0.00635919
0.00486811
0.00361022
0.00542291
0.0061568
0.00629589
0.00613933
0.00600552
0.0068793
0.00744564
0.00665524
0.00615954
0.00646222
4.37373e-05
0.000423358
-0.00458593
-0.000574787
0.0033141
0.00146367
0.00285298
0.00633489
0.00490494
0.00358412
0.0054176
0.00621863
0.00626645
0.00611843
0.00598534
0.00680686
0.00740089
0.00659753
0.0060034
0.00634499
6.63005e-05
0.000426338
-0.00433511
-0.000484128
0.00324569
0.00149039
0.00288358
0.00631008
0.00494541
0.00355699
0.00540785
0.00628489
0.00623731
0.00609175
0.00596911
0.00672961
0.00734846
0.00655239
0.00584697
0.00620692
9.14759e-05
0.000431702
-0.00408268
-0.000393606
0.00318107
0.00152083
0.00290937
0.00628409
0.00499009
0.00352958
0.00539207
0.00635604
0.00620996
0.00605719
0.00595727
0.00664969
0.00728482
0.00652009
0.00570057
0.0060415
0.00011919
0.000440129
-0.00382914
-0.000303235
0.0031203
0.00155529
0.00293182
0.00625606
0.00503919
0.00350299
0.0053686
0.00643223
0.00618653
0.00601254
0.00594953
0.00657051
0.00720694
0.00649712
0.00557523
0.00585087
0.000149383
0.000452304
-0.00357502
-0.000212892
0.00306343
0.00159386
0.00295564
0.00622517
0.00509249
0.00347859
0.0053358
0.00651275
0.00616961
0.00595631
0.00594485
0.00649644
0.00711314
0.00647586
0.00548005
0.00564856
0.000181907
0.000469029
-0.00332071
-0.000122524
0.00301062
0.00163655
0.00297979
0.0061909
0.0051495
0.00345788
0.0052922
0.006596
0.00616219
0.00588773
0.00594082
0.0064323
0.00700472
0.0064467
0.00541789
0.00545558
0.000216511
0.000491079
-0.00306653
-3.22974e-05
0.00296213
0.00168314
0.00300522
0.00615322
0.00520937
0.00344262
0.00523689
0.00667938
0.00616723
0.00580697
0.00593315
0.00638233
0.00688708
0.00640163
0.00538189
0.00529084
0.000253085
0.000519133
-0.00281285
5.78294e-05
0.00291848
0.00173291
0.00303271
0.00611236
0.00527102
0.00343479
0.00516973
0.00675942
0.00618707
0.0057156
0.00591691
0.00634865
0.00676738
0.00633723
0.00535939
0.00516532
0.000291476
0.000553909
-0.00255995
0.000148021
0.00288025
0.00178488
0.00306189
0.00606898
0.00533309
0.00343598
0.00509154
0.0068326
0.00622342
0.00561592
0.00588761
0.00633203
0.00665202
0.00625383
0.00533999
0.00507796
0.000331482
0.000597885
-0.00230776
0.000238065
0.00284796
0.00183861
0.00309284
0.00602421
0.00539415
0.00344673
0.00500379
0.00689581
0.00627714
0.00551043
0.00584044
0.00633306
0.00654798
0.00615198
0.00531747
0.00502189
0.000373012
0.000648593
-0.00205605
0.000327614
0.00282229
0.00189426
0.00312478
0.00597924
0.00545349
0.00346722
0.00490797
0.00694581
0.00634872
0.00540286
0.00576961
0.00635038
0.00646539
0.00603186
0.00528505
0.00499172
0.000416018
0.000705659
-0.00180421
0.000416254
0.00280355
0.00195229
0.00315652
0.00593495
0.00551115
0.00349755
0.00480518
0.00697892
0.00643813
0.00529971
0.00566971
0.00637716
0.00641603
0.00589797
0.0052322
0.00498246
0.000460428
0.000770143
-0.00155111
0.000503461
0.00279124
0.00201343
0.00318718
0.00589179
0.00556733
0.00353771
0.00469683
0.00699138
0.00654372
0.00520952
0.00553793
0.00640028
0.00640926
0.0057649
0.00514732
0.00498237
0.000506354
0.000841525
-0.00129535
0.000588992
0.0027845
0.00207906
0.00321554
0.00584938
0.00562268
0.00358775
0.00458483
0.00698001
0.00666209
0.00514135
0.0053759
0.00640437
0.00644688
0.00565469
0.00502585
0.00497144
0.000554159
0.000918711
-0.00103543
0.000672903
0.00278165
0.002151
0.00324067
0.00580676
0.00567823
0.003648
0.00447087
0.00694196
0.00678869
0.00510399
0.00518964
0.00637481
0.00652029
0.00558777
0.00487874
0.00492913
0.00060428
0.00100061
-0.000769778
0.000756027
0.00277995
0.00223133
0.00326341
0.00576222
0.00573456
0.00371985
0.00435667
0.00687407
0.00691732
0.00510524
0.00498917
0.00629976
0.00661283
0.00557823
0.00472911
0.00484339
0.000657365
0.00108592
-0.000497609
0.00083885
0.00277657
0.00232184
0.0032861
0.00571292
0.00579063
0.00380516
0.00424526
0.00677394
0.00703931
0.00515058
0.00478883
0.00617201
0.00670418
0.00563176
0.00460219
0.00471547
0.000714426
0.00117306
-0.000219664
0.000921509
0.00276919
0.0024224
0.00331132
0.00565684
0.00584391
0.00390533
0.00414142
0.00664112
0.00714428
0.0052411
0.00460592
0.00599091
0.0067717
0.00574569
0.00452197
0.00455727
0.000776598
0.00126075
6.25186e-05
0.00095297
0.00275569
0.00253068
0.00334383
0.00559386
0.00589137
0.00402054
0.00405083
0.00647799
0.00722119
0.00537153
0.00445883
0.00576489
0.00679234
0.00590627
0.00451121
0.00438979
0.000845154
0.00134761
0.00034742
0.00105786
0.00273561
0.00264351
0.00338798
0.00552475
0.00592891
0.0041494
0.00398024
0.00629058
0.00725969
0.00552987
0.00436308
0.00551225
0.00674924
0.0060878
0.00458524
0.00424436
0.000921337
0.00143242
0.000631998
0.00117916
0.00270984
0.00275519
0.00344751
0.00545257
0.00595145
0.0042873
0.00393591
0.00608806
0.0072532
0.00570161
0.00432666
0.00525518
0.00663926
0.0062596
0.00474089
0.00415567
0.00100617
0.00151482
0.000912404
0.00132032
0.0026807
0.00285846
0.00352499
0.00538227
0.00595417
0.00442775
0.00392185
0.00588081
0.00720102
0.00587259
0.00434854
0.00501389
0.00647245
0.00639605
0.00495525
0.0041496
0.00110071
0.00159491
0.00118414
0.00148429
0.00265223
0.00294585
0.00361815
0.00532093
0.00593613
0.0045628
0.00393918
0.00568081
0.00710731
0.00602937
0.0044221
0.00480496
0.00626384
0.00648345
0.00519971
0.00423104
0.00120579
0.00167331
0.00144281
0.00167161
0.0026305
0.00301156
0.0037221
0.00527781
0.00590204
0.00468291
0.00398383
0.00550048
0.00698089
0.00616099
0.0045375
0.00464227
0.00602912
0.00651517
0.00544927
0.00438544
0.00132178
0.00175168
0.00168478
0.0018799
0.00262301
0.00305371
0.00382934
0.00525971
0.00585884
0.00478084
0.00404783
0.00534792
0.00683525
0.00626282
0.00468179
0.00453375
0.00578551
0.00648727
0.00568421
0.00459341
0.00144879
0.00183222
0.00190687
0.00210455
0.0026384
0.00307394
0.00392783
0.00526775
0.00581776
0.00485705
0.00412079
0.00522282
0.00668357
0.00633749
0.0048423
0.00447881
0.00555093
0.00640193
0.00588677
0.00483867
0.00158659
0.00191754
0.0021069
0.00233899
0.00268546
0.00307669
0.00400382
0.00529663
0.00579245
0.004918
0.00419325
0.00512143
0.00653319
0.00638926
0.00501136
0.00447193
0.0053395
0.00626969
0.00604119
0.00510623
0.00173447
0.00201047
0.00228402
0.00257879
0.00276974
0.00306947
0.00404837
0.00533848
0.00579224
0.00497185
0.00426082
0.00503986
0.00638733
0.00642068
0.00518396
0.00450849
0.00516119
0.0061064
0.00613737
0.00537821
0.00189127
0.00211391
0.00243876
0.00281573
0.00289225
0.00306435
0.00405839
0.00537845
0.00581866
0.00503177
0.00432514
0.00497219
0.00624768
0.00643242
0.00535332
0.00458451
0.00502431
0.00593008
0.00617397
0.00563247
0.00205525
0.00222913
0.00257445
0.00303727
0.00304996
0.00307693
0.00403759
0.00539821
0.00586585
0.0051122
0.00439344
0.00491381
0.00611276
0.00642663
0.00551382
0.00469335
0.00493438
0.00575823
0.00615774
0.0058468
0.00222624
0.00235817
0.00269551
0.00323353
0.00323493
0.00311845
0.0039916
0.00538379
0.00592508
0.00521995
0.00447585
0.00486736
0.00598018
0.0064049
0.00566375
0.00482744
0.00489139
0.00560542
0.00610305
0.00600756
0.00239946
0.00250065
0.00281082
0.00340729
0.00343686
0.00319592
0.00393068
0.00533053
0.00598296
0.00535366
0.0045815
0.00483861
0.0058518
0.00636575
0.00580025
0.00498106
0.00489135
0.00548005
0.00602724
0.00611391
0.00257579
0.00265258
0.00292315
0.00356708
0.00364496
0.00331335
0.003876
0.0052427
0.00602197
0.0055086
0.00471537
0.00483394
0.00573426
0.00630926
0.0059168
0.00514891
0.00493218
0.0053857
0.0059442
0.00617503
0.00275879
0.0028295
0.00303414
0.00365026
0.00382732
0.0034679
0.00385339
0.00513069
0.00602644
0.00567112
0.00487759
0.00485812
0.00563235
0.00624078
0.00600936
0.0053229
0.00501255
0.00532623
0.00586288
0.00620317
0.00293647
0.00300443
0.00315675
0.00374195
0.003992
0.00365447
0.00387452
0.0050124
0.00599194
0.0058217
0.00506576
0.00491639
0.00555032
0.00616619
0.00607901
0.00549312
0.00512646
0.00530631
0.00579023
0.00620651
0.00311272
0.00319008
0.00328821
0.00380593
0.00413371
0.00385599
0.00393824
0.00490641
0.0059241
0.00594307
0.00526946
0.00501204
0.0054949
0.00608845
0.00612702
0.00565391
0.00526541
0.00533036
0.00573765
0.00619332
0.00328667
0.00337185
0.0034308
0.00387454
0.00425232
0.00405367
0.00403911
0.00482924
0.00583349
0.006027
0.00547424
0.00514269
0.00547434
0.00601313
0.00615216
0.00580241
0.00542129
0.00539665
0.00571709
0.00617521
0.00345423
0.00355502
0.00358686
0.00394605
0.00435078
0.00423973
0.00417061
0.00479055
0.00573666
0.00607361
0.00566628
0.00530014
0.00549267
0.00595218
0.00615593
0.00593126
0.00558497
0.00549542
0.00573319
0.00616479
0.00361774
0.00372654
0.00375239
0.00405344
0.00443425
0.004409
0.00432233
0.00479159
0.00564896
0.00608769
0.00583553
0.00547551
0.00554952
0.00591946
0.00615071
0.00603532
0.00574941
0.00561978
0.00578593
0.00617537
0.00378197
0.00390341
0.00391218
0.00412219
0.00450678
0.00455955
0.00448371
0.00482969
0.0055828
0.00607969
0.00597766
0.00566154
0.00564364
0.00591962
0.00614967
0.00611689
0.00590489
0.00576167
0.00586953
0.00621531
0.00394064
0.00406075
0.00407542
0.00423778
0.00457563
0.00469096
0.00464612
0.00490002
0.00554509
0.00606155
0.00609087
0.00584765
0.00577021
0.00595123
0.0061589
0.00618375
0.00604421
0.00591155
0.00597564
0.00628303
0.00409603
0.00422382
0.0042324
0.00433926
0.00464272
0.00480416
0.00480191
0.00499566
0.00553912
0.00604589
0.00617898
0.00602198
0.00592063
0.00601919
0.00618842
0.00624814
0.00617156
0.0060655
0.00610071
0.00637228
0.00424441
0.00436757
0.00438637
0.00446346
0.00471372
0.00490287
0.00494729
0.0051086
0.0055646
0.00604324
0.006251
0.00617825
0.00608237
0.00612382
0.00624778
0.00631852
0.0062909
0.00622018
0.00624246
0.00648073
0.00438968
0.00451137
0.00452559
0.00457735
0.00478833
0.00499008
0.00507952
0.0052306
0.00561646
0.00605761
0.00631686
0.00632253
0.00624926
0.00625769
0.00634255
0.0064052
0.00640692
0.00637209
0.00639646
0.00660778
0.00452677
0.00464485
0.00465325
0.00469544
0.00486824
0.00506838
0.00519727
0.00535554
0.00569047
0.00609149
0.00638208
0.00645892
0.00642106
0.00641392
0.0064732
0.00652183
0.00653235
0.00652537
0.00656179
0.00675556
0.00464921
0.00476358
0.00480978
0.00481961
0.00495196
0.00514158
0.00530048
0.00547605
0.00578053
0.00614801
0.00645315
0.00658885
0.00659954
0.00659246
0.00663613
0.00667714
0.00668578
0.00669282
0.00674139
0.00692427
0.00476699
0.00489091
0.00489784
0.00491786
0.00503395
0.00521133
0.00539185
0.00558774
0.00587658
0.00622419
0.00653865
0.00671789
0.00678436
0.0067945
0.00682871
0.00686993
0.00687816
0.00688885
0.00694464
0.00712003
0.00486589
0.00494353
0.00498717
0.0050127
0.00511521
0.00527753
0.00547172
0.0056903
0.00597331
0.00631047
0.00663808
0.00685221
0.00697477
0.00702509
0.00706081
0.00710446
0.00711852
0.00712965
0.00718807
0.0073588
0.00494731
0.00502447
0.00507109
0.00510099
0.00519363
0.00534143
0.00553725
0.00577332
0.00606668
0.00640182
0.00674826
0.00700548
0.00718436
0.00729318
0.00734781
0.00738882
0.00740662
0.00741502
0.00747119
0.00763733
0.00501623
0.00512154
0.00513752
0.00516707
0.00526418
0.00540776
0.00560142
0.00583081
0.00612711
0.00648213
0.00686903
0.0071989
0.00745871
0.00765692
0.00778888
0.00787381
0.00791847
0.00790052
0.00786537
0.00789257
0.0050673
0.00512702
0.00515114
0.00519717
0.00531103
0.00547022
0.00567429
0.00588047
0.00609535
0.0063714
0.00677198
0.00721793
0.00760871
0.00790368
0.00814307
0.00838751
0.0087111
0.00911235
0.00954297
0.00991594
0.00509801
0.00522921
0.00523299
0.00525537
0.00533819
0.00546554
0.00571061
0.00603655
0.00640494
0.00677351
0.00712996
0.00744866
0.00775891
0.0080631
0.00838349
0.00871588
0.00905666
0.00938183
0.00965374
0.00982467
0.00501142
0.00506114
0.00519904
0.00536817
0.00555931
0.00575017
0.00596728
0.00621251
0.00650049
0.00680843
0.00712442
0.00741774
0.00772336
0.0080382
0.00837524
0.008754
0.00917977
0.00964405
0.010088
0.0104259
0.00510799
0.00529445
0.00536811
0.00547012
0.00564224
0.00582974
0.00604544
0.00628394
0.00657921
0.00691356
0.00728211
0.0076343
0.00797074
0.00828432
0.00853063
0.00868203
0.00872017
0.00864912
0.00851383
0.00838803
0.0049906
0.00509816
0.00528553
0.00552105
0.00575911
0.00596614
0.00616836
0.00637981
0.0066561
0.00695876
0.00728268
0.00761125
0.00793139
0.00827895
0.00866272
0.00907762
0.00953205
0.0099906
0.0103985
0.0106597
0.00499921
0.00518462
0.00538258
0.00562891
0.00588091
0.00608666
0.00627132
0.00645125
0.00670318
0.00699239
0.00730234
0.00764237
0.00799875
0.00836724
0.00875287
0.00912545
0.00947349
0.00976983
0.00998907
0.0100685
0.0116634
0.00881738
0.0032861
-0.00116592
-0.00187581
-0.000183983
0.00170713
0.00303395
0.00392916
0.00470787
0.00548437
0.00620515
0.00682986
0.00736521
0.00785113
0.00833329
0.00889439
0.00961393
0.0103698
0.0109757
0.0114649
0.0119742
0.012547
0.0131553
0.0137446
0.0142852
0.0148035
0.0153462
0.0159254
0.0165512
0.0172366
0.0179425
0.018614
0.0192683
0.0199202
0.0205744
0.0212316
0.0218804
0.0224952
0.0230976
0.0237305
0.0243577
0.0249442
0.025546
0.0262275
0.0269642
0.0276941
0.0284065
0.0291686
0.0299883
0.0308098
0.0316437
0.0325222
0.0333721
0.034099
0.0347798
0.0355609
0.0364988
0.0374963
0.0384768
0.0394354
0.0403881
0.0413052
0.0422471
0.0432535
0.0442554
0.045266
0.0463345
0.0474304
0.0485097
0.0496421
0.0507867
0.0519456
0.0531194
0.0543357
0.0555718
0.0568507
0.0581501
0.0594801
0.0608344
0.0622233
0.0636346
0.0650212
0.0664682
0.0679395
0.0694876
0.071019
0.0725564
0.0741192
0.0757002
0.0773528
0.0790271
0.080712
0.0824503
0.0841751
0.0859728
0.0877444
0.0895272
0.091235
0.0927499
0.0112887
0.00870965
0.00337715
-0.00101796
-0.00178635
-0.000139832
0.00173428
0.0030517
0.00394136
0.00471716
0.00549223
0.00621222
0.00683635
0.00737107
0.00785619
0.00833745
0.00889766
0.00961674
0.0103725
0.0109784
0.0114671
0.0119761
0.0125487
0.0131569
0.013746
0.0142866
0.0148048
0.0153474
0.0159265
0.0165523
0.0172376
0.0179435
0.018615
0.0192693
0.0199211
0.0205753
0.0212325
0.0218813
0.0224961
0.0230984
0.0237313
0.0243585
0.024945
0.0255467
0.0262281
0.0269648
0.0276947
0.0284071
0.0291692
0.0299888
0.0308102
0.0316441
0.0325226
0.0333726
0.0340995
0.0347802
0.0355612
0.0364991
0.0374966
0.0384771
0.0394357
0.0403884
0.0413054
0.0422473
0.0432538
0.0442556
0.0452662
0.0463347
0.0474306
0.0485099
0.0496423
0.0507869
0.0519458
0.0531196
0.0543359
0.055572
0.0568509
0.0581503
0.0594803
0.0608346
0.0622234
0.0636348
0.0650213
0.0664683
0.0679396
0.0694877
0.0710191
0.0725565
0.0741193
0.0757003
0.0773529
0.0790272
0.0807121
0.0824504
0.0841752
0.0859729
0.0877445
0.0895273
0.0912351
0.09275
0.010847
0.00856602
0.00354608
-0.000750041
-0.00163738
-8.54537e-05
0.00176316
0.00307455
0.00395905
0.00473034
0.00550206
0.00621971
0.00684251
0.00737666
0.00786152
0.00834227
0.00890161
0.00962003
0.0103755
0.010981
0.0114693
0.011978
0.0125504
0.0131584
0.0137474
0.0142879
0.0148059
0.0153484
0.0159274
0.0165531
0.0172385
0.0179445
0.018616
0.0192702
0.019922
0.0205761
0.0212333
0.0218821
0.0224969
0.0230991
0.023732
0.0243592
0.0249456
0.0255472
0.0262286
0.0269654
0.0276953
0.0284076
0.0291696
0.0299892
0.0308107
0.0316445
0.032523
0.0333731
0.0340999
0.0347805
0.0355614
0.0364993
0.0374969
0.0384774
0.0394359
0.0403887
0.0413057
0.0422475
0.043254
0.0442558
0.0452663
0.0463348
0.0474308
0.04851
0.0496425
0.050787
0.0519459
0.0531197
0.054336
0.0555721
0.056851
0.0581504
0.0594804
0.0608347
0.0622235
0.0636349
0.0650214
0.0664684
0.0679397
0.0694878
0.0710192
0.0725566
0.0741194
0.0757004
0.0773529
0.0790273
0.0807121
0.0824505
0.0841753
0.085973
0.0877445
0.0895274
0.0912353
0.0927502
0.0104246
0.008436
0.00376955
-0.000408555
-0.00143374
-9.20875e-06
0.00180552
0.00311
0.00398741
0.00475156
0.00551721
0.0062301
0.00684987
0.00738294
0.00786823
0.00834957
0.00890836
0.0096253
0.0103795
0.0109843
0.0114724
0.011981
0.012553
0.0131605
0.0137492
0.0142894
0.0148073
0.0153495
0.0159284
0.0165539
0.0172393
0.0179454
0.0186169
0.0192711
0.0199229
0.020577
0.0212341
0.0218829
0.0224977
0.0230999
0.0237328
0.0243599
0.0249462
0.0255478
0.0262292
0.026966
0.0276959
0.0284081
0.02917
0.0299897
0.0308111
0.0316449
0.0325234
0.0333736
0.0341004
0.0347808
0.0355615
0.0364996
0.0374973
0.0384778
0.0394362
0.040389
0.0413059
0.0422477
0.0432542
0.044256
0.0452665
0.046335
0.0474309
0.0485102
0.0496426
0.0507872
0.0519461
0.0531199
0.0543361
0.0555722
0.0568512
0.0581506
0.0594805
0.0608348
0.0622236
0.063635
0.0650216
0.0664686
0.0679398
0.0694879
0.0710194
0.0725567
0.0741195
0.0757005
0.077353
0.0790274
0.0807122
0.0824506
0.0841754
0.0859731
0.0877446
0.0895275
0.0912355
0.0927506
0.0100286
0.00831117
0.00400619
-4.41584e-05
-0.00120596
7.86563e-05
0.00185491
0.00315456
0.00402585
0.00478168
0.00553915
0.00624503
0.00685987
0.00739087
0.007877
0.00836026
0.00891914
0.00963353
0.0103847
0.0109883
0.0114769
0.0119858
0.0125573
0.0131639
0.013752
0.0142918
0.0148093
0.0153511
0.0159295
0.0165549
0.0172401
0.0179462
0.0186177
0.019272
0.0199238
0.0205778
0.0212349
0.0218838
0.0224987
0.0231008
0.0237336
0.0243607
0.0249469
0.0255484
0.0262298
0.0269666
0.0276965
0.0284087
0.0291706
0.0299902
0.0308116
0.0316453
0.032524
0.0333742
0.0341009
0.0347811
0.0355617
0.0364998
0.0374976
0.0384781
0.0394366
0.0403893
0.0413062
0.0422479
0.0432544
0.0442563
0.0452667
0.0463352
0.0474312
0.0485104
0.0496428
0.0507874
0.0519463
0.05312
0.0543363
0.0555724
0.0568513
0.0581507
0.0594807
0.0608349
0.0622238
0.0636352
0.0650217
0.0664687
0.0679399
0.0694881
0.0710195
0.0725568
0.0741196
0.0757006
0.0773531
0.0790275
0.0807123
0.0824507
0.0841754
0.0859732
0.0877448
0.0895276
0.0912358
0.0927511
0.0096507
0.00817405
0.00423398
0.000325173
-0.000964404
0.000172801
0.00190529
0.00320211
0.00406959
0.00481743
0.005566
0.00626381
0.00687271
0.00740098
0.00788818
0.00837441
0.00893396
0.00964472
0.0103912
0.0109931
0.0114827
0.0119925
0.0125635
0.0131688
0.013756
0.0142955
0.0148126
0.0153536
0.0159313
0.0165561
0.017241
0.0179468
0.0186183
0.0192728
0.0199247
0.0205785
0.0212356
0.0218846
0.0224998
0.023102
0.0237345
0.0243615
0.0249477
0.0255493
0.0262306
0.0269673
0.0276971
0.0284094
0.0291712
0.0299908
0.0308121
0.0316459
0.0325247
0.033375
0.0341015
0.0347814
0.0355618
0.0365001
0.0374981
0.0384786
0.0394369
0.0403897
0.0413066
0.0422482
0.0432547
0.0442566
0.0452669
0.0463354
0.0474314
0.0485106
0.049643
0.0507876
0.0519464
0.0531202
0.0543365
0.0555725
0.0568514
0.0581509
0.0594808
0.0608351
0.0622239
0.0636354
0.0650218
0.0664688
0.06794
0.0694882
0.0710197
0.0725569
0.0741197
0.0757007
0.0773532
0.0790276
0.0807124
0.0824508
0.0841755
0.0859733
0.0877449
0.0895278
0.0912362
0.0927517
0.00928725
0.00802187
0.00444894
0.000696679
-0.000709615
0.000273572
0.00195575
0.00325059
0.00411627
0.00485648
0.00559571
0.00628504
0.00688772
0.00741315
0.00790158
0.00839129
0.00895171
0.00965804
0.0103986
0.0109984
0.0114896
0.0120009
0.0125712
0.0131749
0.0137611
0.0143006
0.0148174
0.0153575
0.015934
0.0165579
0.0172422
0.0179475
0.0186188
0.0192733
0.0199253
0.020579
0.0212358
0.0218852
0.022501
0.0231034
0.0237356
0.0243623
0.0249488
0.0255505
0.0262317
0.026968
0.0276979
0.0284102
0.029172
0.0299914
0.0308127
0.0316466
0.0325255
0.0333758
0.0341022
0.0347818
0.0355621
0.0365005
0.0374986
0.0384791
0.0394374
0.0403902
0.041307
0.0422485
0.0432551
0.0442569
0.0452672
0.0463357
0.0474317
0.0485108
0.0496432
0.0507878
0.0519466
0.0531204
0.0543366
0.0555727
0.0568516
0.058151
0.059481
0.0608352
0.0622241
0.0636355
0.0650219
0.0664689
0.0679401
0.0694883
0.0710198
0.0725571
0.0741198
0.0757008
0.0773533
0.0790277
0.0807125
0.0824509
0.0841756
0.0859734
0.0877451
0.0895281
0.0912367
0.0927526
0.00894225
0.00786015
0.00464985
0.00106787
-0.000441683
0.000382769
0.00200716
0.00329981
0.00416536
0.0048981
0.00562745
0.00630788
0.00690426
0.00742691
0.00791668
0.00841001
0.00897127
0.00967262
0.0104066
0.0110041
0.0114973
0.0120104
0.01258
0.0131818
0.0137669
0.0143068
0.0148238
0.015363
0.0159381
0.0165608
0.0172438
0.0179482
0.0186192
0.0192738
0.0199258
0.0205792
0.0212356
0.0218853
0.0225021
0.023105
0.0237368
0.0243632
0.02495
0.0255523
0.0262332
0.026969
0.0276988
0.0284113
0.0291729
0.0299919
0.0308133
0.0316474
0.0325265
0.0333768
0.034103
0.0347823
0.0355624
0.0365009
0.0374992
0.0384797
0.039438
0.0403908
0.0413076
0.0422489
0.0432555
0.0442573
0.0452676
0.046336
0.047432
0.0485111
0.0496435
0.050788
0.0519469
0.0531206
0.0543368
0.0555729
0.0568518
0.0581512
0.0594811
0.0608354
0.0622243
0.0636357
0.0650221
0.066469
0.0679403
0.0694885
0.07102
0.0725572
0.07412
0.0757009
0.0773535
0.0790279
0.0807126
0.082451
0.0841758
0.0859734
0.0877453
0.0895284
0.0912374
0.0927536
0.00862276
0.00769335
0.00483262
0.00143492
-0.000160368
0.000503055
0.00206091
0.00334962
0.00421644
0.004942
0.00566089
0.00633199
0.00692193
0.00744183
0.00793297
0.00842995
0.008992
0.00968812
0.0104151
0.0110102
0.0115056
0.0120207
0.0125895
0.013189
0.013773
0.0143135
0.0148312
0.0153698
0.0159435
0.0165646
0.0172462
0.0179493
0.0186197
0.0192744
0.0199263
0.020579
0.0212348
0.0218848
0.0225029
0.0231066
0.023738
0.024364
0.0249515
0.0255545
0.0262352
0.0269703
0.0277001
0.0284129
0.0291741
0.0299924
0.0308136
0.0316481
0.0325274
0.0333778
0.0341039
0.0347831
0.0355629
0.0365014
0.0374999
0.0384803
0.0394385
0.0403914
0.0413082
0.0422495
0.0432561
0.0442579
0.0452681
0.0463365
0.0474325
0.0485115
0.0496439
0.0507884
0.0519472
0.0531209
0.0543371
0.0555731
0.056852
0.0581514
0.0594813
0.0608355
0.0622244
0.0636359
0.0650222
0.0664692
0.0679404
0.0694887
0.0710202
0.0725574
0.0741201
0.075701
0.0773536
0.079028
0.0807127
0.0824511
0.0841759
0.0859735
0.0877456
0.0895287
0.0912381
0.0927549
0.00833209
0.00752277
0.00499376
0.0017957
0.000135205
0.000636772
0.00211766
0.00339913
0.00426865
0.00498792
0.00569604
0.00635736
0.00694065
0.00745773
0.00795023
0.0084509
0.00901379
0.00970453
0.0104242
0.0110168
0.0115144
0.0120316
0.0125995
0.0131964
0.0137792
0.0143204
0.0148391
0.0153775
0.0159499
0.0165695
0.0172492
0.0179506
0.0186204
0.0192751
0.0199268
0.0205787
0.0212335
0.0218837
0.0225033
0.023108
0.0237389
0.0243646
0.024953
0.0255572
0.0262378
0.0269721
0.0277018
0.028415
0.0291758
0.029993
0.0308138
0.0316486
0.0325281
0.0333786
0.0341049
0.0347841
0.0355638
0.0365022
0.0375006
0.0384809
0.0394391
0.0403921
0.0413089
0.0422502
0.0432567
0.0442586
0.0452687
0.046337
0.047433
0.0485121
0.0496444
0.0507888
0.0519475
0.0531212
0.0543374
0.0555733
0.0568522
0.0581516
0.0594815
0.0608357
0.0622246
0.0636361
0.0650224
0.0664693
0.0679406
0.0694888
0.0710204
0.0725575
0.0741203
0.0757012
0.0773538
0.0790282
0.0807129
0.0824513
0.0841761
0.0859736
0.0877459
0.0895292
0.091239
0.0927565
0.00806861
0.00735051
0.00513383
0.00214909
0.000443981
0.000784736
0.00217767
0.00344759
0.00432144
0.00503596
0.00573327
0.00638426
0.00696053
0.00747466
0.00796852
0.008473
0.00903678
0.00972198
0.010434
0.0110237
0.0115236
0.0120431
0.01261
0.0132042
0.0137855
0.0143274
0.0148473
0.0153856
0.0159571
0.0165752
0.0172528
0.0179523
0.0186212
0.0192759
0.0199275
0.0205784
0.021232
0.0218821
0.0225034
0.0231092
0.0237396
0.0243648
0.0249544
0.0255601
0.0262407
0.0269741
0.0277038
0.0284177
0.0291781
0.029994
0.0308141
0.0316488
0.0325282
0.0333787
0.0341055
0.0347852
0.0355649
0.0365034
0.0375017
0.0384816
0.0394395
0.0403926
0.0413097
0.0422509
0.0432574
0.0442594
0.0452696
0.0463377
0.0474337
0.0485128
0.0496451
0.0507894
0.0519481
0.0531217
0.0543378
0.0555737
0.0568525
0.0581519
0.0594817
0.0608359
0.0622249
0.0636363
0.0650225
0.0664695
0.0679407
0.069489
0.0710207
0.0725577
0.0741204
0.0757013
0.0773539
0.0790284
0.080713
0.0824515
0.0841763
0.0859736
0.0877463
0.0895298
0.09124
0.0927582
0.00782998
0.00718173
0.00525512
0.00249172
0.000762351
0.000947523
0.00224254
0.00349533
0.00437455
0.00508618
0.00577293
0.00641305
0.00698184
0.00749284
0.00798804
0.00849642
0.00906116
0.00974056
0.0104444
0.011031
0.0115332
0.0120551
0.0126211
0.0132124
0.013792
0.0143346
0.0148557
0.0153941
0.0159648
0.0165815
0.017257
0.0179543
0.0186222
0.0192769
0.0199284
0.0205782
0.0212303
0.0218803
0.0225031
0.0231101
0.0237399
0.0243647
0.0249556
0.025563
0.0262438
0.0269764
0.0277062
0.0284209
0.029181
0.0299955
0.0308146
0.0316488
0.0325277
0.0333781
0.0341054
0.034786
0.0355662
0.036505
0.0375031
0.0384825
0.0394399
0.040393
0.0413104
0.0422517
0.0432582
0.0442603
0.0452705
0.0463386
0.0474345
0.0485136
0.0496459
0.0507901
0.0519488
0.0531224
0.0543383
0.0555741
0.0568529
0.0581522
0.059482
0.0608362
0.0622251
0.0636366
0.0650227
0.0664696
0.0679408
0.0694892
0.071021
0.0725579
0.0741206
0.0757015
0.0773541
0.0790285
0.0807132
0.0824516
0.0841766
0.0859737
0.0877467
0.0895305
0.0912411
0.0927603
0.00761533
0.00702156
0.005358
0.0028184
0.00108691
0.00112707
0.00231521
0.00354304
0.0044273
0.00513817
0.00581519
0.00644417
0.007005
0.00751255
0.00800895
0.00852128
0.00908701
0.00976035
0.0104555
0.0110387
0.0115433
0.0120677
0.0126326
0.0132209
0.0137989
0.0143421
0.0148643
0.0154029
0.015973
0.0165886
0.0172618
0.0179566
0.0186233
0.019278
0.0199295
0.0205782
0.0212286
0.0218782
0.0225026
0.0231109
0.0237401
0.0243643
0.0249565
0.0255659
0.026247
0.0269788
0.0277088
0.0284244
0.0291843
0.0299974
0.0308155
0.0316488
0.0325267
0.0333765
0.0341045
0.0347861
0.0355673
0.0365069
0.0375052
0.0384838
0.0394404
0.0403932
0.0413109
0.0422524
0.0432588
0.0442611
0.0452716
0.0463395
0.0474353
0.0485145
0.0496468
0.0507909
0.0519497
0.0531233
0.0543391
0.0555747
0.0568534
0.0581526
0.0594823
0.0608365
0.0622255
0.0636369
0.0650229
0.0664697
0.0679409
0.0694894
0.0710212
0.0725582
0.0741208
0.0757017
0.0773543
0.0790287
0.0807134
0.0824518
0.0841769
0.0859736
0.0877473
0.0895314
0.0912424
0.0927625
0.00742283
0.00687183
0.00544199
0.00312572
0.00141587
0.00132552
0.00239835
0.00359118
0.00447874
0.00519129
0.00586032
0.0064783
0.00703062
0.00753417
0.0080314
0.00854761
0.00911438
0.00978144
0.0104675
0.0110469
0.011554
0.0120809
0.0126448
0.0132299
0.0138061
0.0143499
0.0148733
0.0154121
0.0159819
0.0165964
0.0172672
0.0179592
0.0186244
0.0192792
0.0199308
0.0205784
0.0212269
0.021876
0.0225019
0.0231115
0.0237402
0.0243638
0.0249573
0.0255688
0.0262502
0.0269813
0.0277114
0.0284281
0.0291879
0.0299997
0.0308165
0.0316487
0.0325252
0.0333742
0.0341027
0.0347855
0.035568
0.0365088
0.0375076
0.0384856
0.039441
0.0403933
0.0413112
0.0422529
0.0432594
0.044262
0.0452727
0.0463406
0.0474363
0.0485156
0.0496478
0.0507918
0.0519508
0.0531245
0.0543401
0.0555755
0.0568541
0.0581532
0.0594827
0.0608368
0.0622259
0.0636373
0.0650232
0.0664699
0.067941
0.0694894
0.0710215
0.0725584
0.074121
0.0757019
0.0773544
0.0790288
0.0807135
0.082452
0.0841772
0.0859736
0.0877478
0.0895324
0.0912438
0.0927651
0.00724824
0.0067322
0.0055092
0.00341314
0.00174712
0.00154328
0.00249407
0.00364061
0.00452828
0.00524494
0.00590855
0.00651623
0.00705944
0.00755809
0.00805551
0.00857541
0.00914331
0.00980389
0.0104803
0.0110556
0.0115651
0.0120948
0.0126575
0.0132393
0.0138136
0.0143581
0.0148826
0.0154219
0.0159917
0.0166052
0.0172733
0.0179621
0.0186256
0.0192804
0.0199322
0.0205787
0.0212253
0.0218737
0.0225011
0.0231121
0.0237402
0.0243631
0.0249581
0.0255717
0.0262535
0.0269838
0.0277141
0.0284319
0.0291916
0.0300021
0.0308177
0.0316486
0.0325233
0.033371
0.0341002
0.0347843
0.0355681
0.0365104
0.0375101
0.0384876
0.0394417
0.0403933
0.0413113
0.0422532
0.0432599
0.0442627
0.0452738
0.0463416
0.0474373
0.0485167
0.0496488
0.0507927
0.0519519
0.0531259
0.0543413
0.0555765
0.0568549
0.0581539
0.0594831
0.0608371
0.0622262
0.0636377
0.0650236
0.0664701
0.067941
0.0694894
0.0710217
0.0725587
0.0741212
0.0757021
0.0773546
0.079029
0.0807137
0.0824521
0.0841776
0.0859734
0.0877484
0.0895335
0.0912453
0.0927679
0.00708716
0.0066028
0.00556407
0.00368076
0.00207688
0.00177921
0.00260474
0.00369324
0.00457586
0.00529844
0.00595992
0.00655862
0.00709218
0.00758472
0.00808139
0.00860469
0.00917377
0.00982773
0.010494
0.0110649
0.0115769
0.0121093
0.0126709
0.0132493
0.0138216
0.0143667
0.0148925
0.0154324
0.0160023
0.016615
0.0172802
0.0179654
0.0186269
0.0192817
0.0199337
0.0205793
0.0212238
0.0218714
0.0225003
0.0231126
0.0237401
0.0243625
0.024959
0.0255747
0.0262569
0.0269862
0.0277167
0.0284357
0.0291954
0.0300046
0.0308189
0.0316484
0.0325209
0.0333673
0.0340971
0.0347828
0.035568
0.0365117
0.0375125
0.0384897
0.0394426
0.0403932
0.0413113
0.0422534
0.0432603
0.0442635
0.0452749
0.0463427
0.0474384
0.0485178
0.0496498
0.0507936
0.0519531
0.0531273
0.0543428
0.0555777
0.0568559
0.0581547
0.0594837
0.0608375
0.0622266
0.0636382
0.0650242
0.0664705
0.067941
0.0694892
0.0710217
0.0725589
0.0741215
0.0757025
0.0773548
0.079029
0.0807138
0.0824521
0.084178
0.0859732
0.0877491
0.0895347
0.0912468
0.0927709
0.00693712
0.00648416
0.00561064
0.00392825
0.00240077
0.00203143
0.00273292
0.00375162
0.00462179
0.00535099
0.00601409
0.00660586
0.00712939
0.00761436
0.0081091
0.00863542
0.00920573
0.00985298
0.0105087
0.0110749
0.0115893
0.0121246
0.012685
0.0132598
0.0138301
0.0143757
0.0149029
0.0154437
0.016014
0.0166258
0.0172878
0.017969
0.0186284
0.019283
0.0199353
0.0205799
0.0212224
0.0218691
0.0224994
0.0231132
0.0237401
0.0243619
0.02496
0.025578
0.0262606
0.0269888
0.0277193
0.0284396
0.0291994
0.0300072
0.0308201
0.0316482
0.0325182
0.0333631
0.034094
0.0347816
0.0355682
0.0365129
0.0375144
0.0384916
0.0394433
0.040393
0.0413112
0.0422537
0.0432607
0.0442642
0.045276
0.0463438
0.0474395
0.048519
0.0496508
0.0507944
0.0519542
0.0531288
0.0543444
0.0555791
0.0568571
0.0581556
0.0594844
0.0608379
0.0622268
0.0636386
0.0650249
0.0664711
0.0679411
0.0694889
0.0710216
0.072559
0.0741219
0.0757029
0.0773551
0.0790291
0.080714
0.0824521
0.0841784
0.085973
0.0877498
0.089536
0.0912484
0.092774
0.00679735
0.00637584
0.00565169
0.00415625
0.00271507
0.00229701
0.00288056
0.0038185
0.00466679
0.00540182
0.0060703
0.00665788
0.00717136
0.00764721
0.00813866
0.00866754
0.00923918
0.00987966
0.0105245
0.0110857
0.0116025
0.0121407
0.0126998
0.0132709
0.0138391
0.0143853
0.014914
0.0154558
0.0160266
0.0166376
0.0172961
0.017973
0.0186301
0.0192845
0.0199371
0.0205807
0.0212211
0.0218668
0.0224986
0.0231138
0.0237402
0.0243614
0.0249613
0.0255817
0.0262646
0.0269915
0.027722
0.0284435
0.0292033
0.0300098
0.0308214
0.031648
0.0325153
0.0333586
0.034091
0.0347812
0.0355693
0.0365142
0.0375159
0.0384931
0.0394437
0.0403926
0.041311
0.042254
0.0432613
0.0442651
0.0452772
0.046345
0.0474406
0.0485203
0.0496518
0.0507952
0.0519552
0.0531303
0.054346
0.0555806
0.0568583
0.0581567
0.0594852
0.0608384
0.0622271
0.0636389
0.0650255
0.0664718
0.0679413
0.0694885
0.0710213
0.072559
0.0741222
0.0757034
0.0773554
0.0790292
0.0807141
0.082452
0.0841788
0.0859728
0.0877505
0.0895374
0.09125
0.0927772
0.00666785
0.00627623
0.00568924
0.00436697
0.00301686
0.00257167
0.00304867
0.00389674
0.00471217
0.00545029
0.00612741
0.00671418
0.00721817
0.0076835
0.0081701
0.00870096
0.00927403
0.00990778
0.0105415
0.0110973
0.0116164
0.0121575
0.0127153
0.0132826
0.0138486
0.0143953
0.0149257
0.0154687
0.01604
0.01665
0.0173049
0.0179774
0.0186319
0.0192861
0.019939
0.0205815
0.0212198
0.0218646
0.0224979
0.0231146
0.0237404
0.024361
0.0249628
0.0255858
0.026269
0.0269945
0.0277246
0.0284474
0.0292074
0.0300125
0.0308228
0.0316479
0.0325123
0.033354
0.0340885
0.0347821
0.035572
0.0365161
0.0375171
0.038494
0.0394437
0.0403921
0.041311
0.0422546
0.043262
0.0442661
0.0452785
0.0463462
0.0474418
0.0485216
0.0496529
0.050796
0.0519563
0.0531318
0.0543477
0.0555822
0.0568596
0.0581578
0.0594862
0.0608389
0.0622272
0.0636391
0.0650262
0.0664727
0.0679416
0.0694881
0.0710209
0.0725588
0.0741224
0.075704
0.0773559
0.0790293
0.0807142
0.082452
0.0841792
0.0859725
0.0877512
0.089539
0.0912516
0.0927805
0.00654927
0.00618342
0.00572458
0.00456357
0.00330391
0.00285049
0.00323722
0.00398924
0.00475973
0.00549597
0.00618407
0.00677395
0.00726974
0.00772338
0.0082035
0.00873558
0.00931019
0.00993732
0.0105598
0.0111099
0.0116312
0.0121752
0.0127316
0.013295
0.0138586
0.014406
0.0149381
0.0154823
0.0160541
0.0166631
0.0173142
0.017982
0.018634
0.019288
0.0199411
0.0205826
0.0212185
0.0218624
0.0224972
0.0231155
0.0237407
0.0243608
0.0249648
0.0255905
0.0262739
0.0269977
0.0277274
0.0284514
0.0292116
0.0300151
0.0308242
0.0316479
0.0325094
0.0333494
0.0340865
0.0347846
0.0355765
0.036519
0.0375182
0.0384945
0.0394434
0.0403915
0.0413111
0.0422554
0.043263
0.0442673
0.0452801
0.0463476
0.047443
0.0485229
0.0496541
0.0507969
0.0519574
0.0531333
0.0543494
0.0555839
0.0568611
0.058159
0.0594872
0.0608395
0.0622274
0.0636392
0.0650268
0.0664736
0.0679421
0.0694877
0.0710203
0.0725585
0.0741227
0.0757046
0.0773563
0.0790295
0.0807143
0.0824518
0.0841796
0.0859722
0.087752
0.0895407
0.0912533
0.0927839
0.00644324
0.00609546
0.00575766
0.00474955
0.00357504
0.0031286
0.00344509
0.00409865
0.00481166
0.00553895
0.00623907
0.00683613
0.00732573
0.00776688
0.00823895
0.00877142
0.00934765
0.00996836
0.0105793
0.0111235
0.0116468
0.0121937
0.0127488
0.0133081
0.0138693
0.0144172
0.0149511
0.0154965
0.0160687
0.0166766
0.0173239
0.0179869
0.0186363
0.0192901
0.0199434
0.0205837
0.0212173
0.0218602
0.0224966
0.0231165
0.0237411
0.0243607
0.0249671
0.0255957
0.0262793
0.0270011
0.0277302
0.0284555
0.0292158
0.0300178
0.0308257
0.031648
0.0325067
0.0333451
0.0340851
0.0347885
0.0355829
0.0365231
0.0375194
0.0384945
0.0394429
0.0403908
0.0413113
0.0422567
0.0432641
0.0442686
0.0452819
0.0463492
0.0474443
0.0485242
0.0496553
0.0507979
0.0519586
0.0531349
0.0543512
0.0555857
0.0568626
0.0581603
0.0594883
0.0608403
0.0622275
0.0636392
0.0650274
0.0664746
0.0679426
0.0694874
0.0710197
0.0725582
0.0741228
0.0757053
0.0773569
0.0790296
0.0807145
0.0824517
0.08418
0.085972
0.0877528
0.0895425
0.0912551
0.0927874
0.00635304
0.00601045
0.00578623
0.00492865
0.00383109
0.00340138
0.00366971
0.00422717
0.00487059
0.00558002
0.00629156
0.00689948
0.00738559
0.00781398
0.00827665
0.00880868
0.00938649
0.0100009
0.0106001
0.0111382
0.0116634
0.0122131
0.0127668
0.0133219
0.0138805
0.0144291
0.0149648
0.0155112
0.0160836
0.0166904
0.0173339
0.0179922
0.0186388
0.0192924
0.019946
0.020585
0.0212162
0.021858
0.0224961
0.0231177
0.0237417
0.0243609
0.0249697
0.0256014
0.0262851
0.0270049
0.0277332
0.0284596
0.0292201
0.0300206
0.0308272
0.0316482
0.032504
0.0333408
0.0340842
0.0347936
0.0355909
0.0365283
0.0375207
0.0384944
0.0394421
0.04039
0.0413118
0.0422583
0.0432653
0.04427
0.0452839
0.0463509
0.0474456
0.0485256
0.0496566
0.050799
0.0519599
0.0531365
0.054353
0.0555875
0.0568642
0.0581616
0.0594895
0.0608411
0.0622277
0.0636392
0.065028
0.0664756
0.0679433
0.0694871
0.0710191
0.0725578
0.0741231
0.0757059
0.0773574
0.0790297
0.0807146
0.0824516
0.0841805
0.0859718
0.0877537
0.0895444
0.0912571
0.0927911
0.00628351
0.00592836
0.00580605
0.00510391
0.00407512
0.0036647
0.00390719
0.00437657
0.00493938
0.0056205
0.00634093
0.00696271
0.00744867
0.00786477
0.00831686
0.0088476
0.00942681
0.010035
0.0106223
0.0111538
0.011681
0.0122336
0.0127857
0.0133366
0.0138925
0.0144417
0.0149791
0.0155264
0.0160989
0.0167044
0.0173443
0.0179978
0.0186417
0.019295
0.0199488
0.0205865
0.0212151
0.0218559
0.0224957
0.0231192
0.0237424
0.0243612
0.0249728
0.0256077
0.0262915
0.027009
0.0277363
0.0284639
0.0292245
0.0300234
0.0308287
0.0316484
0.0325016
0.0333368
0.0340837
0.0347996
0.0356001
0.0365343
0.0375222
0.038494
0.0394413
0.0403893
0.0413125
0.0422602
0.0432668
0.0442715
0.0452861
0.0463527
0.0474469
0.0485271
0.049658
0.0508002
0.0519613
0.0531382
0.0543549
0.0555895
0.0568659
0.058163
0.0594908
0.060842
0.062228
0.0636391
0.0650286
0.0664767
0.0679442
0.0694869
0.0710184
0.0725575
0.0741233
0.0757065
0.0773579
0.0790299
0.0807148
0.0824515
0.084181
0.0859716
0.0877545
0.0895465
0.0912592
0.0927948
0.00623885
0.0058539
0.00581243
0.00527597
0.00431184
0.00391529
0.00415254
0.00454809
0.00502093
0.00566187
0.00638702
0.00702486
0.00751425
0.00791929
0.00835977
0.00888838
0.00946881
0.0100707
0.0106458
0.0111706
0.0116995
0.0122552
0.0128057
0.0133521
0.0139053
0.014455
0.0149941
0.015542
0.0161144
0.0167188
0.017355
0.0180038
0.0186448
0.0192978
0.0199518
0.0205881
0.0212141
0.0218538
0.0224954
0.0231208
0.0237433
0.0243617
0.024976
0.0256143
0.0262983
0.0270133
0.0277395
0.0284683
0.0292291
0.0300262
0.0308302
0.0316488
0.0324993
0.0333329
0.0340833
0.0348061
0.03561
0.0365409
0.0375239
0.0384936
0.0394404
0.0403885
0.0413133
0.0422623
0.0432683
0.0442731
0.0452884
0.0463546
0.0474483
0.0485287
0.0496594
0.0508015
0.0519628
0.05314
0.0543569
0.0555915
0.0568677
0.0581644
0.0594921
0.0608431
0.0622284
0.0636391
0.0650292
0.0664779
0.0679451
0.0694867
0.0710179
0.0725572
0.0741237
0.0757072
0.0773585
0.07903
0.080715
0.0824514
0.0841815
0.0859715
0.0877553
0.0895486
0.0912614
0.0927988
0.00621971
0.00579746
0.00580177
0.00544108
0.00454716
0.00415216
0.00439967
0.00474181
0.0051181
0.00570578
0.00643038
0.00708546
0.0075815
0.00797725
0.00840545
0.00893113
0.00951281
0.0101082
0.0106708
0.0111884
0.0117191
0.0122779
0.0128269
0.0133686
0.0139188
0.0144691
0.0150098
0.0155582
0.0161303
0.0167335
0.0173661
0.0180101
0.0186483
0.019301
0.0199552
0.02059
0.0212133
0.0218518
0.0224953
0.0231227
0.0237445
0.0243623
0.0249796
0.0256214
0.0263054
0.0270178
0.0277429
0.0284728
0.0292338
0.0300291
0.0308317
0.0316492
0.0324972
0.0333291
0.034083
0.0348128
0.0356203
0.0365478
0.0375257
0.0384932
0.0394395
0.0403877
0.0413142
0.0422645
0.0432699
0.0442748
0.0452909
0.0463566
0.0474497
0.0485303
0.049661
0.0508029
0.0519644
0.0531418
0.054359
0.0555937
0.0568696
0.0581659
0.0594935
0.0608442
0.0622288
0.0636391
0.06503
0.0664791
0.0679461
0.0694866
0.0710173
0.0725571
0.0741241
0.0757078
0.077359
0.0790302
0.0807152
0.0824513
0.084182
0.0859714
0.0877562
0.0895508
0.0912639
0.0928029
0.00621936
0.00577262
0.00577492
0.00559034
0.00478696
0.00437826
0.00464161
0.00495562
0.00523389
0.0057541
0.00647203
0.00714447
0.00764955
0.00803803
0.00845392
0.00897595
0.00955906
0.010148
0.0106973
0.0112073
0.0117396
0.0123018
0.0128492
0.0133861
0.0139332
0.014484
0.0150262
0.015575
0.0161466
0.0167485
0.0173776
0.0180169
0.0186522
0.0193045
0.0199588
0.020592
0.0212125
0.0218498
0.0224953
0.0231248
0.0237458
0.024363
0.0249832
0.0256287
0.0263129
0.0270226
0.0277464
0.0284774
0.0292387
0.0300321
0.0308332
0.0316497
0.0324952
0.0333255
0.0340829
0.0348197
0.0356307
0.0365549
0.0375276
0.0384927
0.0394386
0.0403869
0.0413152
0.0422669
0.0432715
0.0442765
0.0452934
0.0463587
0.0474512
0.048532
0.0496627
0.0508043
0.0519661
0.0531438
0.0543611
0.055596
0.0568716
0.0581674
0.0594949
0.0608454
0.0622293
0.0636393
0.0650308
0.0664804
0.0679471
0.0694866
0.0710168
0.072557
0.0741246
0.0757085
0.0773596
0.0790303
0.0807154
0.0824512
0.0841826
0.0859714
0.0877571
0.0895531
0.0912666
0.0928072
0.0062228
0.0057915
0.0057416
0.00571288
0.00503316
0.00460019
0.00487179
0.00518503
0.0053717
0.00580898
0.00651278
0.00720227
0.0077179
0.00810084
0.00850499
0.00902297
0.00960773
0.0101905
0.0107257
0.0112271
0.0117611
0.0123268
0.0128729
0.0134047
0.0139485
0.0144998
0.0150435
0.0155923
0.0161633
0.016764
0.0173895
0.018024
0.0186564
0.0193083
0.0199628
0.0205944
0.0212119
0.021848
0.0224955
0.0231272
0.0237474
0.0243639
0.024987
0.0256362
0.0263206
0.0270276
0.02775
0.0284822
0.0292439
0.0300352
0.0308347
0.0316502
0.0324934
0.0333221
0.0340828
0.0348267
0.0356411
0.0365621
0.0375296
0.0384923
0.0394378
0.0403862
0.0413162
0.0422692
0.0432733
0.0442783
0.045296
0.0463609
0.0474527
0.0485338
0.0496644
0.0508059
0.0519679
0.0531458
0.0543634
0.0555983
0.0568737
0.058169
0.0594965
0.0608467
0.0622299
0.0636395
0.0650316
0.0664817
0.0679481
0.0694865
0.0710163
0.0725569
0.0741251
0.0757092
0.0773601
0.0790305
0.0807157
0.0824511
0.0841831
0.0859714
0.087758
0.0895556
0.0912695
0.0928116
0.00620988
0.00585646
0.00571975
0.00580067
0.0052798
0.00482688
0.00508681
0.00542296
0.0055347
0.00587333
0.00655267
0.00725956
0.00778668
0.00816489
0.00855817
0.00907218
0.00965891
0.0102359
0.0107564
0.011248
0.0117833
0.0123531
0.0128979
0.0134245
0.0139648
0.0145164
0.0150616
0.0156104
0.0161805
0.0167799
0.017402
0.0180317
0.018661
0.0193126
0.0199671
0.020597
0.0212114
0.0218462
0.0224958
0.0231299
0.0237491
0.0243648
0.0249908
0.025644
0.0263286
0.0270327
0.0277537
0.0284872
0.0292492
0.0300383
0.0308362
0.0316508
0.0324918
0.0333188
0.0340828
0.0348335
0.0356514
0.0365692
0.0375317
0.038492
0.039437
0.0403855
0.0413173
0.0422716
0.0432751
0.0442801
0.0452987
0.0463631
0.0474543
0.0485357
0.0496663
0.0508075
0.0519697
0.0531479
0.0543657
0.0556007
0.0568758
0.0581707
0.059498
0.060848
0.0622305
0.0636398
0.0650326
0.0664831
0.0679492
0.0694865
0.0710157
0.0725569
0.0741257
0.07571
0.0773607
0.0790306
0.080716
0.082451
0.0841837
0.0859716
0.0877589
0.0895583
0.0912726
0.0928161
0.00616037
0.00595349
0.00573144
0.0058548
0.00551287
0.0050669
0.00528943
0.00565969
0.00572351
0.00595159
0.00659145
0.00731683
0.00785671
0.00822965
0.00861262
0.00912335
0.00971271
0.0102845
0.0107899
0.0112703
0.0118062
0.0123804
0.0129244
0.0134456
0.0139821
0.0145339
0.0150806
0.0156292
0.0161982
0.0167962
0.017415
0.0180398
0.0186661
0.0193172
0.0199718
0.0205999
0.0212111
0.0218446
0.0224964
0.0231328
0.0237512
0.0243658
0.0249947
0.025652
0.0263368
0.0270379
0.0277575
0.0284924
0.0292547
0.0300415
0.0308377
0.0316514
0.0324903
0.0333157
0.0340829
0.0348404
0.0356615
0.0365764
0.0375338
0.0384918
0.0394363
0.0403849
0.0413184
0.0422741
0.0432769
0.0442821
0.0453014
0.0463654
0.0474559
0.0485376
0.0496682
0.0508092
0.0519716
0.0531501
0.0543681
0.0556032
0.056878
0.0581724
0.0594997
0.0608494
0.0622312
0.0636402
0.0650336
0.0664845
0.0679503
0.0694865
0.0710152
0.072557
0.0741264
0.0757107
0.0773612
0.0790307
0.0807162
0.0824509
0.0841843
0.0859718
0.0877598
0.0895611
0.091276
0.0928208
0.00606465
0.00605725
0.00579315
0.00588977
0.00571643
0.00532262
0.00548857
0.00588531
0.00593426
0.00604984
0.00662986
0.00737352
0.00792948
0.00829527
0.00866719
0.0091758
0.00976914
0.0103365
0.0108264
0.0112945
0.01183
0.0124087
0.0129523
0.0134681
0.0140005
0.0145523
0.0151005
0.0156488
0.0162164
0.016813
0.0174285
0.0180485
0.0186716
0.0193222
0.0199768
0.0206032
0.0212111
0.0218431
0.0224971
0.0231361
0.0237535
0.0243669
0.0249987
0.02566
0.0263453
0.0270434
0.0277615
0.0284977
0.0292604
0.0300449
0.0308392
0.0316522
0.0324891
0.0333129
0.0340831
0.0348472
0.0356716
0.0365835
0.0375361
0.0384918
0.0394356
0.0403843
0.0413196
0.0422766
0.0432788
0.0442841
0.0453043
0.0463678
0.0474577
0.0485397
0.0496703
0.050811
0.0519736
0.0531523
0.0543706
0.0556057
0.0568803
0.0581742
0.0595013
0.0608508
0.0622319
0.0636406
0.0650346
0.0664859
0.0679514
0.0694865
0.0710148
0.0725571
0.074127
0.0757115
0.0773618
0.0790308
0.0807166
0.0824508
0.0841849
0.085972
0.0877607
0.0895641
0.0912797
0.0928256
0.00593246
0.00613818
0.00590366
0.00592906
0.00587972
0.00558482
0.00569616
0.00609509
0.0061582
0.006174
0.00667096
0.00742745
0.00800634
0.00836297
0.00872087
0.00922842
0.00982789
0.0103923
0.0108663
0.0113208
0.0118549
0.0124377
0.0129816
0.0134921
0.0140201
0.0145718
0.0151212
0.0156692
0.0162353
0.0168303
0.0174426
0.0180578
0.0186776
0.0193276
0.0199823
0.0206068
0.0212113
0.0218418
0.0224981
0.0231397
0.023756
0.0243681
0.0250026
0.0256683
0.026354
0.027049
0.0277655
0.0285032
0.0292664
0.0300483
0.0308407
0.031653
0.0324881
0.0333102
0.0340834
0.0348539
0.0356815
0.0365905
0.0375385
0.0384918
0.0394351
0.0403838
0.0413208
0.0422791
0.0432808
0.0442862
0.0453072
0.0463702
0.0474595
0.0485419
0.0496724
0.0508129
0.0519757
0.0531547
0.0543731
0.0556084
0.0568827
0.0581761
0.0595031
0.0608523
0.0622327
0.0636411
0.0650357
0.0664874
0.0679524
0.0694866
0.0710143
0.0725572
0.0741277
0.0757123
0.0773625
0.079031
0.0807169
0.0824508
0.0841856
0.0859724
0.0877616
0.0895673
0.0912836
0.0928306
0.0057874
0.00617461
0.00604218
0.00599835
0.00600606
0.00583479
0.00592177
0.00629373
0.00638305
0.00632598
0.00672115
0.00747619
0.00808707
0.00843505
0.00877339
0.00927993
0.00988839
0.0104522
0.0109102
0.0113495
0.0118811
0.0124679
0.013012
0.0135177
0.0140409
0.0145923
0.0151429
0.0156905
0.0162548
0.0168481
0.0174572
0.0180677
0.0186842
0.0193335
0.0199882
0.0206108
0.0212117
0.0218406
0.0224994
0.0231437
0.0237589
0.0243694
0.0250066
0.0256767
0.026363
0.0270548
0.0277696
0.0285089
0.0292726
0.0300519
0.0308423
0.031654
0.0324873
0.0333078
0.0340838
0.0348605
0.0356912
0.0365976
0.037541
0.038492
0.0394346
0.0403833
0.0413221
0.0422816
0.0432828
0.0442883
0.0453102
0.0463728
0.0474614
0.0485441
0.0496747
0.0508148
0.0519779
0.0531571
0.0543758
0.0556111
0.0568852
0.0581781
0.0595049
0.0608538
0.0622335
0.0636416
0.0650368
0.0664889
0.0679535
0.0694866
0.0710138
0.0725574
0.0741283
0.0757132
0.0773631
0.0790311
0.0807173
0.0824508
0.0841862
0.0859728
0.0877626
0.0895707
0.0912878
0.0928357
0.005652
0.00616545
0.00618026
0.00611167
0.00611505
0.00605416
0.00616384
0.00649323
0.00659807
0.00650088
0.00678897
0.00751978
0.008169
0.00851435
0.00882584
0.0093287
0.00994956
0.0105159
0.0109585
0.0113807
0.0119089
0.0124996
0.0130437
0.0135444
0.0140631
0.0146139
0.0151657
0.0157126
0.0162751
0.0168665
0.0174724
0.0180781
0.0186913
0.0193399
0.0199946
0.0206153
0.0212125
0.0218397
0.022501
0.023148
0.0237621
0.0243709
0.0250107
0.0256853
0.0263722
0.0270608
0.0277738
0.0285148
0.029279
0.0300556
0.0308438
0.031655
0.0324867
0.0333057
0.0340843
0.0348671
0.0357008
0.0366046
0.0375436
0.0384923
0.0394343
0.040383
0.0413235
0.0422843
0.0432849
0.0442906
0.0453133
0.0463754
0.0474634
0.0485465
0.049677
0.0508169
0.0519802
0.0531597
0.0543785
0.0556139
0.0568877
0.0581801
0.0595068
0.0608554
0.0622344
0.0636422
0.065038
0.0664905
0.0679547
0.0694867
0.0710134
0.0725576
0.074129
0.075714
0.0773638
0.0790312
0.0807177
0.0824507
0.0841868
0.0859734
0.0877635
0.0895743
0.0912924
0.0928409
0.00554128
0.00612762
0.00629107
0.00626004
0.00623371
0.00623564
0.00640597
0.00670616
0.00680182
0.00668782
0.00688099
0.00756256
0.00824782
0.0086025
0.00888092
0.00937342
0.0100099
0.0105828
0.0110118
0.0114153
0.011938
0.0125331
0.0130772
0.0135722
0.0140865
0.0146367
0.0151896
0.0157356
0.0162959
0.0168856
0.0174883
0.0180892
0.0186991
0.0193469
0.0200015
0.0206202
0.0212136
0.021839
0.0225028
0.0231528
0.0237656
0.0243725
0.0250149
0.0256941
0.0263817
0.027067
0.0277782
0.0285208
0.0292857
0.0300595
0.0308455
0.0316562
0.0324865
0.0333039
0.034085
0.0348737
0.0357103
0.0366115
0.0375463
0.0384928
0.0394341
0.0403828
0.0413249
0.0422869
0.043287
0.0442929
0.0453165
0.0463781
0.0474654
0.048549
0.0496795
0.050819
0.0519826
0.0531623
0.0543814
0.0556168
0.0568903
0.0581822
0.0595087
0.0608571
0.0622354
0.0636428
0.0650392
0.066492
0.0679558
0.0694868
0.071013
0.0725578
0.0741296
0.0757149
0.0773645
0.0790313
0.0807181
0.0824508
0.0841875
0.085974
0.0877644
0.089578
0.0912972
0.0928463
0.00546153
0.00608183
0.00636192
0.00641772
0.00638495
0.00639247
0.00662668
0.00693683
0.00700488
0.00687427
0.00699647
0.00761272
0.00832061
0.00869813
0.00894236
0.00941409
0.0100674
0.0106524
0.0110699
0.011454
0.0119686
0.012568
0.013113
0.0136014
0.0141105
0.0146607
0.0152148
0.0157598
0.0163174
0.0169052
0.0175049
0.018101
0.0187074
0.0193544
0.0200089
0.0206256
0.0212152
0.0218385
0.0225049
0.023158
0.0237695
0.0243742
0.025019
0.025703
0.0263915
0.0270734
0.0277826
0.0285271
0.0292926
0.0300635
0.0308471
0.0316575
0.0324865
0.0333023
0.0340858
0.0348801
0.0357196
0.0366184
0.0375491
0.0384935
0.039434
0.0403827
0.0413265
0.0422896
0.0432892
0.0442953
0.0453198
0.0463809
0.0474676
0.0485516
0.049682
0.0508212
0.051985
0.0531651
0.0543843
0.0556197
0.056893
0.0581844
0.0595107
0.0608588
0.0622365
0.0636435
0.0650404
0.0664936
0.0679569
0.0694869
0.0710127
0.072558
0.0741302
0.0757158
0.0773653
0.0790315
0.0807186
0.0824509
0.0841881
0.0859748
0.0877654
0.0895819
0.0913024
0.0928519
0.00541541
0.0060453
0.00639877
0.00655678
0.00657142
0.00655098
0.00681152
0.00717236
0.00722134
0.00705506
0.00712692
0.00767815
0.00838874
0.00879723
0.00901352
0.00945241
0.0101202
0.0107239
0.0111324
0.0114969
0.0120016
0.012604
0.0131516
0.0136326
0.0141349
0.0146855
0.0152415
0.0157852
0.0163397
0.0169253
0.0175223
0.0181136
0.0187163
0.0193625
0.0200169
0.0206315
0.0212171
0.0218384
0.0225073
0.0231637
0.0237739
0.024376
0.0250231
0.0257121
0.0264017
0.0270799
0.0277871
0.0285335
0.0292998
0.0300677
0.0308488
0.031659
0.0324869
0.0333011
0.0340868
0.0348865
0.0357287
0.0366252
0.037552
0.0384944
0.0394341
0.0403827
0.0413281
0.0422924
0.0432915
0.0442978
0.0453232
0.0463838
0.0474698
0.0485543
0.0496847
0.0508235
0.0519876
0.0531679
0.0543874
0.0556228
0.0568958
0.0581867
0.0595127
0.0608605
0.0622376
0.0636443
0.0650417
0.0664953
0.0679581
0.0694871
0.0710123
0.0725583
0.0741309
0.0757168
0.0773662
0.0790316
0.0807191
0.082451
0.0841887
0.0859758
0.0877664
0.0895859
0.0913079
0.0928576
0.00540602
0.00603146
0.00641851
0.00665659
0.00677169
0.00673889
0.00696695
0.00738928
0.00745863
0.00723919
0.00726085
0.0077605
0.00845801
0.00889592
0.00909563
0.00949174
0.0101665
0.010796
0.0111994
0.0115436
0.0120376
0.0126414
0.0131923
0.013667
0.0141601
0.0147103
0.0152697
0.0158122
0.0163629
0.0169459
0.0175403
0.0181271
0.018726
0.0193711
0.0200256
0.0206381
0.0212195
0.0218385
0.02251
0.0231699
0.0237788
0.0243781
0.0250273
0.0257214
0.0264122
0.0270868
0.0277916
0.02854
0.0293073
0.0300721
0.0308505
0.0316606
0.0324877
0.0333002
0.0340879
0.0348929
0.0357377
0.036632
0.037555
0.0384954
0.0394343
0.0403828
0.0413298
0.0422953
0.0432938
0.0443003
0.0453267
0.0463868
0.0474721
0.0485571
0.0496875
0.0508259
0.0519903
0.0531709
0.0543905
0.0556259
0.0568987
0.0581891
0.0595149
0.0608623
0.0622388
0.0636451
0.065043
0.066497
0.0679593
0.0694873
0.0710121
0.0725586
0.0741315
0.0757177
0.077367
0.0790317
0.0807196
0.0824512
0.0841893
0.0859768
0.0877675
0.0895901
0.0913138
0.0928636
0.0054319
0.0060518
0.0064405
0.00671339
0.00695526
0.00696876
0.00711976
0.00756702
0.00770591
0.00744249
0.0073928
0.0078531
0.00853469
0.00899354
0.00918741
0.00953585
0.0102059
0.010867
0.0112715
0.0115935
0.0120761
0.0126813
0.0132347
0.0137045
0.0141872
0.0147346
0.0152985
0.0158411
0.0163874
0.0169672
0.0175589
0.0181415
0.0187365
0.0193803
0.0200349
0.0206455
0.0212225
0.021839
0.0225131
0.0231766
0.0237842
0.0243805
0.0250314
0.0257307
0.026423
0.0270939
0.0277963
0.0285466
0.0293151
0.0300767
0.0308523
0.0316624
0.0324889
0.0332996
0.0340891
0.0348992
0.0357465
0.0366387
0.0375582
0.0384966
0.0394347
0.0403831
0.0413316
0.0422982
0.0432962
0.044303
0.0453303
0.0463899
0.0474745
0.0485601
0.0496904
0.0508285
0.051993
0.0531739
0.0543938
0.0556292
0.0569017
0.0581915
0.0595171
0.0608642
0.0622401
0.0636459
0.0650443
0.0664987
0.0679604
0.0694875
0.0710118
0.0725589
0.0741321
0.0757187
0.077368
0.0790319
0.0807201
0.0824515
0.08419
0.085978
0.0877687
0.0895945
0.09132
0.0928697
0.00547948
0.00611384
0.00648397
0.00674066
0.00709451
0.00722617
0.00730193
0.00770417
0.00793732
0.00767537
0.00753189
0.00794586
0.00861991
0.00909298
0.009287
0.00958791
0.0102388
0.0109341
0.0113497
0.011647
0.0121158
0.0127242
0.0132797
0.0137446
0.0142171
0.0147589
0.0153271
0.015872
0.0164135
0.0169892
0.017578
0.0181566
0.018748
0.0193901
0.0200446
0.0206536
0.0212262
0.0218397
0.0225164
0.0231838
0.0237902
0.0243831
0.0250357
0.0257402
0.0264341
0.0271013
0.027801
0.0285534
0.0293232
0.0300815
0.0308541
0.0316644
0.0324904
0.0332994
0.0340906
0.0349054
0.0357552
0.0366453
0.0375615
0.038498
0.0394353
0.0403835
0.0413335
0.0423012
0.0432987
0.0443057
0.0453341
0.0463931
0.047477
0.0485632
0.0496935
0.0508311
0.0519959
0.0531771
0.0543972
0.0556325
0.0569048
0.058194
0.0595193
0.0608662
0.0622414
0.0636469
0.0650457
0.0665004
0.0679617
0.0694878
0.0710116
0.0725592
0.0741327
0.0757197
0.0773689
0.0790321
0.0807207
0.0824518
0.0841906
0.0859794
0.0877699
0.0895989
0.0913266
0.0928761
0.00552683
0.00621619
0.00656509
0.00676083
0.00717551
0.00747838
0.0075364
0.00782619
0.00812614
0.00792922
0.00769608
0.0080344
0.00870745
0.00919703
0.00939398
0.00965059
0.0102671
0.0109937
0.0114339
0.0117063
0.0121548
0.0127691
0.0133287
0.013787
0.0142498
0.0147845
0.0153547
0.0159038
0.0164419
0.0170121
0.0175977
0.0181724
0.0187603
0.0194009
0.0200549
0.0206624
0.0212307
0.0218409
0.0225199
0.0231916
0.0237968
0.024386
0.0250399
0.0257498
0.0264455
0.027109
0.0278059
0.0285602
0.0293315
0.0300866
0.030856
0.0316666
0.0324924
0.0332997
0.0340921
0.0349115
0.0357637
0.0366519
0.0375649
0.0384997
0.0394361
0.0403841
0.0413356
0.0423043
0.0433013
0.0443085
0.0453379
0.0463965
0.0474796
0.0485664
0.0496967
0.0508338
0.0519989
0.0531804
0.0544007
0.055636
0.056908
0.0581967
0.0595217
0.0608682
0.0622429
0.0636479
0.0650471
0.0665022
0.0679629
0.0694882
0.0710115
0.0725596
0.0741333
0.0757207
0.07737
0.0790322
0.0807213
0.0824523
0.0841912
0.0859809
0.0877713
0.0896035
0.0913336
0.0928827
0.00555065
0.00634567
0.00669351
0.00679841
0.00720391
0.00769084
0.0078204
0.00796974
0.00826192
0.00817617
0.00789935
0.00812918
0.0087881
0.00930391
0.00950917
0.00972669
0.010295
0.011042
0.0115216
0.0117751
0.0121929
0.0128131
0.0133832
0.0138331
0.0142841
0.0148123
0.0153822
0.0159354
0.0164726
0.0170368
0.0176179
0.018189
0.0187734
0.0194124
0.020066
0.0206718
0.0212361
0.0218428
0.0225237
0.0231999
0.0238042
0.0243893
0.0250441
0.0257596
0.0264573
0.027117
0.0278109
0.0285672
0.0293402
0.030092
0.0308581
0.0316689
0.0324948
0.0333003
0.0340939
0.0349176
0.035772
0.0366585
0.0375684
0.0385015
0.0394371
0.0403849
0.0413377
0.0423075
0.0433039
0.0443115
0.0453419
0.0464
0.0474823
0.0485697
0.0497
0.0508367
0.052002
0.0531838
0.0544043
0.0556395
0.0569112
0.0581994
0.0595241
0.0608704
0.0622444
0.063649
0.0650485
0.066504
0.0679641
0.0694886
0.0710114
0.0725601
0.074134
0.0757218
0.0773711
0.0790324
0.0807219
0.0824529
0.0841918
0.0859825
0.0877728
0.0896082
0.0913409
0.0928896
0.00553191
0.00648193
0.00686957
0.00687686
0.00720142
0.0078366
0.00812474
0.00816833
0.00836469
0.00838332
0.00813585
0.00825037
0.0088592
0.00940603
0.00963148
0.00981899
0.0103286
0.011077
0.0116072
0.0118565
0.0122328
0.0128525
0.0134421
0.0138857
0.0143195
0.0148414
0.0154111
0.0159664
0.0165044
0.0170639
0.0176389
0.0182061
0.0187874
0.0194246
0.0200779
0.0206821
0.0212422
0.0218453
0.0225278
0.0232085
0.0238123
0.0243931
0.0250484
0.0257694
0.0264695
0.0271253
0.0278159
0.0285743
0.0293491
0.0300977
0.0308602
0.0316714
0.0324977
0.0333014
0.0340959
0.0349237
0.0357802
0.036665
0.0375721
0.0385035
0.0394383
0.0403858
0.0413401
0.0423108
0.0433066
0.0443145
0.045346
0.0464036
0.0474852
0.0485732
0.0497035
0.0508397
0.0520052
0.0531874
0.0544081
0.0556431
0.0569146
0.0582022
0.0595266
0.0608726
0.0622461
0.0636501
0.06505
0.0665058
0.0679654
0.069489
0.0710114
0.0725605
0.0741346
0.0757229
0.0773722
0.0790327
0.0807226
0.0824536
0.0841923
0.0859843
0.0877746
0.089613
0.0913485
0.0928967
0.00545869
0.0066008
0.0070834
0.00701372
0.00719765
0.00790569
0.00840997
0.00843456
0.00847332
0.00853072
0.00837654
0.00841523
0.00893354
0.00949442
0.00975466
0.00992828
0.010376
0.0111009
0.0116826
0.0119504
0.0122806
0.0128847
0.0135011
0.0139476
0.0143581
0.0148698
0.0154421
0.0159981
0.0165359
0.0170932
0.0176618
0.0182236
0.0188022
0.0194376
0.0200905
0.0206935
0.0212492
0.0218483
0.0225325
0.0232177
0.023821
0.0243973
0.0250527
0.0257794
0.0264821
0.027134
0.027821
0.0285815
0.0293585
0.0301037
0.0308624
0.0316741
0.032501
0.0333029
0.034098
0.0349297
0.0357882
0.0366714
0.0375759
0.0385058
0.0394397
0.0403869
0.0413425
0.0423142
0.0433094
0.0443175
0.0453502
0.0464073
0.0474881
0.0485768
0.0497071
0.0508428
0.0520086
0.0531911
0.0544119
0.0556469
0.056918
0.0582051
0.0595292
0.0608748
0.0622478
0.0636514
0.0650515
0.0665077
0.0679667
0.0694895
0.0710115
0.072561
0.0741352
0.075724
0.0773734
0.0790329
0.0807232
0.0824544
0.0841929
0.0859863
0.0877765
0.0896178
0.0913565
0.0929041
0.00532882
0.00667603
0.00731643
0.00721619
0.00722479
0.00790927
0.00863767
0.00875084
0.00862981
0.00863072
0.00858417
0.00862062
0.00903336
0.00956847
0.00986783
0.01005
0.0104452
0.011122
0.0117405
0.0120514
0.0123433
0.0129114
0.0135542
0.0140187
0.0144042
0.0148963
0.0154733
0.0160325
0.0165672
0.0171231
0.0176874
0.0182422
0.0188173
0.0194513
0.0201037
0.0207059
0.0212573
0.0218519
0.0225375
0.0232275
0.0238305
0.024402
0.025057
0.0257893
0.0264952
0.0271431
0.027826
0.0285886
0.0293682
0.0301101
0.0308647
0.0316769
0.0325048
0.0333049
0.0341004
0.0349357
0.0357962
0.0366778
0.0375798
0.0385083
0.0394413
0.0403882
0.0413451
0.0423177
0.0433123
0.0443207
0.0453545
0.0464112
0.0474911
0.0485806
0.0497109
0.050846
0.0520121
0.0531949
0.054416
0.0556507
0.0569216
0.0582081
0.0595319
0.0608772
0.0622497
0.0636527
0.0650531
0.0665096
0.067968
0.0694901
0.0710117
0.0725615
0.0741359
0.0757251
0.0773747
0.0790332
0.0807239
0.0824554
0.0841936
0.0859883
0.0877787
0.0896228
0.0913648
0.0929119
0.00515668
0.00668396
0.00754369
0.00747953
0.00731214
0.00787685
0.00878051
0.00907855
0.00886068
0.00872103
0.00873082
0.00883703
0.00917834
0.00964415
0.00996127
0.0101728
0.0105398
0.0111533
0.0117783
0.0121485
0.0124255
0.0129397
0.0135957
0.0140945
0.0144625
0.0149231
0.0155016
0.0160703
0.0166003
0.0171521
0.017715
0.0182633
0.0188327
0.0194655
0.0201178
0.0207193
0.0212669
0.0218562
0.0225426
0.0232381
0.0238409
0.0244072
0.0250614
0.0257994
0.0265087
0.027153
0.0278312
0.0285956
0.0293784
0.0301171
0.0308671
0.0316799
0.0325092
0.0333073
0.0341029
0.0349416
0.035804
0.0366842
0.0375839
0.0385111
0.0394432
0.0403898
0.0413478
0.0423214
0.0433153
0.044324
0.0453591
0.0464152
0.0474942
0.0485845
0.0497149
0.0508494
0.0520156
0.0531988
0.0544201
0.0556546
0.0569252
0.0582112
0.0595346
0.0608797
0.0622516
0.0636542
0.0650547
0.0665115
0.0679694
0.0694907
0.0710119
0.072562
0.0741365
0.0757263
0.077376
0.0790336
0.0807246
0.0824566
0.0841942
0.0859905
0.0877812
0.0896278
0.0913734
0.0929199
0.00497611
0.00661331
0.00773429
0.00778651
0.00747835
0.00784619
0.00883203
0.00937392
0.00916262
0.00884636
0.00882115
0.00902483
0.00936676
0.0097467
0.0100366
0.0102811
0.010653
0.011209
0.0118038
0.0122285
0.0125246
0.01298
0.0136241
0.0141673
0.0145348
0.0149554
0.0155245
0.016109
0.0166381
0.0171803
0.0177425
0.0182877
0.0188495
0.0194794
0.0201326
0.0207337
0.0212777
0.0218614
0.0225478
0.0232493
0.0238526
0.0244128
0.0250657
0.0258094
0.0265227
0.0271634
0.0278365
0.0286023
0.0293888
0.0301247
0.0308697
0.031683
0.032514
0.0333104
0.0341056
0.0349475
0.0358117
0.0366906
0.0375881
0.0385141
0.0394454
0.0403915
0.0413506
0.0423252
0.0433184
0.0443273
0.0453637
0.0464194
0.0474974
0.0485885
0.0497191
0.0508529
0.0520194
0.0532028
0.0544245
0.0556587
0.0569289
0.0582144
0.0595375
0.0608822
0.0622537
0.0636557
0.0650564
0.0665135
0.0679708
0.0694915
0.0710122
0.0725626
0.0741372
0.0757275
0.0773773
0.079034
0.0807253
0.0824579
0.0841949
0.0859928
0.0877837
0.0896329
0.0913823
0.0929283
0.00482664
0.00647499
0.00785726
0.00810926
0.0077272
0.0078563
0.00881017
0.00959776
0.0095056
0.00904284
0.00889018
0.00915138
0.00956807
0.00989795
0.0101138
0.0103622
0.0107683
0.0112974
0.0118337
0.0122828
0.0126283
0.013042
0.0136452
0.0142286
0.0146185
0.0149992
0.0155434
0.0161443
0.0166815
0.0172108
0.0177678
0.0183143
0.0188694
0.0194932
0.0201472
0.0207494
0.0212899
0.0218676
0.0225532
0.0232609
0.0238656
0.0244194
0.0250697
0.0258193
0.0265373
0.0271746
0.027842
0.0286088
0.0293994
0.0301328
0.0308726
0.0316862
0.0325193
0.033314
0.0341086
0.0349534
0.0358193
0.0366971
0.0375924
0.0385172
0.0394479
0.0403936
0.0413537
0.042329
0.0433216
0.0443308
0.0453685
0.0464237
0.0475008
0.0485927
0.0497234
0.0508566
0.0520232
0.053207
0.054429
0.0556628
0.0569328
0.0582178
0.0595405
0.0608849
0.0622558
0.0636573
0.0650581
0.0665155
0.0679722
0.0694923
0.0710126
0.0725632
0.0741379
0.0757288
0.0773787
0.0790345
0.080726
0.0824594
0.0841957
0.0859952
0.0877868
0.0896381
0.0913914
0.0929371
0.00473811
0.00630161
0.00789385
0.00841274
0.00804736
0.00793922
0.00875119
0.00972603
0.00984717
0.00932038
0.00898226
0.00921549
0.00974073
0.0100966
0.0102223
0.0104189
0.0108638
0.0114124
0.0118885
0.0123155
0.0127192
0.0131281
0.0136712
0.0142725
0.0147059
0.0150591
0.0155627
0.0161729
0.0167282
0.0172471
0.0177915
0.0183403
0.0188936
0.0195085
0.0201608
0.0207661
0.0213041
0.0218748
0.0225588
0.0232727
0.0238799
0.024427
0.0250735
0.0258288
0.0265524
0.0271867
0.0278478
0.0286152
0.0294103
0.0301415
0.0308759
0.0316895
0.0325251
0.0333183
0.0341119
0.0349591
0.0358269
0.0367036
0.0375968
0.0385206
0.0394506
0.0403959
0.0413569
0.0423331
0.043325
0.0443344
0.0453734
0.0464283
0.0475043
0.048597
0.0497279
0.0508604
0.0520272
0.0532113
0.0544336
0.0556671
0.0569366
0.0582212
0.0595435
0.0608876
0.0622581
0.063659
0.0650598
0.0665176
0.0679737
0.0694932
0.0710131
0.0725638
0.0741386
0.0757302
0.07738
0.0790351
0.0807267
0.0824611
0.0841966
0.0859977
0.0877904
0.0896435
0.0914007
0.0929462
0.00472201
0.00613232
0.00784809
0.00866067
0.00841255
0.00811298
0.00869839
0.00975797
0.0101418
0.00966019
0.00913784
0.00924838
0.00984928
0.0103106
0.0103877
0.0104757
0.0109217
0.0115325
0.0119833
0.0123455
0.012782
0.0132282
0.013716
0.0143007
0.014787
0.0151356
0.0155887
0.0161942
0.0167739
0.0172904
0.0178164
0.0183634
0.0189207
0.0195276
0.0201734
0.0207824
0.0213206
0.0218834
0.0225645
0.023285
0.0238954
0.0244361
0.0250774
0.0258377
0.0265679
0.0271998
0.0278539
0.0286214
0.0294213
0.0301508
0.0308794
0.031693
0.0325312
0.0333231
0.0341155
0.0349649
0.0358343
0.0367102
0.0376015
0.0385242
0.0394535
0.0403984
0.0413602
0.0423372
0.0433285
0.0443381
0.0453785
0.046433
0.0475079
0.0486014
0.0497326
0.0508645
0.0520313
0.0532157
0.0544385
0.0556714
0.0569406
0.0582247
0.0595467
0.0608905
0.0622605
0.0636608
0.0650617
0.0665197
0.0679752
0.0694941
0.0710137
0.0725645
0.0741393
0.0757316
0.0773814
0.0790358
0.0807275
0.0824629
0.0841977
0.0860002
0.0877943
0.089649
0.0914101
0.0929557
0.00477506
0.00599873
0.00774605
0.00882635
0.00878526
0.00837803
0.00869534
0.00971921
0.0103526
0.0100249
0.00937631
0.00929229
0.00988786
0.0104963
0.0106096
0.0105669
0.010943
0.0116289
0.0121152
0.0123984
0.0128148
0.0133219
0.0137883
0.0143248
0.0148519
0.0152241
0.0156277
0.0162105
0.016815
0.0173396
0.0178462
0.0183836
0.0189476
0.0195517
0.020187
0.0207969
0.0213389
0.0218943
0.0225702
0.0232973
0.0239122
0.0244465
0.0250814
0.0258458
0.0265838
0.0272142
0.0278603
0.0286273
0.0294327
0.0301606
0.0308831
0.0316967
0.0325378
0.0333284
0.0341193
0.0349706
0.0358417
0.0367168
0.0376063
0.0385281
0.0394568
0.0404013
0.0413638
0.0423416
0.043332
0.0443418
0.0453838
0.0464379
0.0475116
0.048606
0.0497375
0.0508687
0.0520355
0.0532203
0.0544434
0.0556759
0.0569447
0.0582284
0.05955
0.0608935
0.062263
0.0636627
0.0650636
0.0665218
0.0679768
0.0694952
0.0710143
0.0725652
0.07414
0.0757331
0.0773828
0.0790366
0.0807284
0.0824648
0.084199
0.0860027
0.0877986
0.0896546
0.0914196
0.0929655
0.00489009
0.00591667
0.00762198
0.00890358
0.00912418
0.00871447
0.00877422
0.00965216
0.0104639
0.0103697
0.00969007
0.00938876
0.00988406
0.0106156
0.0108555
0.010724
0.0109555
0.0116766
0.0122601
0.0124964
0.0128356
0.0133887
0.0138823
0.0143607
0.0148969
0.0153151
0.0156839
0.0162257
0.0168493
0.0173919
0.0178823
0.0184034
0.0189721
0.0195798
0.0202042
0.0208098
0.0213572
0.021908
0.0225764
0.0233093
0.0239304
0.0244586
0.0250858
0.0258532
0.0265996
0.0272298
0.0278673
0.0286328
0.0294444
0.0301713
0.0308871
0.0317004
0.0325451
0.0333346
0.0341234
0.0349763
0.0358491
0.0367235
0.0376113
0.0385323
0.0394603
0.0404042
0.0413675
0.0423462
0.0433359
0.0443456
0.0453892
0.046443
0.0475155
0.0486106
0.0497427
0.0508731
0.0520399
0.053225
0.0544486
0.0556805
0.0569488
0.0582321
0.0595534
0.0608965
0.0622656
0.0636647
0.0650655
0.066524
0.0679785
0.0694964
0.0710151
0.0725659
0.0741408
0.0757348
0.0773842
0.0790375
0.0807293
0.0824669
0.0842005
0.0860053
0.0878032
0.0896605
0.0914291
0.0929756
0.00506187
0.00589054
0.00750481
0.00890908
0.00939605
0.00908566
0.00894547
0.00960352
0.0104875
0.0106507
0.010048
0.00956282
0.00987779
0.0106581
0.0110799
0.0109516
0.0109991
0.0116721
0.0123841
0.0126432
0.0128731
0.0134201
0.0139783
0.0144224
0.0149296
0.0153971
0.0157583
0.0162456
0.0168752
0.0174454
0.0179249
0.0184248
0.0189938
0.0196092
0.0202263
0.0208229
0.0213738
0.021924
0.0225843
0.0233205
0.0239497
0.0244728
0.0250906
0.02586
0.0266154
0.0272465
0.027875
0.0286381
0.0294562
0.0301829
0.0308914
0.0317039
0.0325529
0.0333415
0.0341278
0.0349818
0.0358565
0.0367303
0.0376164
0.0385367
0.0394643
0.0404075
0.0413713
0.0423509
0.0433399
0.0443495
0.0453947
0.0464484
0.0475195
0.0486154
0.0497479
0.0508776
0.0520444
0.0532299
0.054454
0.0556852
0.056953
0.058236
0.059557
0.0608998
0.0622684
0.0636668
0.0650675
0.0665262
0.0679802
0.0694976
0.0710159
0.0725668
0.0741416
0.0757366
0.0773856
0.0790385
0.0807304
0.082469
0.0842022
0.086008
0.0878082
0.0896667
0.0914387
0.092986
0.00528267
0.00592246
0.00741226
0.00887112
0.00958742
0.00945114
0.00919867
0.00961252
0.0104587
0.0108419
0.0104082
0.00981623
0.00990949
0.0106452
0.011241
0.0112179
0.0111105
0.0116422
0.0124539
0.0128157
0.0129546
0.0134291
0.0140527
0.0145099
0.014965
0.015461
0.0158451
0.0162775
0.0168923
0.0174975
0.017975
0.0184484
0.0190132
0.0196383
0.0202528
0.0208386
0.0213888
0.0219405
0.0225947
0.0233318
0.0239693
0.0244892
0.025096
0.025866
0.0266314
0.0272641
0.0278833
0.0286429
0.029468
0.0301955
0.0308962
0.0317071
0.0325611
0.0333495
0.0341325
0.0349871
0.035864
0.0367374
0.0376216
0.0385414
0.0394686
0.040411
0.0413753
0.0423559
0.0433441
0.0443535
0.0454004
0.0464539
0.0475237
0.0486203
0.0497535
0.0508824
0.0520491
0.0532348
0.0544595
0.05569
0.0569573
0.05824
0.0595606
0.0609031
0.0622713
0.063669
0.0650697
0.0665284
0.0679819
0.0694991
0.0710168
0.0725677
0.0741424
0.0757385
0.077387
0.0790396
0.0807316
0.0824712
0.0842043
0.0860107
0.0878136
0.0896732
0.0914483
0.0929966
0.00553543
0.00601474
0.00735378
0.0088145
0.00970448
0.00977668
0.00950688
0.00969868
0.0104199
0.0109442
0.0107275
0.010127
0.0100083
0.0106147
0.0113234
0.0114775
0.011303
0.0116303
0.012459
0.0129776
0.0130916
0.013444
0.0140912
0.0146076
0.0150194
0.015508
0.0159333
0.0163274
0.0169027
0.0175431
0.0180344
0.0184757
0.0190294
0.0196671
0.0202828
0.020858
0.0214035
0.0219559
0.0226069
0.023344
0.0239892
0.0245076
0.0251024
0.0258711
0.0266474
0.0272831
0.0278923
0.0286475
0.0294797
0.0302092
0.0309018
0.0317099
0.0325693
0.0333586
0.0341377
0.0349921
0.0358715
0.0367447
0.037627
0.0385464
0.0394733
0.0404148
0.0413793
0.042361
0.0433487
0.0443576
0.0454061
0.0464596
0.047528
0.0486254
0.0497592
0.0508875
0.0520539
0.05324
0.0544653
0.0556949
0.0569617
0.0582441
0.0595645
0.0609066
0.0622743
0.0636712
0.0650718
0.0665308
0.0679838
0.0695006
0.0710178
0.0725687
0.0741432
0.0757406
0.0773884
0.0790407
0.0807331
0.0824734
0.0842067
0.0860135
0.0878192
0.08968
0.0914579
0.0930075
0.00579649
0.00616656
0.00733845
0.00875714
0.00976378
0.010041
0.00983619
0.00986064
0.0104087
0.0109827
0.0109756
0.0104581
0.010181
0.0106053
0.0113404
0.0116862
0.011551
0.0116782
0.0124215
0.0130912
0.0132671
0.0134951
0.0141
0.0146925
0.015099
0.0155496
0.0160117
0.016397
0.0169142
0.0175756
0.0181024
0.0185118
0.0190408
0.0196942
0.0203168
0.0208809
0.0214192
0.0219701
0.022619
0.0233578
0.02401
0.0245274
0.0251101
0.0258755
0.0266632
0.0273036
0.0279021
0.0286515
0.0294913
0.0302239
0.0309083
0.0317125
0.0325774
0.0333686
0.0341437
0.0349969
0.0358787
0.0367523
0.0376326
0.0385514
0.0394783
0.040419
0.0413835
0.0423661
0.0433534
0.044362
0.0454122
0.0464655
0.0475324
0.0486304
0.0497651
0.0508927
0.0520588
0.0532452
0.0544712
0.0557
0.0569662
0.0582484
0.0595684
0.0609101
0.0622775
0.0636736
0.0650741
0.0665332
0.0679857
0.0695023
0.0710187
0.0725698
0.074144
0.0757428
0.0773898
0.0790418
0.0807349
0.0824756
0.0842094
0.0860165
0.0878249
0.0896872
0.0914674
0.0930185
0.00604126
0.00636694
0.00737604
0.00871327
0.00978443
0.0102377
0.0101537
0.0100832
0.0104487
0.0109916
0.0111473
0.0107709
0.0104132
0.0106451
0.0113239
0.0118215
0.0118114
0.0118051
0.0123826
0.0131383
0.0134463
0.0135989
0.0141029
0.0147464
0.0151934
0.0156005
0.0160745
0.0164795
0.0169377
0.0175912
0.0181717
0.0185635
0.019048
0.0197144
0.0203556
0.0209086
0.0214364
0.0219846
0.02263
0.0233721
0.0240331
0.0245484
0.0251181
0.0258796
0.0266787
0.0273257
0.0279131
0.0286546
0.0295025
0.03024
0.0309157
0.0317148
0.0325854
0.0333794
0.0341505
0.0350017
0.0358858
0.0367602
0.0376386
0.0385567
0.0394835
0.0404235
0.0413879
0.0423716
0.0433583
0.0443664
0.0454184
0.0464717
0.047537
0.0486356
0.0497713
0.0508982
0.0520638
0.0532505
0.0544773
0.0557051
0.0569707
0.0582527
0.0595725
0.0609138
0.0622807
0.0636761
0.0650763
0.0665356
0.0679876
0.0695043
0.0710197
0.072571
0.074145
0.075745
0.0773914
0.079043
0.080737
0.0824777
0.0842124
0.0860197
0.0878309
0.0896947
0.091477
0.0930296
0.00625172
0.00659375
0.00747054
0.00869751
0.00978598
0.0103726
0.0104321
0.0103401
0.0105461
0.0110023
0.0112571
0.0110391
0.0106784
0.0107459
0.0113093
0.011889
0.0120413
0.0119965
0.012385
0.013133
0.0135928
0.013748
0.0141293
0.0147696
0.0152845
0.0156705
0.0161262
0.016563
0.016981
0.0175942
0.0182304
0.018635
0.0190592
0.0197214
0.0203966
0.0209445
0.0214546
0.0219993
0.0226402
0.0233853
0.024059
0.0245724
0.0251263
0.0258825
0.0266939
0.0273494
0.0279258
0.0286567
0.0295129
0.0302577
0.0309245
0.0317169
0.0325933
0.0333908
0.0341579
0.0350065
0.0358927
0.036768
0.0376448
0.0385624
0.039489
0.0404282
0.0413924
0.0423772
0.0433635
0.044371
0.0454248
0.0464782
0.0475415
0.0486408
0.0497777
0.0509041
0.052069
0.0532559
0.0544835
0.0557103
0.0569754
0.0582572
0.0595767
0.0609176
0.0622842
0.0636788
0.0650787
0.0665382
0.0679896
0.0695063
0.0710207
0.0725723
0.074146
0.0757473
0.0773931
0.0790441
0.0807395
0.0824799
0.0842155
0.0860233
0.0878369
0.0897026
0.0914866
0.0930408
0.00642179
0.00682329
0.00761503
0.00872296
0.00978936
0.0104635
0.010657
0.0106023
0.0106941
0.0110361
0.0113261
0.0112511
0.0109467
0.0109009
0.0113249
0.0119137
0.0122138
0.0122159
0.0124504
0.0131087
0.0136832
0.0139129
0.0141973
0.0147778
0.0153547
0.0157571
0.0161784
0.0166379
0.0170446
0.017597
0.0182677
0.0187209
0.0190877
0.0197139
0.020431
0.0209919
0.0214773
0.0220125
0.02265
0.0233964
0.0240859
0.024601
0.0251354
0.0258836
0.0267087
0.027375
0.0279404
0.0286579
0.0295215
0.0302766
0.030935
0.0317185
0.0326009
0.0334033
0.0341658
0.0350114
0.0358998
0.0367761
0.0376512
0.0385684
0.0394948
0.0404331
0.0413971
0.0423832
0.0433689
0.0443754
0.0454313
0.0464851
0.0475464
0.0486458
0.0497842
0.0509101
0.0520743
0.0532614
0.0544901
0.0557157
0.0569801
0.0582619
0.0595811
0.0609215
0.0622877
0.0636816
0.065081
0.0665409
0.0679917
0.0695087
0.0710217
0.0725737
0.0741473
0.0757496
0.0773949
0.0790451
0.0807423
0.0824822
0.0842188
0.0860273
0.0878429
0.0897107
0.0914964
0.093052
0.00655213
0.00703639
0.0077914
0.00879256
0.00980991
0.0105309
0.0108309
0.0108452
0.0108774
0.0111052
0.0113764
0.0114076
0.0111918
0.0110894
0.0113833
0.0119256
0.0123288
0.0124288
0.012576
0.0131038
0.0137235
0.0140622
0.0143067
0.0147941
0.0153975
0.0158472
0.0162412
0.0167025
0.0171206
0.017613
0.0182814
0.0188054
0.0191432
0.0197008
0.0204472
0.0210477
0.0215114
0.0220244
0.022658
0.0234064
0.0241124
0.0246339
0.025147
0.0258815
0.0267219
0.0274033
0.0279577
0.0286587
0.0295283
0.0302966
0.030948
0.03172
0.0326078
0.0334167
0.0341741
0.0350161
0.0359071
0.0367846
0.0376576
0.0385747
0.0395012
0.0404382
0.0414018
0.0423896
0.0433748
0.0443799
0.0454376
0.0464922
0.0475516
0.0486509
0.049791
0.0509165
0.0520797
0.0532669
0.0544967
0.0557212
0.056985
0.0582668
0.0595856
0.0609256
0.0622912
0.0636846
0.0650834
0.0665438
0.0679938
0.0695112
0.0710227
0.0725752
0.0741488
0.0757518
0.077397
0.0790462
0.0807454
0.0824846
0.0842221
0.0860317
0.087849
0.0897191
0.0915062
0.0930632
0.00664632
0.00722175
0.00797965
0.00889834
0.00985258
0.0105905
0.0109662
0.0110548
0.0110757
0.0112139
0.0114329
0.011524
0.0114006
0.0112884
0.0114782
0.0119453
0.0123981
0.0126079
0.0127374
0.0131412
0.0137384
0.0141739
0.0144394
0.0148373
0.0154206
0.0159256
0.0163155
0.016761
0.0171982
0.0176488
0.0182808
0.0188725
0.0192254
0.0196997
0.02044
0.0211001
0.0215623
0.0220398
0.0226609
0.0234146
0.0241388
0.0246709
0.0251638
0.0258771
0.0267313
0.027434
0.0279785
0.0286586
0.0295326
0.030317
0.0309633
0.0317219
0.0326139
0.0334308
0.0341836
0.0350206
0.0359161
0.0367938
0.0376643
0.0385808
0.039508
0.0404438
0.0414062
0.042396
0.0433813
0.0443845
0.0454441
0.0464996
0.0475569
0.0486559
0.0497979
0.0509233
0.0520853
0.0532726
0.0545035
0.0557266
0.0569898
0.0582717
0.0595902
0.06093
0.0622949
0.0636878
0.0650857
0.0665468
0.067996
0.0695139
0.0710239
0.0725766
0.0741506
0.0757539
0.0773994
0.0790473
0.0807487
0.0824872
0.0842255
0.0860367
0.0878551
0.0897275
0.0915163
0.0930744
0.00671032
0.00737565
0.00816549
0.00903102
0.00991726
0.0106491
0.0110746
0.0112258
0.0112644
0.0113498
0.0115099
0.0116192
0.0115739
0.0114836
0.0116001
0.0119846
0.0124407
0.0127421
0.0129059
0.0132218
0.0137557
0.0142464
0.0145706
0.0149143
0.0154415
0.0159859
0.0163968
0.0168211
0.0172717
0.017703
0.0182802
0.0189124
0.0193183
0.0197262
0.020418
0.0211345
0.0216282
0.0220684
0.0226586
0.023417
0.0241647
0.0247111
0.0251858
0.0258721
0.0267355
0.0274661
0.028005
0.0286586
0.0295336
0.0303376
0.0309812
0.0317245
0.032619
0.0334451
0.0341941
0.0350247
0.035924
0.0368041
0.0376718
0.0385866
0.0395148
0.0404499
0.0414109
0.0424026
0.0433882
0.0443891
0.0454504
0.0465072
0.0475627
0.048661
0.0498051
0.0509302
0.0520909
0.0532783
0.0545107
0.0557325
0.0569948
0.0582768
0.0595947
0.0609343
0.0622985
0.0636912
0.0650882
0.06655
0.0679983
0.0695166
0.0710252
0.072578
0.0741528
0.0757558
0.0774019
0.0790486
0.0807521
0.0824901
0.0842287
0.0860421
0.0878616
0.0897359
0.0915264
0.0930857
0.00675279
0.00750039
0.00834198
0.00918606
0.0100089
0.010715
0.0111683
0.0113655
0.011429
0.0114912
0.0116044
0.0117069
0.0117164
0.0116661
0.0117405
0.0120487
0.0124776
0.0128375
0.0130606
0.013333
0.0137949
0.0142954
0.0146799
0.0150142
0.0154745
0.0160269
0.0164751
0.0168858
0.0173403
0.0177702
0.018292
0.0189287
0.0194025
0.0197833
0.0203988
0.0211409
0.021695
0.0221185
0.0226584
0.0234088
0.0241885
0.0247568
0.0252134
0.0258673
0.0267337
0.0274968
0.0280381
0.0286605
0.0295301
0.0303576
0.0310022
0.0317279
0.0326231
0.0334599
0.0342057
0.0350288
0.0359301
0.0368147
0.0376805
0.0385926
0.0395212
0.0404564
0.0414157
0.0424092
0.0433957
0.0443942
0.0454567
0.0465148
0.0475683
0.0486659
0.0498125
0.0509377
0.0520966
0.0532839
0.0545177
0.0557383
0.0569999
0.0582823
0.0595996
0.0609391
0.0623023
0.0636947
0.0650904
0.0665531
0.0680008
0.0695193
0.0710267
0.0725792
0.0741555
0.0757576
0.0774045
0.0790502
0.0807555
0.0824935
0.0842319
0.0860478
0.0878681
0.0897443
0.0915368
0.093097
0.00678412
0.00759592
0.00849722
0.0093505
0.010127
0.0107951
0.0112573
0.0114867
0.0115715
0.0116243
0.0117069
0.0117927
0.0118328
0.0118258
0.0118857
0.0121321
0.0125194
0.0129053
0.0131879
0.0134553
0.0138585
0.0143395
0.0147629
0.0151194
0.015529
0.0160576
0.0165423
0.0169534
0.0174034
0.0178424
0.0183215
0.0189342
0.0194668
0.0198613
0.0204017
0.0211265
0.0217451
0.0221875
0.0226723
0.0233884
0.0242018
0.0248089
0.0252498
0.025863
0.0267261
0.0275244
0.0280774
0.0286667
0.0295219
0.0303755
0.0310269
0.0317323
0.0326258
0.033475
0.0342186
0.035033
0.0359354
0.036825
0.0376903
0.0385991
0.0395274
0.040463
0.0414208
0.042416
0.0434035
0.0443994
0.0454631
0.0465228
0.0475745
0.0486707
0.0498201
0.0509454
0.0521021
0.0532897
0.054525
0.0557443
0.0570048
0.0582877
0.059604
0.0609438
0.0623061
0.0636986
0.0650932
0.0665565
0.0680037
0.069522
0.0710285
0.0725804
0.0741584
0.0757594
0.0774072
0.0790522
0.0807588
0.082497
0.0842353
0.086054
0.087875
0.0897525
0.0915471
0.0931083
0.00681879
0.00766769
0.00862049
0.00950308
0.0102595
0.0108888
0.0113444
0.0115933
0.0116956
0.0117435
0.0118074
0.0118779
0.0119307
0.0119603
0.0120262
0.0122312
0.0125739
0.0129607
0.0132889
0.0135749
0.0139408
0.0143916
0.0148292
0.0152153
0.015603
0.0160906
0.0165962
0.017022
0.0174624
0.0179131
0.0183657
0.0189382
0.0195072
0.0199416
0.0204334
0.0211102
0.0217693
0.0222616
0.0227119
0.0233664
0.0241961
0.0248624
0.0253002
0.0258605
0.0267106
0.0275481
0.0281221
0.0286788
0.0295103
0.0303895
0.031055
0.0317387
0.0326263
0.0334902
0.0342334
0.0350375
0.03594
0.0368348
0.0377008
0.0386063
0.0395337
0.0404693
0.0414257
0.0424232
0.043412
0.0444045
0.0454691
0.046531
0.0475808
0.0486756
0.0498283
0.0509539
0.0521076
0.0532952
0.0545321
0.0557506
0.05701
0.0582936
0.0596088
0.0609488
0.0623099
0.0637022
0.0650957
0.0665595
0.0680069
0.0695246
0.0710306
0.0725818
0.0741617
0.0757613
0.0774097
0.0790548
0.080762
0.0825009
0.0842387
0.0860601
0.0878821
0.0897608
0.0915575
0.0931196
0.00687121
0.0077345
0.00872167
0.00963631
0.0103966
0.0109971
0.0114348
0.0116895
0.0118046
0.0118498
0.0118992
0.0119601
0.0120159
0.01207
0.0121507
0.0123345
0.0126397
0.0130121
0.013369
0.0136829
0.0140331
0.0144554
0.01489
0.015297
0.0156845
0.0161334
0.0166375
0.0170869
0.0175208
0.0179793
0.0184228
0.0189502
0.01953
0.0200105
0.0204848
0.0211071
0.0217715
0.0223214
0.0227745
0.0233591
0.0241697
0.0249057
0.0253693
0.0258667
0.0266834
0.027565
0.0281728
0.0286973
0.0294965
0.0303992
0.0310857
0.0317483
0.0326243
0.0335043
0.0342505
0.0350425
0.0359437
0.0368444
0.0377118
0.038614
0.0395407
0.0404759
0.0414302
0.0424303
0.0434212
0.0444099
0.0454749
0.0465395
0.0475871
0.0486797
0.049836
0.0509627
0.0521132
0.0533013
0.0545396
0.0557573
0.0570152
0.0582995
0.0596137
0.0609539
0.0623142
0.0637061
0.0650988
0.0665625
0.0680103
0.0695269
0.0710326
0.0725831
0.0741649
0.0757633
0.0774121
0.0790578
0.0807653
0.0825049
0.0842425
0.0860664
0.0878896
0.0897688
0.0915677
0.0931309
0.00694221
0.00780554
0.00881008
0.00974692
0.0105227
0.0111113
0.0115292
0.0117793
0.0118998
0.0119448
0.0119809
0.0120351
0.0120914
0.012159
0.0122546
0.0124303
0.0127109
0.0130631
0.0134331
0.0137741
0.014124
0.0145266
0.0149515
0.0153695
0.0157656
0.0161894
0.0166744
0.017143
0.0175789
0.0180376
0.0184848
0.0189745
0.0195438
0.0200642
0.0205438
0.0211251
0.0217691
0.0223569
0.0228438
0.0233788
0.0241334
0.0249231
0.0254509
0.025894
0.026646
0.0275685
0.0282304
0.0287246
0.0294804
0.0304035
0.0311183
0.0317618
0.0326204
0.0335166
0.0342703
0.0350489
0.0359463
0.0368535
0.0377232
0.0386218
0.0395481
0.0404831
0.0414343
0.0424374
0.0434315
0.0444156
0.0454799
0.0465484
0.0475943
0.0486842
0.0498441
0.0509721
0.0521184
0.0533066
0.0545465
0.0557638
0.0570205
0.0583054
0.0596185
0.0609588
0.0623184
0.0637099
0.0651022
0.0665657
0.0680144
0.0695296
0.071035
0.0725849
0.0741684
0.0757655
0.0774143
0.0790613
0.0807684
0.0825089
0.0842464
0.0860726
0.0878973
0.089777
0.0915778
0.093142
0.00702903
0.00788392
0.0088929
0.00983903
0.0106272
0.0112172
0.0116215
0.011862
0.0119798
0.012025
0.0120506
0.0120971
0.0121564
0.0122331
0.0123419
0.0125154
0.0127827
0.0131179
0.0134886
0.0138505
0.0142065
0.0145985
0.0150127
0.0154339
0.0158396
0.0162517
0.0167137
0.0171902
0.0176374
0.0180925
0.0185464
0.019013
0.0195574
0.0201034
0.0205994
0.021157
0.0217751
0.0223749
0.0229025
0.0234246
0.024108
0.0249096
0.0255264
0.0259512
0.0266083
0.0275484
0.0282906
0.0287662
0.0294623
0.0304008
0.0311529
0.0317794
0.0326141
0.0335261
0.0342923
0.0350576
0.0359479
0.0368619
0.0377354
0.0386296
0.0395557
0.040491
0.0414377
0.0424436
0.0434427
0.0444223
0.0454844
0.0465575
0.0476019
0.0486882
0.0498519
0.050982
0.0521243
0.0533127
0.0545538
0.0557705
0.0570262
0.0583114
0.0596237
0.0609637
0.0623228
0.0637134
0.0651054
0.0665684
0.068018
0.0695321
0.0710372
0.0725871
0.0741718
0.0757681
0.0774167
0.0790655
0.0807719
0.082513
0.0842509
0.0860789
0.0879051
0.0897851
0.0915877
0.0931532
0.00713113
0.00797192
0.00897542
0.00991982
0.0107103
0.0113042
0.0117022
0.0119325
0.0120424
0.0120849
0.012105
0.0121437
0.0122071
0.012293
0.0124137
0.0125892
0.0128488
0.0131757
0.0135421
0.0139181
0.0142827
0.0146694
0.0150762
0.015494
0.0159052
0.0163118
0.0167533
0.0172267
0.0176868
0.0181422
0.0186003
0.0190603
0.0195788
0.0201335
0.0206502
0.0211959
0.0217928
0.0223889
0.0229432
0.0234795
0.0241092
0.0248795
0.0255764
0.0260359
0.0265907
0.0275005
0.0283404
0.0288278
0.0294468
0.0303868
0.0311892
0.0318033
0.0326055
0.0335315
0.0343162
0.0350693
0.035948
0.0368686
0.0377478
0.0386374
0.0395633
0.0405005
0.0414413
0.042449
0.0434545
0.0444293
0.0454873
0.0465661
0.0476103
0.0486924
0.0498594
0.0509918
0.0521299
0.0533184
0.0545609
0.0557772
0.057032
0.0583171
0.0596289
0.0609686
0.0623274
0.0637173
0.0651093
0.0665718
0.0680221
0.0695345
0.0710392
0.0725893
0.0741747
0.0757703
0.0774186
0.0790694
0.0807749
0.0825165
0.0842555
0.0860852
0.0879129
0.089793
0.0915973
0.093164
0.00725198
0.00807205
0.0090619
0.00999538
0.0107768
0.0113667
0.0117588
0.0119798
0.0120811
0.0121193
0.0121379
0.0121719
0.012239
0.0123361
0.0124699
0.0126533
0.0129083
0.0132314
0.0135944
0.0139766
0.0143502
0.0147343
0.0151383
0.0155515
0.0159648
0.016371
0.0167972
0.0172615
0.0177274
0.0181867
0.0186463
0.0191073
0.0196072
0.0201552
0.0206906
0.021235
0.0218162
0.0224062
0.022972
0.0235275
0.0241331
0.0248542
0.0255911
0.0261268
0.0266129
0.0274372
0.0283634
0.0289102
0.0294461
0.0303582
0.031223
0.0318372
0.0325958
0.0335315
0.0343415
0.0350854
0.0359493
0.036874
0.0377602
0.0386454
0.0395704
0.0405111
0.041445
0.042453
0.0434668
0.0444378
0.0454905
0.0465753
0.0476199
0.0486973
0.0498671
0.051002
0.0521365
0.0533245
0.0545681
0.055784
0.0570385
0.0583233
0.0596348
0.0609738
0.0623321
0.0637211
0.0651132
0.0665752
0.0680263
0.0695379
0.0710421
0.0725929
0.0741785
0.0757735
0.0774217
0.0790745
0.0807791
0.0825206
0.0842608
0.0860915
0.0879205
0.0898013
0.0916068
0.0931746
0.00739412
0.00818567
0.00915249
0.0100667
0.010829
0.0114026
0.0117814
0.01199
0.0120809
0.0121135
0.0121327
0.0121687
0.0122428
0.0123564
0.0125095
0.0127099
0.0129686
0.0132894
0.0136507
0.0140327
0.0144136
0.0147976
0.0151986
0.0156073
0.0160164
0.0164242
0.0168403
0.0172949
0.0177615
0.0182252
0.0186907
0.0191557
0.0196453
0.0201784
0.0207219
0.0212724
0.0218415
0.0224253
0.0229968
0.0235619
0.0241641
0.024845
0.0255771
0.0261934
0.026672
0.0273786
0.0283392
0.0289952
0.0294716
0.0303148
0.0312437
0.0318821
0.0325869
0.0335222
0.0343654
0.0351054
0.0359489
0.0368751
0.0377716
0.038654
0.0395772
0.0405227
0.0414499
0.0424557
0.0434789
0.044447
0.0454915
0.0465822
0.0476292
0.0487011
0.0498732
0.0510108
0.0521427
0.0533302
0.0545745
0.05579
0.0570442
0.0583284
0.0596398
0.0609782
0.0623361
0.0637247
0.0651168
0.0665783
0.0680293
0.0695397
0.0710434
0.0725952
0.0741809
0.0757753
0.0774237
0.0790783
0.0807822
0.0825237
0.0842659
0.0860979
0.087928
0.0898088
0.0916157
0.0931848
0.00756538
0.00832201
0.00925179
0.0101324
0.0108632
0.0114072
0.0117616
0.0119519
0.0120289
0.0120549
0.012076
0.0121209
0.0122095
0.0123466
0.0125282
0.0127535
0.0130253
0.0133461
0.0137046
0.0140821
0.0144677
0.0148583
0.015257
0.015662
0.016064
0.0164723
0.0168839
0.0173266
0.0177914
0.0182568
0.0187312
0.0192048
0.0196898
0.0202098
0.0207506
0.021309
0.0218739
0.0224515
0.0230277
0.0235944
0.0241973
0.0248599
0.0255638
0.0262337
0.0267602
0.0273633
0.0282818
0.0290653
0.0295403
0.0302751
0.031244
0.0319399
0.0325894
0.0335049
0.0343874
0.0351321
0.0359542
0.0368759
0.0377811
0.0386624
0.0395837
0.0405347
0.0414561
0.0424577
0.0434904
0.0444582
0.0454946
0.0465904
0.047641
0.0487076
0.0498804
0.0510206
0.0521508
0.0533371
0.0545815
0.0557972
0.0570517
0.0583353
0.0596467
0.0609841
0.0623409
0.0637292
0.0651216
0.066583
0.0680342
0.069544
0.0710472
0.0725998
0.0741851
0.0757786
0.0774276
0.0790838
0.0807866
0.0825277
0.0842716
0.0861043
0.0879352
0.0898172
0.0916248
0.0931946
0.00778209
0.00849994
0.00937705
0.0102012
0.0108768
0.0113708
0.0116827
0.011843
0.0119032
0.0119245
0.0119524
0.0120147
0.0121275
0.0122971
0.0125191
0.0127795
0.0130711
0.013394
0.0137456
0.0141147
0.0144987
0.0148973
0.0152965
0.0156987
0.0160969
0.0165049
0.0169183
0.0173512
0.0178134
0.0182809
0.0187615
0.0192463
0.0197278
0.0202376
0.0207698
0.0213288
0.0218977
0.0224703
0.023051
0.0236193
0.0242169
0.0248769
0.0255532
0.0262364
0.0268338
0.0273869
0.0282046
0.0290809
0.0296305
0.0302523
0.0312096
0.031992
0.032607
0.0334766
0.0343984
0.0351636
0.0359609
0.0368753
0.0377897
0.0386698
0.03959
0.0405477
0.0414633
0.0424584
0.0435005
0.0444667
0.0454959
0.0465956
0.0476513
0.0487125
0.0498854
0.0510285
0.0521587
0.0533432
0.0545868
0.0558028
0.0570571
0.0583399
0.0596517
0.0609882
0.0623439
0.0637329
0.065125
0.0665856
0.0680363
0.0695455
0.0710488
0.0726026
0.0741877
0.0757805
0.0774304
0.0790878
0.0807898
0.0825308
0.0842769
0.0861108
0.0879419
0.0898241
0.0916329
0.093204
0.00804932
0.00873501
0.00955292
0.0103017
0.0108987
0.0113221
0.0115756
0.0116967
0.0117438
0.0117731
0.0118238
0.0119194
0.0120705
0.0122762
0.0125334
0.0128227
0.0131292
0.0134523
0.0137935
0.0141525
0.0145282
0.0149264
0.0153273
0.0157285
0.0161289
0.0165356
0.0169526
0.0173801
0.0178373
0.01831
0.0187923
0.0192885
0.0197716
0.0202753
0.0208017
0.0213528
0.0219265
0.0224982
0.0230795
0.0236535
0.0242417
0.0248963
0.025561
0.0262315
0.0268851
0.0274513
0.0281587
0.0290524
0.0297248
0.0302801
0.0311622
0.0320284
0.0326523
0.0334529
0.0343959
0.0352006
0.0359753
0.0368733
0.0377979
0.0386757
0.0395942
0.0405619
0.0414734
0.0424586
0.0435099
0.0444845
0.0454999
0.0466018
0.0476641
0.0487195
0.0498898
0.0510366
0.0521681
0.0533496
0.0545918
0.0558105
0.0570647
0.0583466
0.0596589
0.060994
0.0623477
0.0637378
0.0651306
0.0665906
0.0680411
0.0695498
0.0710527
0.0726065
0.074191
0.0757833
0.0774342
0.0790929
0.0807938
0.0825346
0.0842825
0.0861171
0.0879487
0.089832
0.0916414
0.0932127
0.00813788
0.0086481
0.00929249
0.00989742
0.0103917
0.010762
0.011022
0.0112061
0.0113513
0.0114899
0.0116458
0.0118308
0.0120484
0.0122954
0.0125738
0.0128719
0.0131798
0.0134983
0.0138288
0.0141783
0.0145442
0.0149311
0.0153309
0.0157362
0.0161464
0.0165579
0.016978
0.017408
0.0178589
0.018335
0.0188169
0.0193155
0.019803
0.0203022
0.0208265
0.0213681
0.0219417
0.0225194
0.0230999
0.0236829
0.0242676
0.024909
0.0255742
0.0262321
0.0269066
0.0275195
0.0281538
0.028995
0.029777
0.0303417
0.0311172
0.0320255
0.0327073
0.0334411
0.0343736
0.0352326
0.0359961
0.0368698
0.0378055
0.0386824
0.0395953
0.0405752
0.0414862
0.0424571
0.0435151
0.0444961
0.045502
0.0466046
0.0476774
0.0487284
0.0498928
0.0510453
0.052181
0.053357
0.0545954
0.0558176
0.0570714
0.0583515
0.0596647
0.0609988
0.062351
0.0637421
0.0651348
0.0665933
0.0680432
0.0695521
0.0710562
0.0726108
0.0741947
0.0757866
0.0774386
0.0790976
0.0807974
0.0825381
0.0842879
0.0861233
0.0879543
0.0898383
0.0916486
0.0932211
0.0100595
0.00993897
0.00970854
0.00954857
0.00952868
0.00966285
0.00992379
0.0102665
0.010645
0.0110263
0.0113965
0.0117406
0.0120588
0.0123545
0.0126423
0.0129326
0.0132315
0.0135417
0.0138628
0.0142047
0.0145603
0.0149305
0.0153219
0.0157326
0.0161523
0.0165707
0.0169919
0.0174266
0.0178761
0.0183536
0.0188399
0.0193382
0.0198343
0.0203321
0.0208533
0.021388
0.0219526
0.0225382
0.0231177
0.0237058
0.0242935
0.0249142
0.0255759
0.0262315
0.0269058
0.0275619
0.028179
0.028943
0.0297804
0.0304152
0.0311066
0.0319968
0.0327584
0.0334573
0.0343442
0.0352521
0.036026
0.036868
0.0378092
0.0386915
0.0395947
0.0405851
0.041504
0.0424587
0.043518
0.0445109
0.0455073
0.0466046
0.0476894
0.048737
0.0498903
0.0510488
0.0521928
0.0533619
0.0545951
0.0558239
0.057079
0.0583567
0.0596701
0.0610023
0.0623534
0.0637464
0.0651398
0.0665971
0.0680469
0.0695552
0.0710591
0.0726134
0.0741961
0.0757881
0.0774416
0.0791018
0.0808004
0.0825412
0.084293
0.0861289
0.0879606
0.0898449
0.091656
0.0932287
0.00976145
0.00944944
0.00906702
0.00881186
0.00875651
0.00891201
0.0092505
0.00970311
0.0102021
0.0106926
0.0111568
0.0115799
0.0119621
0.0123077
0.0126267
0.0129374
0.0132475
0.0135645
0.0138866
0.014227
0.0145789
0.0149422
0.0153276
0.0157376
0.0161605
0.0165823
0.0170074
0.0174443
0.0178951
0.0183693
0.0188585
0.0193573
0.0198586
0.0203618
0.0208768
0.0214118
0.021968
0.022558
0.0231439
0.0237322
0.024331
0.024934
0.0255849
0.0262488
0.0269188
0.0275992
0.0282289
0.0289312
0.0297605
0.0304719
0.0311327
0.0319614
0.0327839
0.0334934
0.0343186
0.0352502
0.0360592
0.0368735
0.0378071
0.038704
0.0395943
0.0405877
0.0415236
0.0424615
0.0435127
0.0445242
0.0455149
0.0466041
0.0477045
0.0487532
0.0498913
0.0510564
0.0522129
0.053373
0.0545966
0.0558316
0.0570891
0.0583642
0.0596772
0.0610071
0.0623579
0.0637528
0.0651451
0.0665998
0.0680497
0.0695593
0.071064
0.0726192
0.0742012
0.0757929
0.0774475
0.0791071
0.0808046
0.0825452
0.0842983
0.0861347
0.0879649
0.0898511
0.0916622
0.0932358
0.0104996
0.0102824
0.00992973
0.00962333
0.00944546
0.00941624
0.00953701
0.00977858
0.0101097
0.0104915
0.0108985
0.011313
0.0117182
0.0121098
0.0124809
0.0128441
0.0131969
0.0135469
0.0138924
0.0142437
0.0146026
0.0149672
0.015348
0.0157428
0.0161541
0.0165709
0.0170005
0.0174419
0.0178946
0.0183713
0.0188625
0.0193676
0.0198706
0.0203794
0.0208898
0.021424
0.0219789
0.0225616
0.0231557
0.0237409
0.0243459
0.0249425
0.0255727
0.0262467
0.0269146
0.0276013
0.0282582
0.0289319
0.0297263
0.0304876
0.0311691
0.0319402
0.0327806
0.0335361
0.0343126
0.0352293
0.0360888
0.0368898
0.0377988
0.0387181
0.0395974
0.0405821
0.0415473
0.042472
0.0435041
0.0445395
0.0455239
0.046596
0.0477158
0.0487658
0.049882
0.0510539
0.0522274
0.0533787
0.0545918
0.0558339
0.057096
0.0583696
0.0596811
0.0610073
0.062359
0.0637575
0.0651496
0.066602
0.0680522
0.0695623
0.0710663
0.0726207
0.0742017
0.0757938
0.07745
0.0791101
0.0808066
0.0825477
0.0843024
0.0861393
0.0879696
0.0898551
0.0916681
0.093242
0.00844084
0.00872188
0.00910986
0.00945582
0.00971992
0.00990547
0.0100479
0.0101851
0.0103516
0.0105695
0.0108438
0.0111785
0.0115547
0.0119581
0.0123622
0.0127615
0.0131502
0.013529
0.0139013
0.0142677
0.0146397
0.0150103
0.0153861
0.0157638
0.0161561
0.0165686
0.0169999
0.0174486
0.0179023
0.0183824
0.0188741
0.0193796
0.019884
0.0203921
0.0209069
0.0214401
0.0220021
0.0225789
0.0231728
0.023765
0.0243652
0.0249695
0.0255847
0.0262574
0.0269335
0.0276073
0.0282905
0.0289607
0.0297126
0.030489
0.0311998
0.0319454
0.0327645
0.0335624
0.0343324
0.0351982
0.0361009
0.03692
0.0377839
0.0387297
0.0396092
0.0405598
0.041566
0.0424906
0.0434864
0.0445508
0.045542
0.0465869
0.0477291
0.0487932
0.0498809
0.0510557
0.052252
0.0533938
0.0545931
0.0558398
0.0571059
0.058379
0.0596898
0.0610109
0.0623622
0.0637644
0.0651552
0.0666043
0.0680543
0.0695669
0.0710718
0.0726268
0.0742072
0.0757992
0.0774564
0.0791155
0.080811
0.0825515
0.0843071
0.0861444
0.087973
0.08986
0.0916722
0.0932482
0.0106236
0.0102649
0.00974744
0.00928481
0.00897762
0.00885791
0.00892568
0.00916039
0.00952122
0.00996561
0.0104471
0.0109389
0.0114178
0.0118767
0.0123125
0.0127262
0.0131265
0.013514
0.0138957
0.0142681
0.0146419
0.0150134
0.0153806
0.0157479
0.0161283
0.0165445
0.0169828
0.0174396
0.0179019
0.0183853
0.0188813
0.0193819
0.0198875
0.0203937
0.0209118
0.0214471
0.0220094
0.0225886
0.0231731
0.0237735
0.024369
0.0249733
0.0255908
0.0262508
0.026939
0.0276012
0.0282933
0.0289847
0.0297052
0.0304813
0.0312142
0.0319594
0.0327591
0.033566
0.0343648
0.0351851
0.036089
0.0369548
0.0377746
0.0387247
0.0396316
0.0405387
0.0415702
0.0425193
0.0434725
0.0445504
0.0455638
0.0465766
0.0477257
0.0488135
0.0498775
0.0510434
0.052263
0.0534038
0.0545894
0.05584
0.0571105
0.0583831
0.0596949
0.0610123
0.0623623
0.0637683
0.0651601
0.0666069
0.0680563
0.0695695
0.0710739
0.0726284
0.0742082
0.0757999
0.0774583
0.0791177
0.0808124
0.0825531
0.0843096
0.0861474
0.0879763
0.0898627
0.0916755
0.0932455
0.00987772
0.00939905
0.00881079
0.00833627
0.00806943
0.00803727
0.0082286
0.00860499
0.00910653
0.00967428
0.010257
0.0108243
0.0113595
0.0118545
0.0123093
0.0127274
0.0131236
0.0135064
0.0138862
0.0142615
0.0146343
0.015005
0.015368
0.0157306
0.016107
0.016525
0.0169702
0.0174307
0.0178994
0.0183831
0.018879
0.0193765
0.0198798
0.0203877
0.0209068
0.0214465
0.0220074
0.0225903
0.0231733
0.023775
0.0243739
0.0249745
0.0256
0.0262554
0.0269448
0.0276087
0.0282934
0.0289978
0.0297098
0.030475
0.0312171
0.0319647
0.0327598
0.0335601
0.0343769
0.035192
0.0360727
0.0369711
0.0377927
0.0387172
0.0396493
0.0405428
0.0415586
0.0425377
0.0434755
0.0445439
0.0455806
0.0465857
0.0477265
0.0488321
0.0498935
0.0510467
0.0522748
0.0534203
0.0545972
0.0558455
0.0571185
0.0583898
0.0597018
0.0610182
0.0623657
0.0637721
0.0651641
0.0666099
0.0680588
0.0695738
0.0710791
0.0726345
0.0742148
0.0758058
0.0774645
0.079123
0.0808172
0.0825568
0.0843131
0.0861513
0.0879783
0.0898665
0.0916768
0.0932542
)
;

boundaryField
{
    ZeroGradientPlanes
    {
        type            zeroGradient;
    }
    inlet
    {
        type            zeroGradient;
    }
    plate
    {
        type            zeroGradient;
    }
    frontAndBack
    {
        type            empty;
    }
}


// ************************************************************************* //
