/*--------------------------------*- C++ -*----------------------------------*\
| =========                 |                                                 |
| \\      /  F ield         | OpenFOAM: The Open Source CFD Toolbox           |
|  \\    /   O peration     | Version:  2506                                  |
|   \\  /    A nd           | Website:  www.openfoam.com                      |
|    \\/     M anipulation  |                                                 |
\*---------------------------------------------------------------------------*/
FoamFile
{
    version     2.0;
    format      ascii;
    arch        "LSB;label=32;scalar=64";
    class       volScalarField;
    location    "6.05";
    object      p;
}
// * * * * * * * * * * * * * * * * * * * * * * * * * * * * * * * * * * * * * //

dimensions      [0 2 -2 0 0 0 0];

internalField   nonuniform List<scalar> 
9600
(
-1.04641e-09
0.00248363
0.00305778
0.000524062
0.00370322
0.00401684
0.00304053
0.00673771
0.00724257
0.0099274
0.0113619
0.0131562
0.0117529
0.0125288
0.0130035
0.0135658
0.0128272
0.0142732
0.0142129
0.0154655
-1.73797e-07
0.00254792
0.00304834
0.000502245
0.00370875
0.0040338
0.00305186
0.00673372
0.00723743
0.00992206
0.0113623
0.0130824
0.0117659
0.0125297
0.0130099
0.0135486
0.0128544
0.014252
0.0142311
0.0153954
3.91596e-06
0.00258829
0.0030239
0.000499202
0.00373278
0.00405209
0.00307275
0.00672541
0.00722986
0.00992144
0.0113632
0.0130369
0.0117861
0.0125222
0.0130245
0.0135177
0.0129006
0.014211
0.0142479
0.0152885
1.34049e-05
0.00262082
0.0029946
0.000542713
0.00376759
0.00407686
0.00311698
0.00671441
0.00722261
0.00993158
0.0113661
0.0129933
0.0118073
0.0125076
0.0130438
0.013481
0.0129408
0.0141577
0.0142507
0.0151673
2.96648e-05
0.00264491
0.00296612
0.000628694
0.00380871
0.00410696
0.00318974
0.00670014
0.00721567
0.00994995
0.0113696
0.0129491
0.0118295
0.0124876
0.0130659
0.0134405
0.0129723
0.0141001
0.0142378
0.0150416
5.30922e-05
0.00266052
0.00294154
0.000746596
0.00384966
0.0041441
0.00329071
0.00668373
0.00720881
0.00997274
0.0113738
0.0129028
0.0118528
0.0124642
0.0130907
0.0133978
0.0129956
0.0140435
0.0142069
0.0149155
8.24626e-05
0.00266909
0.00292421
0.000886541
0.00388661
0.00418728
0.003413
0.00666754
0.00720209
0.00999739
0.0113794
0.0128533
0.0118769
0.0124399
0.0131187
0.0133562
0.0130134
0.0139884
0.0141577
0.0147931
0.000115685
0.00267407
0.0029165
0.00103992
0.00391754
0.00423459
0.00354861
0.00665223
0.00719529
0.010022
0.0113864
0.0127995
0.0119011
0.0124166
0.0131503
0.0133194
0.0130257
0.013934
0.0140942
0.0146744
0.000150958
0.00267968
0.00291898
0.00120089
0.00394128
0.00428342
0.00369184
0.00663813
0.00718829
0.0100452
0.0113942
0.012741
0.0119242
0.0123948
0.0131852
0.0132895
0.0130315
0.0138828
0.0140216
0.0145542
0.000187381
0.0026893
0.00293172
0.00136652
0.00395651
0.00433155
0.00384048
0.00662507
0.00718178
0.0100664
0.011402
0.0126781
0.0119447
0.0123746
0.0132226
0.0132675
0.0130312
0.0138381
0.0139428
0.0144277
0.000224838
0.00270456
0.00295504
0.00153551
0.00396209
0.00437719
0.00399432
0.00661368
0.00717714
0.010086
0.0114099
0.0126115
0.011961
0.0123554
0.0132604
0.0132543
0.0130262
0.0138004
0.0138595
0.014294
0.000263603
0.00272547
0.00298906
0.0017068
0.00395799
0.00441919
0.0041533
0.00660539
0.00717753
0.0101051
0.0114185
0.0125419
0.0119725
0.0123369
0.0132964
0.0132502
0.013017
0.0137679
0.013775
0.0141553
0.00030404
0.00275113
0.00303296
0.00187892
0.00394578
0.00445713
0.00431673
0.00660152
0.00718471
0.010125
0.0114288
0.0124704
0.0119778
0.0123188
0.0133287
0.0132547
0.0130036
0.0137377
0.0136935
0.0140143
0.000346465
0.00278046
0.00308491
0.00205018
0.00392823
0.0044914
0.00448349
0.00660263
0.00719919
0.0101464
0.0114418
0.012398
0.0119776
0.0123017
0.0133557
0.0132668
0.0129859
0.0137066
0.0136184
0.0138725
0.000391084
0.00281267
0.00314286
0.00221938
0.00390842
0.00452279
0.00465247
0.00660869
0.00722027
0.0101695
0.0114581
0.0123253
0.011972
0.012286
0.0133769
0.0132848
0.0129643
0.0136714
0.013551
0.0137313
0.000438037
0.00284732
0.00320547
0.00238614
0.003889
0.00455208
0.00482271
0.00661954
0.00724673
0.010194
0.0114774
0.0122527
0.0119615
0.0122723
0.0133925
0.0133069
0.0129396
0.0136292
0.0134919
0.0135922
0.00048749
0.0028842
0.00327176
0.00255046
0.00387202
0.00457995
0.00499344
0.00663508
0.00727734
0.0102195
0.0114995
0.012181
0.0119466
0.0122613
0.0134028
0.0133318
0.0129127
0.0135775
0.0134404
0.0134578
0.000539636
0.0029233
0.00334157
0.0027124
0.00385905
0.00460701
0.00516401
0.00665542
0.00731111
0.0102456
0.0115237
0.0121106
0.0119276
0.0122534
0.0134083
0.0133581
0.012885
0.0135153
0.0133953
0.0133312
0.000594681
0.00296465
0.00341477
0.00287202
0.00385141
0.00463387
0.00533386
0.00668075
0.00734729
0.0102723
0.0115494
0.0120422
0.0119049
0.0122485
0.0134098
0.0133846
0.0128579
0.0134427
0.0133542
0.0132151
0.000652846
0.00300824
0.00349131
0.00302938
0.00385016
0.00466109
0.00550242
0.00671129
0.00738533
0.0102995
0.0115761
0.0119761
0.011879
0.0122465
0.0134081
0.0134099
0.0128324
0.0133613
0.0133146
0.0131117
0.00071436
0.00305408
0.00357123
0.00318444
0.00385615
0.00468925
0.00566912
0.0067473
0.00742475
0.0103273
0.0116036
0.0119129
0.0118502
0.0122468
0.0134036
0.013433
0.0128089
0.013273
0.0132748
0.0130228
0.000779496
0.00310211
0.00365455
0.00333703
0.00386998
0.00471894
0.00583338
0.00678908
0.00746514
0.0103557
0.0116317
0.0118527
0.0118189
0.0122487
0.0133966
0.0134529
0.0127877
0.0131798
0.0132341
0.0129489
0.000848576
0.00315236
0.00374131
0.00348698
0.00389205
0.00475074
0.00599463
0.00683691
0.00750624
0.0103847
0.0116603
0.011796
0.0117855
0.0122518
0.0133877
0.0134691
0.0127686
0.0130833
0.0131923
0.0128909
0.000921908
0.00320478
0.00383157
0.00363415
0.00392255
0.00478523
0.00615232
0.00689103
0.0075479
0.0104142
0.0116897
0.0117428
0.0117503
0.0122554
0.0133773
0.0134815
0.0127512
0.0129843
0.0131499
0.012851
0.000999789
0.00325933
0.00392543
0.00377843
0.00396146
0.00482299
0.00630594
0.00695154
0.00759016
0.010444
0.0117198
0.0116934
0.0117139
0.0122587
0.0133654
0.0134905
0.0127356
0.0128824
0.013105
0.0128329
0.00108253
0.00331601
0.00402294
0.00391977
0.00400869
0.00486455
0.00645508
0.00701853
0.00763316
0.0104742
0.0117508
0.0116476
0.0116769
0.0122613
0.0133517
0.0134965
0.0127234
0.0127785
0.0130525
0.0128361
0.00117044
0.00337485
0.00412408
0.00405817
0.00406408
0.00491046
0.00659941
0.00709207
0.00767694
0.0105045
0.011783
0.0116053
0.0116397
0.0122633
0.0133358
0.0134985
0.0127161
0.012677
0.0129876
0.0128527
0.00126385
0.00343592
0.00422881
0.00419375
0.00412737
0.00496127
0.00673875
0.00717222
0.00772146
0.0105346
0.0118169
0.0115662
0.0116026
0.0122656
0.0133177
0.013495
0.0127132
0.0125831
0.0129109
0.0128713
0.00136301
0.00349934
0.00433705
0.00432672
0.00419828
0.00501741
0.00687303
0.00725908
0.00776688
0.010564
0.0118531
0.01153
0.0115652
0.0122693
0.0132986
0.0134855
0.0127124
0.0124992
0.0128285
0.0128836
0.00146822
0.00356529
0.00444865
0.00445738
0.00427661
0.00507916
0.00700219
0.00735273
0.00781349
0.0105924
0.0118926
0.0114966
0.0115264
0.0122751
0.0132797
0.0134706
0.0127123
0.0124238
0.0127451
0.0128894
0.00157972
0.003634
0.00456336
0.00458605
0.00436229
0.00514666
0.00712612
0.00745334
0.00786168
0.0106186
0.0119361
0.0114666
0.0114848
0.0122829
0.0132626
0.0134507
0.0127135
0.012356
0.0126605
0.0128919
0.00169774
0.00370573
0.00468101
0.00471318
0.00445523
0.00521993
0.00724462
0.00756111
0.00791204
0.0106414
0.0119838
0.0114416
0.0114388
0.0122924
0.0132498
0.0134253
0.0127162
0.0122993
0.0125731
0.0128897
0.00182248
0.00378075
0.00480131
0.00483923
0.00455552
0.00529918
0.00735737
0.00767595
0.00796548
0.0106594
0.0120359
0.0114234
0.0113866
0.012302
0.0132453
0.0133951
0.0127162
0.0122584
0.012487
0.0128775
0.00195412
0.00385944
0.00492404
0.00496447
0.00466326
0.00538484
0.00746404
0.00779756
0.00802347
0.0106712
0.0120915
0.0114141
0.0113268
0.0123084
0.0132528
0.0133637
0.0127081
0.0122338
0.0124124
0.0128528
0.00209275
0.00394203
0.00504926
0.00508924
0.00477822
0.00547742
0.00756446
0.00792536
0.00808749
0.0106761
0.0121493
0.0114158
0.0112596
0.0123079
0.0132733
0.0133369
0.0126891
0.0122195
0.0123587
0.0128217
0.00223862
0.00402859
0.00517699
0.00521394
0.00490003
0.00557758
0.00765858
0.00805846
0.00815926
0.0106736
0.012207
0.0114311
0.0111874
0.0122963
0.0133053
0.0133205
0.0126598
0.0122074
0.0123295
0.0127957
0.00239195
0.00411918
0.00530727
0.00533919
0.00502814
0.0056859
0.00774627
0.00819548
0.00824099
0.0106644
0.0122623
0.0114622
0.0111137
0.0122698
0.0133463
0.0133195
0.0126235
0.0121906
0.0123219
0.012786
0.00255292
0.00421367
0.00544061
0.00546592
0.00516141
0.00580313
0.00782792
0.00833413
0.00833441
0.0106504
0.0123143
0.0115092
0.0110424
0.0122253
0.0133919
0.0133384
0.0125844
0.0121634
0.0123289
0.0128021
0.00272185
0.00431179
0.00557732
0.00559531
0.00529817
0.00593014
0.00790511
0.00847169
0.00844039
0.0106341
0.0123556
0.0115704
0.010978
0.0121613
0.0134359
0.0133811
0.0125499
0.0121208
0.0123403
0.0128475
0.00289914
0.0044132
0.00571722
0.00572901
0.00543676
0.0060669
0.00798028
0.00860584
0.00855875
0.0106183
0.0123808
0.0116449
0.0109263
0.0120787
0.0134706
0.0134498
0.0125315
0.012062
0.0123431
0.0129141
0.0030852
0.00451775
0.00585999
0.00586865
0.00557576
0.00621257
0.00805645
0.00873492
0.00868814
0.0106063
0.0123929
0.0117266
0.0108774
0.01198
0.0134872
0.0135416
0.0125401
0.0119945
0.0123261
0.012987
0.0032804
0.00462544
0.00600501
0.00601347
0.00571438
0.00636498
0.00813658
0.00885808
0.00882667
0.0106009
0.012392
0.0118133
0.0108666
0.0118699
0.0134774
0.0136478
0.0125857
0.0119319
0.0122845
0.0130509
0.00348516
0.0047366
0.0061508
0.0061712
0.00585286
0.00652063
0.0082233
0.00897577
0.00897168
0.0106041
0.0123786
0.0119024
0.0108806
0.0117546
0.0134348
0.0137566
0.0126757
0.0118895
0.01222
0.0130922
0.00369973
0.00485199
0.00629505
0.00634245
0.00599341
0.00667541
0.00831838
0.00909016
0.00911949
0.0106166
0.0123541
0.0119901
0.0109221
0.0116429
0.013356
0.0138551
0.0128112
0.0118833
0.0121394
0.0131011
0.00392396
0.00497258
0.00643522
0.00652821
0.00614056
0.00682514
0.00842095
0.00920472
0.00926792
0.0106375
0.0123205
0.0120733
0.0109918
0.0115417
0.0132426
0.0139287
0.0129834
0.0119305
0.0120583
0.0130712
0.00415757
0.00509981
0.00656897
0.00672779
0.00629995
0.00696751
0.00852768
0.00932263
0.00941724
0.0106656
0.0122792
0.0121502
0.0110882
0.0114581
0.0131031
0.0139647
0.0131741
0.0120426
0.0119995
0.013003
0.00440014
0.00523547
0.00669468
0.00693973
0.00647695
0.00710215
0.00863373
0.00944605
0.00956881
0.0106998
0.0122318
0.0122185
0.0112085
0.011399
0.0129507
0.0139584
0.0133628
0.0122119
0.0119879
0.0129121
0.00465092
0.00538146
0.00681189
0.0071596
0.00667654
0.0072309
0.00873283
0.00957557
0.00972513
0.0107403
0.012181
0.0122762
0.0113478
0.0113872
0.0127983
0.0139132
0.0135313
0.0124179
0.0120389
0.0128273
0.00490886
0.00553996
0.00692122
0.00738001
0.00690212
0.00735942
0.00881924
0.00970844
0.00988985
0.0107895
0.0121297
0.0123216
0.0114996
0.0114194
0.0126583
0.0138349
0.0136698
0.0126415
0.0121486
0.0127759
0.00517269
0.00571282
0.00702424
0.00759383
0.0071537
0.00749588
0.00888973
0.00983839
0.0100662
0.0108523
0.0120809
0.0123535
0.0116553
0.0114905
0.0125438
0.0137327
0.0137733
0.0128684
0.0123017
0.0127736
0.00544111
0.00590135
0.00712391
0.00779574
0.00742867
0.00764909
0.00894488
0.00995631
0.0102536
0.0109361
0.01204
0.012372
0.011806
0.0115938
0.0124677
0.0136204
0.0138384
0.0130878
0.0124849
0.0128195
0.00571271
0.00610637
0.00722461
0.00798167
0.00772008
0.0078273
0.00899047
0.0100527
0.0104463
0.0110459
0.0120149
0.0123798
0.0119456
0.01172
0.0124365
0.0135144
0.0138691
0.0132888
0.0126869
0.0129036
0.00598605
0.00632783
0.00733218
0.00814906
0.00801724
0.00803585
0.00903675
0.010122
0.0106335
0.0111835
0.0120162
0.0123831
0.0120689
0.0118614
0.0124459
0.0134304
0.0138779
0.0134642
0.0128989
0.0130178
0.00626005
0.00656496
0.00745298
0.00829716
0.00830776
0.00827538
0.00909707
0.0101646
0.0108013
0.0113456
0.0120533
0.0123914
0.0121751
0.0120219
0.0124911
0.0133751
0.0138771
0.0136143
0.0131134
0.0131598
0.00653426
0.00681604
0.00759197
0.00842719
0.00858034
0.00854214
0.00918494
0.0101881
0.010937
0.0115214
0.0121313
0.012418
0.0122663
0.0121647
0.0125628
0.0133475
0.0138762
0.0137446
0.0133243
0.013327
0.00680886
0.00707861
0.00775157
0.00854332
0.00882687
0.00882723
0.00931087
0.0102066
0.0110344
0.0116943
0.0122488
0.0124755
0.0123512
0.0122883
0.0126497
0.0133469
0.0138815
0.0138614
0.0135276
0.0135118
0.00708421
0.00735037
0.00793258
0.00865132
0.00904263
0.00911753
0.00947884
0.0102396
0.0110955
0.0118454
0.0123966
0.0125718
0.012444
0.0124027
0.0127426
0.0133721
0.0138984
0.0139696
0.0137219
0.0137043
0.00736021
0.00762849
0.00813436
0.00875988
0.00922697
0.00939946
0.00968578
0.0103051
0.0111331
0.0119607
0.0125567
0.0127076
0.0125583
0.0125146
0.0128336
0.0134145
0.0139287
0.0140732
0.0139098
0.0139
0.00763633
0.00790494
0.00835502
0.00888263
0.00938492
0.00966292
0.00992179
0.0104111
0.0111679
0.0120381
0.0127063
0.0128764
0.0127034
0.0126353
0.0129252
0.0134639
0.0139686
0.0141738
0.0140942
0.0141021
0.00791198
0.00817854
0.00859062
0.00902465
0.00952577
0.00990108
0.0101722
0.0105577
0.0112197
0.0120858
0.0128285
0.0130622
0.0128828
0.0127743
0.0130234
0.013518
0.0140133
0.0142704
0.014274
0.0143131
0.00818751
0.00844803
0.00883511
0.00918865
0.00966006
0.0101118
0.0104239
0.0107404
0.0113011
0.0121218
0.0129177
0.0132433
0.0130926
0.0129389
0.0131348
0.0135803
0.0140624
0.0143614
0.0144441
0.0145283
0.00846327
0.0087128
0.00908165
0.00937397
0.00979829
0.0102973
0.0106665
0.0109496
0.0114164
0.012165
0.0129794
0.0134027
0.0133192
0.013132
0.0132256
0.0136493
0.0141185
0.0144482
0.0146013
0.014741
0.00873844
0.0089726
0.00932682
0.00957795
0.00994701
0.0104625
0.0108927
0.0111744
0.0115653
0.0122288
0.0130272
0.0135341
0.0135444
0.0133614
0.0133943
0.0137391
0.0141845
0.0145354
0.0147465
0.0149449
0.00901217
0.00922865
0.00956701
0.00979441
0.0101103
0.0106156
0.0110996
0.0114043
0.0117426
0.0123212
0.0130763
0.0136403
0.0137547
0.01361
0.013594
0.013853
0.014261
0.0146261
0.0148828
0.015136
0.00928305
0.00948077
0.00980188
0.0100172
0.0102887
0.0107648
0.0112872
0.0116303
0.0119406
0.0124441
0.0131403
0.0137305
0.0139432
0.0138604
0.0138213
0.0140014
0.0143537
0.0147211
0.0150149
0.0153145
0.00954937
0.00972946
0.0100308
0.0102411
0.0104805
0.0109162
0.0114579
0.011846
0.0121513
0.0125955
0.0132274
0.0138164
0.0141104
0.0141041
0.0140661
0.0141894
0.0144749
0.0148255
0.0151463
0.0154839
0.00980995
0.00997308
0.0102532
0.0104615
0.0106821
0.011075
0.0116172
0.0120478
0.0123669
0.0127705
0.0133409
0.0139101
0.0142622
0.014336
0.0143194
0.0144057
0.0146319
0.0149488
0.0152834
0.0156506
0.0100629
0.0102131
0.0104699
0.0106746
0.0108868
0.0112412
0.01177
0.0122348
0.0125797
0.0129632
0.0134816
0.0140206
0.014408
0.0145553
0.0145771
0.0146447
0.0148242
0.0150997
0.0154308
0.015818
0.0103058
0.010446
0.0106809
0.0108808
0.0110912
0.0114141
0.0119203
0.0124075
0.0127843
0.0131656
0.0136455
0.0141528
0.0145596
0.0147679
0.0148363
0.0149018
0.0150423
0.015281
0.0155938
0.0159904
0.0105368
0.0106672
0.0108845
0.011078
0.011291
0.0115922
0.0120707
0.0125672
0.0129782
0.013372
0.0138273
0.0143058
0.0147215
0.0149814
0.0151036
0.0151868
0.0153119
0.0155233
0.0157974
0.0161834
0.0107553
0.0108829
0.0110808
0.0112611
0.0114771
0.0117682
0.0122232
0.0127169
0.0131559
0.0135778
0.0140275
0.0144848
0.0148952
0.0151831
0.015351
0.0154598
0.0155739
0.0157232
0.0159875
0.0163714
0.0109572
0.0110836
0.0112685
0.0114356
0.0116504
0.0119345
0.0123727
0.0128616
0.0133164
0.0137611
0.0142329
0.0147115
0.0151517
0.01549
0.0156943
0.0158355
0.0159576
0.016094
0.016298
0.0166186
0.0111383
0.0112646
0.0114455
0.011603
0.0118163
0.0120911
0.0125057
0.0129915
0.0134694
0.0139191
0.0143773
0.0148302
0.0152545
0.0156618
0.0159776
0.0162086
0.0163785
0.0165302
0.0167183
0.0170164
0.0113025
0.0114269
0.0116019
0.011747
0.0119636
0.0122485
0.0126427
0.0130972
0.0135991
0.0141356
0.0147128
0.0152497
0.0158008
0.0162305
0.0165218
0.0167449
0.0169219
0.0170625
0.0171878
0.0173639
0.0114492
0.0115677
0.0117286
0.0118596
0.0120756
0.0123743
0.0127722
0.0131859
0.0135855
0.0139668
0.014385
0.0150019
0.0157546
0.0164817
0.0170695
0.0174934
0.017888
0.0183245
0.0187984
0.0192375
0.0115696
0.0116979
0.0118776
0.0120095
0.0122194
0.0124851
0.0128346
0.0132575
0.0138092
0.0144822
0.0151518
0.0157518
0.0162723
0.0167176
0.0171376
0.0175315
0.0179537
0.018404
0.018836
0.0191702
0.0116001
0.0117052
0.0118898
0.0120564
0.0123273
0.0127121
0.0131827
0.0136594
0.0141387
0.014617
0.0150741
0.0155589
0.0161127
0.0166793
0.0172716
0.0179101
0.0185331
0.0191128
0.0196131
0.0200035
0.011729
0.0118799
0.0121078
0.0122934
0.0125698
0.012937
0.0133716
0.0138167
0.0142914
0.0148092
0.0153826
0.0159413
0.0164548
0.0168929
0.0172268
0.0174597
0.0176107
0.0177094
0.0177708
0.0178374
0.0116257
0.0117609
0.0121
0.0124246
0.0127554
0.0131114
0.0135131
0.0139365
0.0143876
0.0148426
0.0153514
0.0158739
0.0164005
0.0169674
0.0175359
0.0181155
0.0186876
0.0192247
0.0197004
0.0200404
0.0117252
0.0118776
0.0122448
0.0125735
0.012923
0.0132988
0.0136966
0.0140998
0.01455
0.0150071
0.0155141
0.0160582
0.0165621
0.0170344
0.0174723
0.017882
0.0182977
0.0187224
0.0191209
0.019394
0.0175342
0.0152728
0.010394
0.00626862
0.0057941
0.00770761
0.00999287
0.0118999
0.0133802
0.0146194
0.0156582
0.0165192
0.017358
0.0182147
0.0189775
0.0196524
0.0203779
0.0211888
0.0219956
0.0227448
0.0234385
0.0241425
0.0249426
0.0258014
0.0265852
0.0272873
0.028019
0.0288318
0.0297014
0.030589
0.031489
0.0324135
0.0333498
0.0342816
0.0352225
0.0361595
0.037062
0.0379484
0.0388587
0.0397954
0.0407611
0.0417617
0.0427905
0.0438526
0.0449252
0.045981
0.0470352
0.0481353
0.0492681
0.0503794
0.0514544
0.0525686
0.053742
0.0549229
0.0561076
0.0573559
0.0586534
0.0599566
0.0612964
0.0626943
0.0641288
0.0655121
0.0668162
0.0681388
0.0696079
0.0711522
0.0727252
0.0742879
0.0758591
0.0774597
0.0790847
0.0807159
0.082393
0.0841197
0.0858771
0.0876632
0.0894716
0.0913392
0.0932238
0.0951725
0.0971371
0.0991493
0.1012
0.103311
0.105467
0.107631
0.109839
0.112077
0.114374
0.116742
0.119098
0.121508
0.123923
0.126405
0.128898
0.13142
0.133959
0.136407
0.138656
0.140793
0.0172696
0.0151832
0.0104894
0.00642571
0.00588673
0.00774991
0.0100185
0.011918
0.0133939
0.0146307
0.0156679
0.0165272
0.0173647
0.0182207
0.0189828
0.0196569
0.0203818
0.0211923
0.0219989
0.0227478
0.0234411
0.0241446
0.0249445
0.0258033
0.026587
0.0272889
0.0280204
0.028833
0.0297025
0.03059
0.03149
0.0324144
0.0333507
0.0342824
0.0352233
0.0361603
0.0370628
0.0379491
0.0388594
0.0397961
0.0407618
0.0417624
0.0427911
0.0438532
0.0449259
0.0459816
0.0470358
0.0481358
0.0492686
0.0503799
0.0514549
0.052569
0.0537424
0.0549234
0.056108
0.0573563
0.0586538
0.059957
0.0612967
0.0626946
0.0641291
0.0655124
0.0668165
0.068139
0.0696081
0.0711524
0.0727254
0.0742881
0.0758593
0.0774598
0.0790849
0.0807161
0.0823931
0.0841199
0.0858773
0.0876633
0.0894717
0.0913393
0.093224
0.0951726
0.0971373
0.0991494
0.1012
0.103311
0.105467
0.107631
0.109839
0.112078
0.114374
0.116742
0.119099
0.121508
0.123923
0.126405
0.128899
0.13142
0.133959
0.136407
0.138656
0.140793
0.0169112
0.0150263
0.0106404
0.00670345
0.00604767
0.00780885
0.0100466
0.0119383
0.0134096
0.0146432
0.0156785
0.0165363
0.0173723
0.0182273
0.0189884
0.0196616
0.0203858
0.021196
0.0220022
0.0227508
0.0234437
0.0241468
0.0249464
0.0258051
0.0265887
0.0272904
0.0280216
0.0288341
0.0297035
0.030591
0.0314909
0.0324152
0.0333515
0.0342831
0.035224
0.036161
0.0370635
0.0379498
0.03886
0.0397967
0.0407624
0.0417629
0.0427917
0.0438537
0.0449264
0.0459821
0.0470363
0.0481363
0.0492691
0.0503804
0.0514553
0.0525694
0.0537428
0.0549237
0.0561083
0.0573566
0.0586541
0.0599573
0.0612969
0.0626948
0.0641294
0.0655127
0.0668168
0.0681392
0.0696083
0.0711526
0.0727257
0.0742883
0.0758595
0.07746
0.0790851
0.0807162
0.0823933
0.08412
0.0858774
0.0876635
0.0894719
0.0913395
0.0932241
0.0951727
0.0971374
0.0991495
0.1012
0.103311
0.105467
0.107632
0.109839
0.112078
0.114374
0.116742
0.119099
0.121508
0.123923
0.126405
0.128899
0.13142
0.13396
0.136407
0.138657
0.140793
0.016558
0.0148735
0.0108377
0.00706155
0.00627495
0.00789709
0.0100895
0.0119693
0.0134331
0.0146603
0.0156918
0.0165478
0.0173824
0.0182356
0.0189954
0.0196679
0.0203915
0.0212009
0.0220063
0.0227546
0.0234474
0.0241502
0.0249492
0.0258075
0.0265908
0.0272922
0.0280233
0.0288355
0.0297048
0.0305921
0.031492
0.0324163
0.0333524
0.034284
0.0352248
0.0361618
0.0370642
0.0379504
0.0388606
0.0397973
0.0407629
0.0417635
0.0427923
0.0438543
0.044927
0.0459827
0.0470368
0.0481367
0.0492696
0.0503809
0.0514558
0.0525698
0.0537432
0.0549241
0.0561086
0.0573569
0.0586544
0.0599576
0.0612972
0.0626951
0.0641297
0.0655131
0.0668171
0.0681393
0.0696085
0.0711529
0.0727259
0.0742886
0.0758597
0.0774602
0.0790852
0.0807164
0.0823934
0.0841201
0.0858776
0.0876636
0.089472
0.0913396
0.0932242
0.0951729
0.0971375
0.0991496
0.1012
0.103311
0.105468
0.107632
0.10984
0.112078
0.114374
0.116742
0.119099
0.121508
0.123924
0.126405
0.128899
0.13142
0.13396
0.136407
0.138657
0.140793
0.0162224
0.0147357
0.0110568
0.00744773
0.0065317
0.00800139
0.010141
0.0120084
0.0134642
0.0146828
0.0157086
0.0165628
0.0173957
0.0182462
0.0190043
0.0196767
0.0204
0.0212079
0.0220116
0.0227595
0.0234528
0.0241557
0.0249539
0.025811
0.0265937
0.0272951
0.0280259
0.0288376
0.0297064
0.0305936
0.0314935
0.0324177
0.0333536
0.034285
0.0352257
0.0361627
0.037065
0.0379511
0.0388611
0.0397977
0.0407634
0.0417641
0.0427929
0.0438549
0.0449276
0.0459833
0.0470374
0.0481373
0.0492702
0.0503815
0.0514563
0.0525702
0.0537436
0.0549245
0.056109
0.0573573
0.0586548
0.0599579
0.0612975
0.0626954
0.0641301
0.0655136
0.0668174
0.0681395
0.0696086
0.0711531
0.0727261
0.0742888
0.0758599
0.0774604
0.0790855
0.0807166
0.0823936
0.0841203
0.0858777
0.0876638
0.0894721
0.0913397
0.0932244
0.095173
0.0971376
0.0991498
0.1012
0.103311
0.105468
0.107632
0.10984
0.112078
0.114374
0.116742
0.119099
0.121508
0.123924
0.126405
0.128899
0.13142
0.13396
0.136407
0.138657
0.140793
0.0159122
0.0146058
0.0112709
0.0078363
0.00680231
0.00811359
0.0101945
0.0120506
0.0134999
0.0147093
0.0157286
0.0165807
0.0174117
0.0182587
0.0190148
0.0196878
0.0204113
0.0212172
0.0220185
0.0227655
0.02346
0.0241637
0.0249607
0.0258158
0.0265978
0.0272994
0.0280302
0.0288408
0.0297087
0.0305957
0.0314956
0.0324196
0.0333553
0.0342864
0.035227
0.0361638
0.037066
0.0379519
0.0388617
0.0397981
0.0407637
0.0417646
0.0427935
0.0438554
0.0449281
0.0459839
0.0470381
0.048138
0.0492708
0.0503821
0.0514569
0.0525707
0.0537441
0.054925
0.0561094
0.0573577
0.0586552
0.0599582
0.0612979
0.0626958
0.0641305
0.0655141
0.0668178
0.0681396
0.0696088
0.0711534
0.0727265
0.0742891
0.0758601
0.0774607
0.0790857
0.0807168
0.0823937
0.0841205
0.0858779
0.0876639
0.0894723
0.0913399
0.0932245
0.0951731
0.0971378
0.0991499
0.1012
0.103311
0.105468
0.107632
0.10984
0.112078
0.114374
0.116743
0.119099
0.121509
0.123924
0.126405
0.128899
0.13142
0.13396
0.136408
0.138658
0.140794
0.0156291
0.014473
0.0114651
0.00822046
0.00708679
0.0082353
0.0102501
0.0120946
0.0135389
0.0147391
0.0157511
0.0166008
0.0174294
0.0182722
0.0190263
0.0197004
0.0204247
0.0212286
0.0220268
0.0227728
0.0234688
0.0241739
0.0249694
0.0258219
0.0266031
0.0273057
0.0280364
0.0288455
0.0297118
0.0305984
0.0314984
0.0324221
0.0333573
0.0342882
0.0352286
0.0361653
0.0370673
0.0379531
0.0388626
0.0397985
0.0407641
0.0417652
0.0427942
0.0438559
0.0449284
0.0459846
0.047039
0.0481389
0.0492715
0.0503828
0.0514577
0.0525715
0.0537446
0.0549255
0.0561099
0.0573581
0.0586556
0.0599586
0.0612983
0.0626962
0.064131
0.0655147
0.0668182
0.0681398
0.0696091
0.0711538
0.0727268
0.0742894
0.0758605
0.077461
0.079086
0.080717
0.082394
0.0841207
0.0858781
0.0876641
0.0894724
0.09134
0.0932247
0.0951733
0.0971379
0.09915
0.101201
0.103311
0.105468
0.107632
0.10984
0.112078
0.114374
0.116743
0.119099
0.121509
0.123924
0.126405
0.128899
0.13142
0.13396
0.136408
0.138659
0.140795
0.0153687
0.0143308
0.0116359
0.00860277
0.0073907
0.00837128
0.0103092
0.0121398
0.0135807
0.0147721
0.0157761
0.0166227
0.0174486
0.0182868
0.0190384
0.0197138
0.0204392
0.0212412
0.0220363
0.0227812
0.023479
0.0241856
0.0249793
0.0258286
0.0266092
0.0273135
0.0280447
0.0288519
0.0297161
0.0306019
0.0315018
0.0324251
0.0333596
0.0342901
0.0352303
0.036167
0.0370691
0.0379549
0.0388638
0.0397991
0.0407645
0.0417659
0.0427949
0.0438562
0.0449286
0.045985
0.04704
0.0481399
0.0492722
0.0503837
0.0514588
0.0525724
0.0537453
0.0549261
0.0561105
0.0573586
0.058656
0.059959
0.0612987
0.0626966
0.0641316
0.0655153
0.0668187
0.0681401
0.0696094
0.0711542
0.0727272
0.0742898
0.0758608
0.0774613
0.0790863
0.0807173
0.0823942
0.0841209
0.0858783
0.0876644
0.0894726
0.0913402
0.0932248
0.0951734
0.0971381
0.0991501
0.101201
0.103312
0.105468
0.107632
0.10984
0.112078
0.114374
0.116743
0.119099
0.121509
0.123924
0.126405
0.128899
0.13142
0.133961
0.136409
0.13866
0.140796
0.0151271
0.0141828
0.0117878
0.00898613
0.00771667
0.00852373
0.0103717
0.0121851
0.0136245
0.014808
0.0158035
0.0166463
0.0174692
0.0183024
0.0190513
0.0197279
0.0204545
0.0212547
0.0220466
0.0227904
0.0234901
0.0241983
0.02499
0.0258357
0.0266157
0.0273223
0.0280545
0.0288598
0.0297216
0.0306063
0.031506
0.0324286
0.0333622
0.0342921
0.0352321
0.0361686
0.0370712
0.0379573
0.0388657
0.0398001
0.0407652
0.0417668
0.0427958
0.0438565
0.0449284
0.0459853
0.0470409
0.0481408
0.0492729
0.0503845
0.0514601
0.0525737
0.0537462
0.0549269
0.0561114
0.0573593
0.0586563
0.0599593
0.0612991
0.0626971
0.0641321
0.0655161
0.0668194
0.0681404
0.0696098
0.0711548
0.0727277
0.0742903
0.0758613
0.0774618
0.0790867
0.0807177
0.0823946
0.0841213
0.0858786
0.0876647
0.0894729
0.0913405
0.093225
0.0951736
0.0971383
0.0991503
0.101201
0.103312
0.105468
0.107632
0.10984
0.112078
0.114375
0.116743
0.119099
0.121509
0.123924
0.126405
0.1289
0.131421
0.133961
0.13641
0.138662
0.140797
0.0149054
0.0140386
0.0119238
0.00936706
0.0080619
0.00869311
0.010438
0.0122297
0.0136694
0.0148465
0.0158331
0.0166715
0.0174909
0.018319
0.0190649
0.0197425
0.0204704
0.0212689
0.0220577
0.0228003
0.0235019
0.0242117
0.0250012
0.0258431
0.0266225
0.0273316
0.0280652
0.0288688
0.029728
0.0306115
0.0315108
0.0324326
0.0333651
0.0342942
0.0352336
0.0361701
0.0370732
0.03796
0.0388682
0.0398016
0.0407663
0.0417681
0.0427971
0.043857
0.0449282
0.0459854
0.0470418
0.0481416
0.0492733
0.0503852
0.0514615
0.0525752
0.0537473
0.0549279
0.0561126
0.0573603
0.0586568
0.0599596
0.0612993
0.0626974
0.0641326
0.0655168
0.0668201
0.0681408
0.0696103
0.0711553
0.0727282
0.0742907
0.0758618
0.0774623
0.0790872
0.0807182
0.082395
0.0841217
0.085879
0.0876651
0.0894732
0.0913408
0.0932253
0.0951738
0.0971385
0.0991505
0.101201
0.103312
0.105468
0.107632
0.10984
0.112078
0.114375
0.116743
0.1191
0.121509
0.123924
0.126406
0.1289
0.131421
0.133962
0.136411
0.138664
0.140799
0.0147076
0.0139057
0.0120427
0.00973778
0.00842199
0.00888057
0.0105097
0.0122734
0.0137146
0.0148873
0.0158649
0.0166982
0.0175137
0.0183364
0.0190791
0.0197579
0.0204871
0.021284
0.0220694
0.0228107
0.0235141
0.0242257
0.025013
0.0258508
0.0266294
0.0273411
0.0280762
0.0288783
0.0297351
0.0306174
0.0315162
0.032437
0.0333683
0.0342965
0.0352351
0.0361713
0.037075
0.0379628
0.038871
0.0398037
0.0407678
0.0417699
0.0427987
0.0438576
0.0449279
0.0459855
0.0470426
0.0481423
0.0492734
0.0503856
0.0514629
0.0525768
0.0537485
0.0549292
0.0561142
0.0573617
0.0586577
0.05996
0.0612996
0.0626974
0.0641327
0.0655174
0.0668209
0.0681415
0.0696109
0.071156
0.0727287
0.0742912
0.0758624
0.0774629
0.0790878
0.0807188
0.0823956
0.0841222
0.0858795
0.0876656
0.0894737
0.0913412
0.0932257
0.0951742
0.0971387
0.0991507
0.101201
0.103312
0.105469
0.107633
0.10984
0.112079
0.114375
0.116743
0.1191
0.121509
0.123925
0.126406
0.1289
0.131421
0.133962
0.136413
0.138667
0.140801
0.0145349
0.0137875
0.0121423
0.0100914
0.00879299
0.00908749
0.0105884
0.012316
0.0137592
0.0149298
0.0158989
0.0167263
0.0175374
0.0183545
0.019094
0.0197738
0.0205047
0.0212999
0.0220819
0.0228216
0.0235268
0.0242402
0.0250254
0.025859
0.0266366
0.0273508
0.0280875
0.0288882
0.0297426
0.0306238
0.031522
0.0324418
0.0333718
0.0342989
0.0352366
0.0361722
0.0370766
0.0379656
0.0388741
0.0398061
0.0407698
0.041772
0.0428007
0.0438584
0.0449277
0.0459855
0.0470434
0.0481428
0.0492731
0.0503857
0.0514642
0.0525784
0.0537496
0.0549305
0.0561161
0.0573636
0.0586589
0.0599608
0.0612999
0.0626971
0.0641324
0.0655176
0.0668216
0.0681422
0.0696119
0.071157
0.0727293
0.0742916
0.0758629
0.0774634
0.0790883
0.0807194
0.0823962
0.0841228
0.0858801
0.0876662
0.0894743
0.0913418
0.0932261
0.0951746
0.0971391
0.099151
0.101201
0.103312
0.105469
0.107633
0.109841
0.112079
0.114375
0.116744
0.1191
0.12151
0.123925
0.126406
0.128901
0.131422
0.133963
0.136414
0.13867
0.140804
0.0143846
0.0136858
0.0122234
0.0104234
0.00917027
0.00931374
0.0106755
0.0123574
0.0138025
0.014974
0.0159353
0.0167561
0.0175621
0.0183733
0.0191094
0.0197904
0.020523
0.0213169
0.0220952
0.022833
0.0235399
0.0242552
0.0250383
0.0258678
0.0266442
0.0273608
0.028099
0.0288983
0.0297506
0.0306306
0.0315283
0.0324469
0.0333755
0.0343014
0.035238
0.036173
0.037078
0.0379683
0.0388774
0.0398089
0.0407721
0.0417745
0.042803
0.0438595
0.0449276
0.0459856
0.0470442
0.0481432
0.0492727
0.0503856
0.0514653
0.0525799
0.0537507
0.0549318
0.0561181
0.0573657
0.0586606
0.059962
0.0613004
0.0626967
0.0641315
0.0655172
0.0668218
0.0681429
0.0696131
0.0711582
0.07273
0.074292
0.0758633
0.0774638
0.0790888
0.0807201
0.0823969
0.0841235
0.0858808
0.087667
0.089475
0.0913425
0.0932268
0.0951751
0.0971395
0.0991514
0.101202
0.103312
0.105469
0.107633
0.109841
0.112079
0.114375
0.116744
0.1191
0.12151
0.123925
0.126406
0.128901
0.131422
0.133964
0.136417
0.138674
0.140807
0.0142521
0.0136026
0.0122898
0.0107304
0.00954805
0.00955801
0.0107725
0.0123987
0.0138441
0.0150194
0.0159744
0.0167881
0.0175882
0.0183929
0.0191254
0.0198075
0.0205422
0.0213349
0.0221096
0.0228451
0.0235534
0.0242708
0.0250519
0.0258771
0.0266523
0.0273711
0.0281108
0.0289088
0.029759
0.030638
0.0315351
0.0324524
0.0333794
0.0343041
0.0352395
0.0361737
0.0370793
0.037971
0.0388807
0.0398118
0.0407748
0.0417772
0.0428055
0.0438607
0.0449276
0.0459858
0.0470451
0.0481437
0.0492721
0.0503851
0.0514661
0.0525813
0.0537518
0.0549331
0.0561202
0.0573679
0.0586625
0.0599637
0.0613013
0.0626962
0.0641301
0.0655161
0.0668215
0.0681432
0.0696144
0.0711598
0.072731
0.0742925
0.0758637
0.0774641
0.0790892
0.0807207
0.0823977
0.0841242
0.0858815
0.0876677
0.0894759
0.0913434
0.0932277
0.0951759
0.0971402
0.099152
0.101202
0.103313
0.105469
0.107633
0.109841
0.112079
0.114375
0.116744
0.1191
0.12151
0.123925
0.126406
0.128902
0.131423
0.133964
0.13642
0.138678
0.14081
0.014133
0.0135397
0.0123462
0.0110095
0.00992082
0.00981949
0.010882
0.0124414
0.0138841
0.0150656
0.0160163
0.0168227
0.017616
0.0184136
0.0191421
0.0198254
0.0205624
0.0213541
0.0221249
0.022858
0.0235675
0.0242869
0.0250662
0.025887
0.0266608
0.0273818
0.0281231
0.0289199
0.0297681
0.030646
0.0315423
0.0324583
0.0333837
0.034307
0.0352411
0.0361744
0.0370807
0.0379737
0.0388842
0.039815
0.0407777
0.0417803
0.0428083
0.0438622
0.0449278
0.0459861
0.0470461
0.0481442
0.0492714
0.0503845
0.0514669
0.0525825
0.0537527
0.0549343
0.0561222
0.0573701
0.0586645
0.0599656
0.0613025
0.0626958
0.0641283
0.0655143
0.0668205
0.0681431
0.0696156
0.0711617
0.0727323
0.0742931
0.0758641
0.0774643
0.0790894
0.0807211
0.0823984
0.0841249
0.0858822
0.0876685
0.0894768
0.0913444
0.0932287
0.0951768
0.097141
0.0991527
0.101203
0.103313
0.10547
0.107634
0.109841
0.112079
0.114375
0.116744
0.119101
0.12151
0.123926
0.126406
0.128902
0.131423
0.133965
0.136423
0.138683
0.140814
0.0140226
0.0134979
0.0123969
0.0112592
0.0102847
0.0100982
0.0110071
0.0124875
0.0139222
0.0151117
0.0160609
0.0168604
0.017646
0.0184357
0.0191597
0.019844
0.0205835
0.0213743
0.0221413
0.0228715
0.0235822
0.0243037
0.0250811
0.0258974
0.0266697
0.0273931
0.028136
0.0289318
0.029778
0.0306548
0.0315502
0.0324647
0.0333883
0.0343102
0.0352428
0.0361752
0.0370821
0.0379766
0.0388878
0.0398185
0.0407809
0.0417837
0.0428113
0.0438638
0.044928
0.0459864
0.0470472
0.0481447
0.0492706
0.0503838
0.0514675
0.0525838
0.0537537
0.0549355
0.0561242
0.0573723
0.0586665
0.0599676
0.0613038
0.0626953
0.0641261
0.0655118
0.0668189
0.0681426
0.0696167
0.0711636
0.0727338
0.0742939
0.0758645
0.0774644
0.0790895
0.0807215
0.082399
0.0841257
0.085883
0.0876693
0.0894777
0.0913455
0.0932299
0.0951779
0.097142
0.0991536
0.101203
0.103313
0.10547
0.107634
0.109842
0.11208
0.114375
0.116744
0.119101
0.121511
0.123926
0.126407
0.128903
0.131424
0.133966
0.136426
0.138689
0.140818
0.0139169
0.0134754
0.0124458
0.0114801
0.0106373
0.0103937
0.0111501
0.0125389
0.0139584
0.0151571
0.0161078
0.0169016
0.0176788
0.0184594
0.0191782
0.0198636
0.0206057
0.0213957
0.0221586
0.0228858
0.0235976
0.0243213
0.0250969
0.0259084
0.0266791
0.0274048
0.0281498
0.0289448
0.029789
0.0306643
0.0315585
0.0324714
0.0333933
0.0343137
0.0352446
0.0361761
0.0370835
0.0379796
0.0388916
0.0398223
0.0407845
0.0417873
0.0428146
0.0438655
0.0449282
0.0459868
0.0470484
0.0481454
0.0492699
0.050383
0.0514681
0.0525851
0.0537547
0.0549368
0.0561264
0.0573746
0.0586684
0.0599696
0.0613052
0.0626949
0.0641236
0.0655089
0.066817
0.0681419
0.0696176
0.0711655
0.0727353
0.0742947
0.0758649
0.0774645
0.0790895
0.0807218
0.0823997
0.0841264
0.0858837
0.08767
0.0894785
0.0913465
0.0932311
0.0951791
0.0971431
0.0991547
0.101204
0.103314
0.105471
0.107635
0.109842
0.11208
0.114376
0.116744
0.119101
0.121511
0.123926
0.126407
0.128904
0.131424
0.133967
0.13643
0.138695
0.140823
0.0138127
0.013469
0.0124974
0.0116747
0.0109762
0.010704
0.0113132
0.012598
0.0139934
0.015201
0.0161565
0.0169461
0.0177146
0.0184851
0.0191978
0.019884
0.020629
0.0214183
0.022177
0.022901
0.0236137
0.0243397
0.0251133
0.0259199
0.0266888
0.0274173
0.0281648
0.0289592
0.0298011
0.0306747
0.0315675
0.0324786
0.0333987
0.0343174
0.0352467
0.0361771
0.0370852
0.0379827
0.0388957
0.0398265
0.0407885
0.0417914
0.0428181
0.0438673
0.0449285
0.0459873
0.0470497
0.0481462
0.0492691
0.0503821
0.0514688
0.0525865
0.0537559
0.0549382
0.0561286
0.0573769
0.0586704
0.0599715
0.0613066
0.0626945
0.0641208
0.0655056
0.066815
0.0681414
0.0696184
0.0711673
0.0727367
0.0742955
0.0758653
0.0774646
0.0790895
0.0807221
0.0824003
0.0841272
0.0858846
0.0876707
0.0894792
0.0913475
0.0932324
0.0951803
0.0971442
0.0991559
0.101205
0.103314
0.105471
0.107635
0.109843
0.112081
0.114376
0.116743
0.119101
0.121511
0.123927
0.126407
0.128904
0.131425
0.133969
0.136434
0.138702
0.140827
0.0137089
0.013475
0.0125557
0.0118465
0.0112982
0.0110259
0.011498
0.0126675
0.0140283
0.0152427
0.0162058
0.0169939
0.0177539
0.0185131
0.0192189
0.0199055
0.0206534
0.0214422
0.0221965
0.022917
0.0236306
0.0243588
0.0251304
0.0259319
0.0266991
0.0274307
0.0281811
0.028975
0.0298144
0.0306859
0.0315771
0.0324863
0.0334044
0.0343214
0.0352491
0.0361784
0.037087
0.037986
0.0389001
0.0398311
0.040793
0.0417957
0.0428218
0.0438692
0.0449289
0.0459878
0.0470512
0.0481471
0.0492684
0.0503812
0.0514694
0.0525882
0.0537573
0.0549397
0.056131
0.0573794
0.0586724
0.0599734
0.0613081
0.0626941
0.0641179
0.0655021
0.0668133
0.0681417
0.0696196
0.0711689
0.0727379
0.0742962
0.0758656
0.0774647
0.0790896
0.0807226
0.0824011
0.084128
0.0858854
0.0876715
0.08948
0.0913484
0.0932336
0.0951816
0.0971454
0.0991572
0.101206
0.103315
0.105471
0.107636
0.109844
0.112081
0.114376
0.116743
0.119101
0.121511
0.123927
0.126408
0.128905
0.131426
0.13397
0.136439
0.138709
0.140832
0.013606
0.0134903
0.0126233
0.0119987
0.0116005
0.0113561
0.0117056
0.01275
0.0140644
0.015282
0.0162551
0.0170445
0.0177968
0.018544
0.0192414
0.019928
0.020679
0.0214673
0.0222172
0.022934
0.0236484
0.0243788
0.0251484
0.0259446
0.0267099
0.0274449
0.0281987
0.0289922
0.0298288
0.0306979
0.0315873
0.0324945
0.0334104
0.0343258
0.0352517
0.0361798
0.037089
0.0379896
0.0389047
0.039836
0.0407977
0.0418003
0.0428257
0.0438713
0.0449293
0.0459884
0.0470528
0.0481482
0.0492678
0.0503804
0.0514702
0.05259
0.053759
0.0549415
0.0561336
0.0573821
0.0586745
0.0599753
0.0613097
0.0626939
0.064115
0.0654986
0.066812
0.0681431
0.0696215
0.0711704
0.0727389
0.0742966
0.0758659
0.0774648
0.0790898
0.0807232
0.082402
0.084129
0.0858863
0.0876724
0.0894809
0.0913494
0.0932349
0.0951829
0.0971466
0.0991585
0.101208
0.103316
0.105472
0.107636
0.109844
0.112082
0.114376
0.116743
0.119101
0.121511
0.123928
0.126408
0.128906
0.131427
0.133971
0.136443
0.138716
0.140838
0.0135053
0.013512
0.0127019
0.0121347
0.011881
0.0116906
0.0119355
0.0128477
0.0141037
0.0153193
0.0163036
0.0170973
0.0178434
0.0185778
0.0192658
0.0199518
0.0207059
0.0214938
0.0222392
0.022952
0.023667
0.0243997
0.0251672
0.0259579
0.0267214
0.02746
0.0282174
0.0290105
0.029844
0.0307105
0.0315981
0.0325031
0.0334169
0.0343304
0.0352546
0.0361815
0.0370912
0.0379933
0.0389095
0.0398412
0.0408027
0.0418051
0.0428298
0.0438736
0.0449297
0.045989
0.0470544
0.0481494
0.0492671
0.0503795
0.0514711
0.052592
0.0537608
0.0549434
0.0561364
0.0573849
0.0586767
0.0599773
0.0613114
0.0626939
0.0641121
0.0654952
0.0668114
0.0681458
0.0696241
0.0711718
0.0727396
0.074297
0.0758661
0.0774649
0.0790901
0.080724
0.0824032
0.08413
0.0858872
0.0876733
0.0894819
0.0913505
0.0932361
0.0951842
0.0971479
0.0991599
0.101209
0.103316
0.105472
0.107636
0.109845
0.112083
0.114377
0.116743
0.1191
0.121511
0.123928
0.126408
0.128907
0.131428
0.133973
0.136448
0.138724
0.140844
0.0134074
0.013537
0.0127931
0.0122588
0.0121379
0.0120252
0.0121861
0.0129623
0.0141486
0.0153556
0.0163509
0.0171516
0.0178933
0.018615
0.0192925
0.019977
0.0207341
0.0215217
0.0222623
0.022971
0.0236866
0.0244216
0.025187
0.025972
0.0267336
0.027476
0.0282372
0.0290297
0.0298599
0.0307237
0.0316095
0.0325123
0.0334237
0.0343353
0.0352578
0.0361835
0.0370937
0.0379972
0.0389146
0.0398465
0.0408078
0.0418101
0.0428342
0.0438759
0.0449302
0.0459896
0.0470562
0.0481507
0.0492665
0.0503787
0.0514721
0.0525943
0.053763
0.0549456
0.0561394
0.057388
0.058679
0.0599792
0.0613132
0.0626939
0.0641094
0.065492
0.0668115
0.0681498
0.0696276
0.0711734
0.0727401
0.0742971
0.0758663
0.077465
0.0790905
0.0807249
0.0824045
0.0841312
0.0858882
0.0876743
0.0894831
0.0913518
0.0932374
0.0951855
0.0971491
0.0991613
0.10121
0.103317
0.105472
0.107636
0.109846
0.112084
0.114378
0.116743
0.1191
0.121511
0.123929
0.126409
0.128908
0.13143
0.133974
0.136453
0.138732
0.14085
0.0133115
0.0135608
0.012899
0.0123766
0.0123699
0.0123554
0.0124554
0.0130956
0.0142016
0.0153921
0.0163966
0.0172062
0.0179461
0.0186557
0.0193219
0.020004
0.0207638
0.0215511
0.0222867
0.022991
0.0237071
0.0244446
0.0252079
0.0259871
0.0267466
0.0274928
0.0282578
0.0290497
0.0298764
0.0307375
0.0316214
0.032522
0.0334309
0.0343406
0.0352613
0.0361858
0.0370963
0.0380014
0.0389199
0.039852
0.0408131
0.0418153
0.0428388
0.0438785
0.0449308
0.0459902
0.047058
0.0481521
0.049266
0.0503778
0.0514732
0.0525969
0.0537654
0.0549479
0.0561425
0.0573912
0.0586814
0.0599812
0.061315
0.0626941
0.0641069
0.0654888
0.0668122
0.0681549
0.0696318
0.071175
0.0727404
0.0742972
0.0758665
0.0774652
0.0790909
0.080726
0.082406
0.0841325
0.0858892
0.0876753
0.0894844
0.0913531
0.0932387
0.0951869
0.0971505
0.0991628
0.101212
0.103318
0.105473
0.107637
0.109846
0.112085
0.114378
0.116743
0.1191
0.121511
0.12393
0.126409
0.128909
0.131431
0.133976
0.136458
0.138741
0.140856
0.0132178
0.0135771
0.0130197
0.0124946
0.0125764
0.012677
0.0127413
0.0132483
0.0142643
0.0154306
0.0164408
0.0172607
0.018001
0.0186996
0.0193541
0.0200331
0.0207951
0.021582
0.0223124
0.023012
0.0237287
0.0244688
0.02523
0.0260031
0.0267604
0.0275105
0.0282793
0.0290702
0.0298934
0.0307518
0.031634
0.0325322
0.0334385
0.0343462
0.0352651
0.0361884
0.0370993
0.0380058
0.0389254
0.0398577
0.0408185
0.0418207
0.0428436
0.0438813
0.0449314
0.0459909
0.04706
0.0481537
0.0492656
0.050377
0.0514744
0.0525997
0.053768
0.0549505
0.0561459
0.0573947
0.0586839
0.0599833
0.0613169
0.0626943
0.0641044
0.0654858
0.0668133
0.0681607
0.0696366
0.0711766
0.0727407
0.0742971
0.0758666
0.0774655
0.0790915
0.0807272
0.0824076
0.0841339
0.0858903
0.0876765
0.0894859
0.0913547
0.0932401
0.0951882
0.0971518
0.0991644
0.101214
0.103319
0.105473
0.107637
0.109847
0.112086
0.114379
0.116743
0.1191
0.121511
0.12393
0.12641
0.128911
0.131432
0.133978
0.136464
0.13875
0.140863
0.0131314
0.0135785
0.0131505
0.0126208
0.0127597
0.0129852
0.0130415
0.0134205
0.014338
0.0154732
0.0164847
0.0173145
0.0180574
0.0187464
0.0193892
0.0200647
0.0208285
0.0216146
0.0223396
0.0230341
0.0237511
0.0244942
0.0252534
0.0260202
0.026775
0.0275291
0.0283017
0.0290915
0.0299108
0.0307666
0.0316472
0.032543
0.0334465
0.0343522
0.0352694
0.0361913
0.0371025
0.0380105
0.0389311
0.0398634
0.0408239
0.0418262
0.0428486
0.0438842
0.0449322
0.0459916
0.0470621
0.0481553
0.0492652
0.0503763
0.0514757
0.0526027
0.0537709
0.0549532
0.0561495
0.0573983
0.0586866
0.0599854
0.0613188
0.0626946
0.0641021
0.0654828
0.0668147
0.068167
0.0696417
0.0711784
0.0727409
0.0742971
0.0758667
0.0774657
0.0790921
0.0807285
0.0824092
0.0841354
0.0858914
0.0876777
0.0894875
0.0913563
0.0932415
0.0951896
0.0971532
0.099166
0.101215
0.10332
0.105474
0.107637
0.109848
0.112087
0.11438
0.116743
0.119099
0.121511
0.123931
0.126411
0.128912
0.131434
0.13398
0.136469
0.138759
0.14087
0.0130629
0.013562
0.0132818
0.0127619
0.0129251
0.0132747
0.0133527
0.0136127
0.0144234
0.0155219
0.0165298
0.0173671
0.0181144
0.0187957
0.0194272
0.0200989
0.0208642
0.021649
0.0223682
0.0230573
0.0237745
0.0245207
0.0252781
0.0260385
0.0267906
0.0275486
0.0283249
0.0291134
0.0299287
0.0307819
0.031661
0.0325544
0.033455
0.0343585
0.035274
0.0361945
0.037106
0.0380155
0.0389371
0.0398693
0.0408295
0.0418318
0.0428539
0.0438874
0.044933
0.0459925
0.0470643
0.0481572
0.0492649
0.0503755
0.0514772
0.052606
0.0537739
0.0549561
0.0561532
0.0574021
0.0586893
0.0599876
0.0613207
0.0626949
0.0640998
0.06548
0.0668164
0.0681734
0.069647
0.0711802
0.0727411
0.074297
0.0758669
0.077466
0.0790927
0.0807298
0.082411
0.0841369
0.0858926
0.0876789
0.0894892
0.0913581
0.0932431
0.095191
0.0971547
0.0991677
0.101217
0.103322
0.105474
0.107638
0.109849
0.112088
0.114381
0.116743
0.119099
0.121511
0.123932
0.126411
0.128913
0.131436
0.133982
0.136475
0.138769
0.140878
0.0130215
0.0135334
0.0134031
0.0129202
0.0130813
0.0135407
0.0136696
0.0138264
0.0145215
0.0155775
0.0165783
0.0174189
0.0181709
0.0188468
0.019468
0.0201359
0.0209027
0.0216858
0.0223984
0.0230816
0.023799
0.0245483
0.0253042
0.026058
0.0268072
0.0275689
0.028349
0.029136
0.0299471
0.0307977
0.0316755
0.0325664
0.0334639
0.0343653
0.035279
0.0361982
0.0371099
0.0380209
0.0389434
0.0398754
0.0408351
0.0418376
0.0428594
0.0438908
0.0449339
0.0459933
0.0470667
0.0481592
0.0492646
0.0503748
0.0514789
0.0526094
0.053777
0.0549591
0.0561571
0.057406
0.0586921
0.0599898
0.0613226
0.0626953
0.0640975
0.0654772
0.066818
0.0681799
0.0696524
0.071182
0.0727413
0.074297
0.0758671
0.0774664
0.0790934
0.0807312
0.0824128
0.0841384
0.0858938
0.0876803
0.089491
0.0913599
0.0932447
0.0951925
0.0971562
0.0991694
0.101219
0.103323
0.105475
0.107638
0.10985
0.112089
0.114382
0.116743
0.119099
0.121511
0.123932
0.126412
0.128914
0.131438
0.133985
0.136482
0.138779
0.140886
0.0130089
0.0135053
0.0135073
0.0130906
0.0132386
0.0137825
0.0139845
0.014062
0.0146335
0.0156398
0.0166324
0.0174713
0.0182262
0.0188991
0.0195112
0.0201756
0.0209441
0.0217252
0.0224303
0.0231071
0.0238245
0.0245772
0.0253316
0.0260788
0.0268249
0.0275903
0.0283741
0.0291594
0.0299661
0.0308141
0.0316907
0.0325792
0.0334734
0.0343725
0.0352845
0.0362023
0.0371141
0.0380265
0.0389499
0.0398816
0.0408409
0.0418436
0.0428652
0.0438944
0.0449349
0.0459943
0.0470692
0.0481614
0.0492645
0.0503741
0.0514806
0.052613
0.0537802
0.0549621
0.0561611
0.0574101
0.058695
0.059992
0.0613246
0.0626957
0.0640953
0.0654745
0.0668198
0.0681862
0.0696578
0.0711839
0.0727416
0.0742969
0.0758673
0.0774668
0.0790941
0.0807326
0.0824146
0.08414
0.0858951
0.0876817
0.0894928
0.0913618
0.0932464
0.0951941
0.0971579
0.0991712
0.101221
0.103325
0.105475
0.107639
0.109851
0.11209
0.114383
0.116743
0.119099
0.121511
0.123933
0.126413
0.128916
0.13144
0.133987
0.136488
0.13879
0.140894
0.0130182
0.0134893
0.013594
0.0132632
0.0134057
0.0140051
0.0142886
0.0143171
0.0147627
0.0157083
0.0166934
0.0175267
0.0182799
0.0189513
0.0195567
0.020218
0.0209883
0.0217676
0.0224645
0.0231339
0.0238512
0.0246074
0.0253603
0.0261009
0.0268438
0.0276127
0.0284001
0.0291836
0.0299858
0.0308311
0.0317065
0.0325926
0.0334834
0.0343802
0.0352905
0.0362069
0.0371188
0.0380326
0.0389568
0.039888
0.0408468
0.0418498
0.0428713
0.0438983
0.0449361
0.0459953
0.0470719
0.0481638
0.0492645
0.0503735
0.0514825
0.0526168
0.0537836
0.0549653
0.0561653
0.0574144
0.058698
0.0599943
0.0613266
0.0626962
0.0640932
0.0654719
0.0668215
0.0681925
0.0696632
0.0711859
0.072742
0.0742969
0.0758676
0.0774672
0.0790949
0.080734
0.0824165
0.0841417
0.0858965
0.0876832
0.0894948
0.0913638
0.0932482
0.0951957
0.0971596
0.0991731
0.101223
0.103326
0.105476
0.107639
0.109851
0.112091
0.114384
0.116743
0.119099
0.121512
0.123934
0.126413
0.128917
0.131442
0.13399
0.136495
0.138801
0.140903
0.0130409
0.0134906
0.0136704
0.0134286
0.0135841
0.0142184
0.014576
0.0145845
0.0149129
0.0157838
0.0167601
0.0175882
0.018333
0.0190021
0.0196039
0.0202631
0.0210353
0.021813
0.0225014
0.0231622
0.023879
0.024639
0.0253905
0.0261242
0.0268638
0.0276364
0.0284272
0.0292085
0.030006
0.0308487
0.0317231
0.0326067
0.0334941
0.0343884
0.035297
0.0362119
0.0371238
0.038039
0.038964
0.0398946
0.0408529
0.0418562
0.0428777
0.0439024
0.0449373
0.0459965
0.0470748
0.0481664
0.0492646
0.050373
0.0514844
0.0526207
0.053787
0.0549685
0.0561695
0.0574187
0.058701
0.0599966
0.0613287
0.0626967
0.0640912
0.0654695
0.0668233
0.0681986
0.0696685
0.0711879
0.0727425
0.074297
0.0758679
0.0774677
0.0790957
0.0807355
0.0824184
0.0841434
0.0858979
0.0876847
0.0894968
0.0913659
0.0932501
0.0951974
0.0971613
0.0991751
0.101225
0.103328
0.105477
0.10764
0.109852
0.112093
0.114385
0.116743
0.119099
0.121512
0.123935
0.126414
0.128919
0.131445
0.133993
0.136502
0.138813
0.140912
0.0130726
0.0135079
0.0137455
0.0135815
0.0137656
0.0144331
0.0148488
0.014854
0.015085
0.0158697
0.0168308
0.0176575
0.018388
0.0190505
0.0196516
0.0203109
0.0210852
0.0218613
0.0225412
0.0231926
0.0239079
0.024672
0.0254224
0.0261487
0.026885
0.0276614
0.0284555
0.0292344
0.0300268
0.030867
0.0317405
0.0326216
0.0335053
0.0343972
0.035304
0.0362175
0.0371294
0.0380458
0.0389715
0.0399014
0.0408591
0.0418628
0.0428845
0.0439068
0.0449387
0.0459977
0.0470779
0.0481692
0.0492648
0.0503725
0.0514865
0.0526248
0.0537906
0.0549717
0.0561739
0.0574233
0.0587042
0.059999
0.0613308
0.0626973
0.0640892
0.0654671
0.0668251
0.0682047
0.0696738
0.0711901
0.072743
0.0742971
0.0758683
0.0774682
0.0790965
0.080737
0.0824204
0.0841452
0.0858994
0.0876863
0.0894989
0.091368
0.093252
0.0951992
0.0971632
0.0991772
0.101227
0.103329
0.105478
0.107641
0.109853
0.112094
0.114386
0.116743
0.119099
0.121512
0.123936
0.126415
0.128921
0.131447
0.133997
0.136509
0.138825
0.140922
0.0131131
0.0135376
0.0138259
0.0137251
0.0139387
0.0146528
0.0151156
0.0151168
0.0152742
0.0159718
0.0169049
0.0177336
0.0184487
0.0190969
0.0196979
0.0203611
0.0211384
0.0219127
0.0225835
0.0232253
0.0239383
0.0247064
0.025456
0.0261746
0.026907
0.0276876
0.0284853
0.0292612
0.0300482
0.030886
0.0317588
0.0326373
0.0335172
0.0344066
0.0353117
0.0362236
0.0371354
0.0380531
0.0389794
0.0399085
0.0408655
0.0418696
0.0428915
0.0439115
0.0449403
0.045999
0.0470812
0.0481723
0.0492651
0.050372
0.0514888
0.0526291
0.0537942
0.054975
0.0561785
0.0574279
0.0587074
0.0600014
0.061333
0.062698
0.0640873
0.0654649
0.0668269
0.0682106
0.069679
0.0711923
0.0727436
0.0742972
0.0758687
0.0774688
0.0790974
0.0807386
0.0824224
0.084147
0.085901
0.0876881
0.0895011
0.0913703
0.093254
0.095201
0.0971651
0.0991793
0.10123
0.103331
0.105478
0.107641
0.109855
0.112095
0.114387
0.116743
0.119099
0.121513
0.123937
0.126416
0.128922
0.13145
0.134
0.136517
0.138837
0.140933
0.0131608
0.013578
0.0139135
0.0138691
0.014097
0.0148691
0.0153866
0.0153723
0.0154702
0.0160936
0.0169859
0.0178132
0.0185174
0.0191441
0.0197414
0.0204124
0.021195
0.0219673
0.0226284
0.0232603
0.0239711
0.0247424
0.0254914
0.0262021
0.0269298
0.0277147
0.0285165
0.0292893
0.0300703
0.0309054
0.031778
0.032654
0.0335298
0.0344166
0.03532
0.0362302
0.0371419
0.0380608
0.0389877
0.0399158
0.0408721
0.0418767
0.0428988
0.0439165
0.044942
0.0460004
0.0470846
0.0481756
0.0492656
0.0503717
0.0514911
0.0526335
0.0537979
0.0549784
0.0561831
0.0574328
0.0587107
0.0600039
0.0613353
0.0626987
0.0640856
0.0654629
0.0668287
0.0682164
0.0696842
0.0711946
0.0727443
0.0742974
0.0758692
0.0774695
0.0790983
0.0807403
0.0824245
0.0841488
0.0859026
0.0876898
0.0895034
0.0913726
0.0932561
0.0952029
0.0971671
0.0991815
0.101232
0.103333
0.105479
0.107642
0.109856
0.112097
0.114388
0.116743
0.119099
0.121513
0.123938
0.126417
0.128924
0.131453
0.134004
0.136525
0.13885
0.140944
0.0132097
0.0136278
0.0140055
0.0140222
0.0142446
0.0150682
0.0156662
0.0156299
0.0156625
0.0162319
0.0170804
0.0178948
0.0185932
0.0191962
0.019782
0.0204626
0.0212546
0.0220258
0.022676
0.0232971
0.0240062
0.0247808
0.0255285
0.0262313
0.0269538
0.0277426
0.0285491
0.0293188
0.0300931
0.0309254
0.0317979
0.0326716
0.0335432
0.0344272
0.035329
0.0362375
0.0371489
0.0380691
0.0389964
0.0399235
0.0408789
0.0418839
0.0429065
0.0439218
0.0449439
0.046002
0.0470883
0.0481792
0.0492663
0.0503714
0.0514937
0.0526382
0.0538018
0.0549818
0.0561879
0.0574378
0.0587141
0.0600064
0.0613376
0.0626995
0.0640839
0.065461
0.0668306
0.0682221
0.0696893
0.071197
0.0727451
0.0742976
0.0758698
0.0774702
0.0790993
0.0807419
0.0824267
0.0841508
0.0859043
0.0876917
0.0895058
0.0913749
0.0932582
0.0952049
0.0971692
0.0991839
0.101234
0.103334
0.10548
0.107643
0.109857
0.112098
0.11439
0.116743
0.119099
0.121514
0.12394
0.126419
0.128926
0.131457
0.134008
0.136533
0.138864
0.140955
0.0132527
0.0136849
0.0140974
0.0141872
0.0143942
0.0152406
0.0159457
0.0159025
0.0158486
0.0163761
0.0171939
0.0179813
0.0186723
0.0192562
0.0198224
0.0205097
0.0213162
0.0220885
0.022727
0.0233355
0.0240431
0.0248222
0.0255677
0.0262619
0.0269791
0.0277713
0.0285828
0.02935
0.0301171
0.030946
0.0318186
0.0326903
0.0335575
0.0344384
0.0353386
0.0362455
0.0371564
0.0380777
0.0390055
0.0399315
0.0408859
0.0418914
0.0429145
0.0439275
0.0449461
0.0460037
0.0470922
0.0481831
0.0492672
0.0503712
0.0514963
0.052643
0.0538057
0.0549852
0.0561928
0.0574429
0.0587177
0.0600089
0.06134
0.0627005
0.0640825
0.0654593
0.0668325
0.0682276
0.0696943
0.0711994
0.072746
0.0742979
0.0758705
0.077471
0.0791003
0.0807437
0.0824289
0.0841528
0.0859061
0.0876937
0.0895082
0.0913774
0.0932604
0.095207
0.0971713
0.0991863
0.101237
0.103336
0.105481
0.107644
0.109858
0.112099
0.114391
0.116744
0.119099
0.121514
0.123941
0.12642
0.128928
0.131461
0.134012
0.136542
0.138878
0.140967
0.013286
0.0137447
0.0141866
0.0143599
0.0145581
0.0153877
0.0162071
0.0161975
0.0160395
0.0165136
0.0173241
0.0180804
0.0187525
0.0193232
0.0198664
0.0205536
0.0213778
0.0221552
0.0227819
0.0233757
0.0240811
0.0248668
0.0256103
0.0262939
0.0270055
0.027801
0.0286174
0.0293826
0.0301424
0.0309672
0.03184
0.03271
0.0335727
0.0344504
0.0353489
0.0362543
0.0371647
0.0380869
0.0390151
0.0399399
0.0408931
0.0418991
0.0429229
0.0439336
0.0449484
0.0460055
0.0470963
0.0481873
0.0492683
0.0503711
0.0514991
0.0526481
0.0538098
0.0549887
0.0561978
0.0574482
0.0587213
0.0600116
0.0613424
0.0627015
0.0640812
0.0654577
0.0668345
0.0682331
0.0696993
0.071202
0.072747
0.0742983
0.0758712
0.0774719
0.0791013
0.0807455
0.0824312
0.0841549
0.0859079
0.0876957
0.0895107
0.0913799
0.0932627
0.0952092
0.0971735
0.0991888
0.101239
0.103338
0.105482
0.107645
0.109859
0.112101
0.114392
0.116744
0.119099
0.121515
0.123942
0.126421
0.12893
0.131464
0.134017
0.136551
0.138893
0.14098
0.013313
0.0138015
0.0142712
0.0145333
0.0147436
0.015523
0.0164346
0.0165074
0.0162512
0.0166399
0.01746
0.0181989
0.0188364
0.0193938
0.0199169
0.020596
0.0214378
0.022225
0.0228408
0.0234184
0.0241198
0.0249136
0.0256572
0.0263281
0.0270324
0.0278319
0.028653
0.0294164
0.0301692
0.0309894
0.0318621
0.0327306
0.033589
0.0344633
0.0353599
0.0362637
0.0371736
0.0380967
0.0390252
0.0399487
0.0409006
0.0419071
0.0429316
0.0439401
0.044951
0.0460075
0.0471008
0.0481918
0.0492696
0.0503712
0.051502
0.0526534
0.0538141
0.0549922
0.0562029
0.0574537
0.058725
0.0600142
0.061345
0.0627027
0.06408
0.0654564
0.0668365
0.0682384
0.0697042
0.0712047
0.0727481
0.0742988
0.0758721
0.0774728
0.0791025
0.0807473
0.0824335
0.084157
0.0859099
0.0876979
0.0895134
0.0913825
0.0932651
0.0952114
0.0971758
0.0991914
0.101242
0.10334
0.105483
0.107646
0.109861
0.112102
0.114394
0.116744
0.1191
0.121516
0.123943
0.126423
0.128933
0.131469
0.134022
0.13656
0.138908
0.140993
0.0133447
0.0138513
0.0143465
0.014701
0.0149514
0.0156638
0.0166224
0.0168116
0.0164958
0.0167659
0.0175876
0.0183351
0.0189322
0.0194657
0.0199729
0.0206395
0.0214958
0.0222973
0.0229033
0.023464
0.0241599
0.0249619
0.0257085
0.0263658
0.0270597
0.0278636
0.0286902
0.0294511
0.0301972
0.0310129
0.0318851
0.0327522
0.0336063
0.0344771
0.0353718
0.0362738
0.0371832
0.0381071
0.0390357
0.0399578
0.0409085
0.0419153
0.0429408
0.043947
0.0449538
0.0460097
0.0471054
0.0481967
0.0492712
0.0503713
0.0515051
0.052659
0.0538185
0.0549958
0.0562081
0.0574594
0.0587288
0.060017
0.0613476
0.062704
0.0640791
0.0654553
0.0668385
0.0682436
0.069709
0.0712074
0.0727493
0.0742994
0.075873
0.0774739
0.0791037
0.0807492
0.082436
0.0841592
0.0859119
0.0877001
0.0895161
0.0913852
0.0932675
0.0952138
0.0971782
0.0991941
0.101245
0.103342
0.105485
0.107647
0.109862
0.112104
0.114395
0.116744
0.1191
0.121516
0.123945
0.126425
0.128935
0.131473
0.134028
0.136569
0.138924
0.141007
0.0133958
0.0138993
0.0144065
0.0148545
0.0151764
0.015825
0.0167797
0.0170891
0.0167696
0.01691
0.0177003
0.018478
0.0190468
0.0195427
0.0200317
0.0206849
0.0215527
0.0223719
0.0229693
0.0235115
0.024202
0.0250114
0.0257631
0.0264085
0.0270881
0.027895
0.0287294
0.0294872
0.0302258
0.0310378
0.0319093
0.0327746
0.0336244
0.0344918
0.0353845
0.0362847
0.0371935
0.0381183
0.0390467
0.0399673
0.0409167
0.0419239
0.0429503
0.0439544
0.0449568
0.046012
0.0471104
0.048202
0.0492731
0.0503716
0.0515083
0.0526648
0.053823
0.0549994
0.0562134
0.0574652
0.0587328
0.0600198
0.0613503
0.0627054
0.0640783
0.0654544
0.0668407
0.0682486
0.0697137
0.0712102
0.0727506
0.0743
0.075874
0.077475
0.0791049
0.0807512
0.0824384
0.0841615
0.085914
0.0877024
0.0895189
0.091388
0.0932701
0.0952162
0.0971807
0.0991969
0.101247
0.103344
0.105486
0.107648
0.109863
0.112106
0.114397
0.116745
0.1191
0.121517
0.123946
0.126427
0.128937
0.131478
0.134034
0.136579
0.13894
0.141022
0.0134781
0.0139608
0.0144509
0.014983
0.0154088
0.0160156
0.0169243
0.017327
0.0170526
0.0170872
0.0178085
0.0186132
0.0191782
0.0196329
0.0200935
0.0207304
0.0216082
0.02245
0.02304
0.0235597
0.0242453
0.0250635
0.0258201
0.0264557
0.0271195
0.0279258
0.0287696
0.0295257
0.0302548
0.0310633
0.0319352
0.0327982
0.0336434
0.0345073
0.0353983
0.0362966
0.0372044
0.03813
0.0390584
0.0399772
0.0409251
0.0419327
0.0429603
0.0439622
0.0449603
0.0460144
0.0471156
0.0482078
0.0492753
0.0503719
0.0515117
0.0526709
0.0538278
0.055003
0.0562188
0.0574712
0.0587368
0.0600226
0.0613531
0.0627071
0.0640778
0.0654538
0.0668429
0.0682536
0.0697184
0.0712131
0.072752
0.0743007
0.0758752
0.0774762
0.0791062
0.0807533
0.082441
0.0841639
0.0859162
0.0877049
0.0895218
0.0913909
0.0932727
0.0952188
0.0971832
0.0991998
0.10125
0.103346
0.105487
0.10765
0.109865
0.112107
0.114398
0.116745
0.119101
0.121518
0.123948
0.126429
0.12894
0.131483
0.13404
0.136589
0.138957
0.141037
0.0135926
0.0140535
0.0144931
0.0150772
0.0156332
0.0162374
0.017075
0.0175285
0.017322
0.0172966
0.0179308
0.0187347
0.0193148
0.0197419
0.0201643
0.0207746
0.0216592
0.0225313
0.0231184
0.0236083
0.0242875
0.025119
0.0258804
0.0265062
0.0271549
0.0279571
0.0288096
0.0295669
0.0302853
0.0310886
0.0319627
0.0328238
0.0336633
0.0345236
0.035413
0.0363094
0.0372162
0.0381424
0.0390708
0.0399877
0.0409338
0.0419418
0.0429707
0.0439707
0.044964
0.046017
0.047121
0.048214
0.0492779
0.0503724
0.0515152
0.0526773
0.0538327
0.0550066
0.0562244
0.0574773
0.058741
0.0600255
0.061356
0.0627089
0.0640775
0.0654533
0.0668452
0.0682584
0.069723
0.0712161
0.0727535
0.0743016
0.0758765
0.0774775
0.0791076
0.0807554
0.0824437
0.0841663
0.0859185
0.0877074
0.0895249
0.0913939
0.0932754
0.0952214
0.0971859
0.0992028
0.101253
0.103348
0.105489
0.107651
0.109866
0.112109
0.1144
0.116746
0.119101
0.121519
0.123949
0.126431
0.128943
0.131488
0.134047
0.136599
0.138974
0.141053
0.0137284
0.0141888
0.0145549
0.0151376
0.0158307
0.0164836
0.0172476
0.0177087
0.0175617
0.0175194
0.0180828
0.0188533
0.0194426
0.019865
0.0202531
0.0208218
0.0217017
0.0226121
0.0232082
0.0236605
0.0243248
0.0251766
0.0259465
0.0265593
0.0271933
0.0279906
0.0288493
0.0296098
0.0303183
0.0311138
0.0319907
0.0328519
0.0336845
0.0345403
0.0354285
0.0363234
0.037229
0.0381554
0.0390838
0.0399988
0.0409429
0.0419511
0.0429817
0.0439797
0.0449682
0.0460197
0.0471267
0.0482207
0.0492811
0.0503731
0.0515187
0.052684
0.0538379
0.0550103
0.05623
0.0574837
0.0587454
0.0600285
0.061359
0.0627109
0.0640775
0.0654531
0.0668475
0.0682632
0.0697275
0.0712192
0.0727552
0.0743025
0.0758779
0.0774789
0.079109
0.0807575
0.0824464
0.0841689
0.0859209
0.0877101
0.089528
0.091397
0.0932782
0.0952242
0.0971886
0.0992059
0.101256
0.10335
0.10549
0.107653
0.109868
0.112111
0.114402
0.116746
0.119102
0.121521
0.123951
0.126434
0.128946
0.131494
0.134054
0.13661
0.138992
0.14107
0.0138698
0.0143642
0.0146584
0.0151801
0.0159834
0.0167377
0.0174517
0.0178864
0.0177715
0.0177319
0.0182634
0.0189895
0.0195571
0.019988
0.0203641
0.0208824
0.021735
0.0226844
0.0233103
0.0237232
0.0243553
0.0252312
0.0260205
0.0266169
0.0272326
0.0280272
0.0288902
0.0296531
0.0303538
0.0311398
0.0320184
0.0328822
0.033708
0.0345573
0.0354447
0.0363385
0.0372428
0.0381693
0.0390974
0.0400106
0.0409525
0.0419606
0.042993
0.0439895
0.0449729
0.0460226
0.0471326
0.0482278
0.0492847
0.0503739
0.0515223
0.0526911
0.0538434
0.0550139
0.0562356
0.0574903
0.0587498
0.0600315
0.0613621
0.0627131
0.0640777
0.0654532
0.06685
0.0682679
0.069732
0.0712223
0.072757
0.0743036
0.0758795
0.0774804
0.0791105
0.0807598
0.0824492
0.0841715
0.0859234
0.0877129
0.0895313
0.0914001
0.0932811
0.0952271
0.0971915
0.0992091
0.101259
0.103353
0.105492
0.107654
0.10987
0.112113
0.114404
0.116747
0.119103
0.121522
0.123952
0.126437
0.128949
0.131499
0.134062
0.136621
0.13901
0.141088
0.0140022
0.0145664
0.0148168
0.0152318
0.016084
0.0169756
0.0176879
0.0180796
0.0179655
0.0179167
0.0184518
0.0191598
0.0196728
0.0200954
0.0204882
0.0209682
0.0217673
0.0227398
0.0234184
0.0238044
0.0243829
0.0252759
0.0261015
0.0266836
0.0272716
0.0280646
0.0289347
0.0296972
0.0303906
0.0311677
0.0320458
0.0329137
0.0337345
0.0345755
0.0354608
0.0363546
0.0372577
0.038184
0.0391116
0.0400231
0.0409626
0.0419703
0.0430047
0.0439999
0.0449781
0.0460257
0.0471387
0.0482354
0.0492888
0.050375
0.0515261
0.0526983
0.0538491
0.0550177
0.0562413
0.0574971
0.0587545
0.0600346
0.0613653
0.0627155
0.0640783
0.0654535
0.0668525
0.0682725
0.0697363
0.0712256
0.0727589
0.0743047
0.0758812
0.0774821
0.0791121
0.0807621
0.0824521
0.0841742
0.085926
0.0877158
0.0895346
0.0914034
0.0932841
0.0952301
0.0971944
0.0992124
0.101262
0.103355
0.105493
0.107656
0.109872
0.112114
0.114405
0.116747
0.119104
0.121524
0.123954
0.12644
0.128953
0.131505
0.134071
0.136633
0.139028
0.141106
0.0141122
0.0147799
0.015029
0.0153203
0.0161437
0.0171719
0.0179435
0.0183018
0.0181625
0.0180731
0.0186212
0.019363
0.0198147
0.0201832
0.0206064
0.021083
0.0218142
0.022776
0.0235194
0.0239085
0.0244178
0.0253052
0.0261828
0.0267642
0.0273129
0.0280991
0.0289831
0.0297446
0.0304274
0.031197
0.032074
0.0329453
0.0337637
0.0345958
0.035477
0.0363712
0.037274
0.0381996
0.0391266
0.0400362
0.0409732
0.0419803
0.0430167
0.044011
0.0449839
0.0460291
0.0471449
0.0482436
0.0492935
0.0503763
0.0515299
0.052706
0.0538551
0.0550215
0.0562471
0.0575041
0.0587594
0.0600378
0.0613686
0.0627181
0.0640791
0.0654541
0.0668552
0.0682771
0.0697406
0.0712289
0.0727609
0.074306
0.075883
0.0774838
0.0791138
0.0807645
0.082455
0.084177
0.0859287
0.0877188
0.0895381
0.0914068
0.0932871
0.0952332
0.0971975
0.0992159
0.101265
0.103357
0.105495
0.107658
0.109873
0.112116
0.114407
0.116748
0.119104
0.121525
0.123956
0.126443
0.128957
0.131512
0.13408
0.136645
0.139047
0.141125
0.0141859
0.0149894
0.0152819
0.0154653
0.0161891
0.0173103
0.0181951
0.0185569
0.0183815
0.0182171
0.0187502
0.0195743
0.0200043
0.0202704
0.0206984
0.0212138
0.0218924
0.0228044
0.0235992
0.0240282
0.0244734
0.0253212
0.0262536
0.0268596
0.0273632
0.0281281
0.0290323
0.0297987
0.0304651
0.0312256
0.032104
0.0329777
0.0337944
0.0346191
0.035494
0.0363878
0.0372916
0.0382165
0.0391423
0.04005
0.0409844
0.0419907
0.0430291
0.0440227
0.0449905
0.0460327
0.0471514
0.0482524
0.0492988
0.0503778
0.0515339
0.052714
0.0538614
0.0550253
0.0562529
0.0575113
0.0587644
0.0600411
0.061372
0.062721
0.0640803
0.065455
0.0668579
0.0682815
0.0697449
0.0712323
0.0727631
0.0743074
0.075885
0.0774857
0.0791156
0.080767
0.0824581
0.0841799
0.0859316
0.0877219
0.0895417
0.0914102
0.0932903
0.0952365
0.0972007
0.0992194
0.101269
0.10336
0.105497
0.107659
0.109875
0.112118
0.114409
0.116749
0.119105
0.121527
0.123958
0.126446
0.128961
0.131518
0.13409
0.136657
0.139066
0.141145
0.0142116
0.0151786
0.0155582
0.0156722
0.0162501
0.0173927
0.0184166
0.0188353
0.0186367
0.0183719
0.0188356
0.0197599
0.0202438
0.0203884
0.0207581
0.0213353
0.0220076
0.0228464
0.0236523
0.024146
0.0245587
0.0253368
0.0263037
0.026963
0.0274304
0.0281534
0.0290767
0.0298603
0.0305075
0.0312519
0.0321344
0.0330126
0.033826
0.0346445
0.0355129
0.0364042
0.0373095
0.0382349
0.039159
0.0400646
0.0409962
0.0420015
0.043042
0.0440351
0.0449977
0.0460366
0.047158
0.0482618
0.0493048
0.0503794
0.0515378
0.0527224
0.0538681
0.0550291
0.0562588
0.0575187
0.0587697
0.0600444
0.0613755
0.0627241
0.0640818
0.0654561
0.0668609
0.0682859
0.0697491
0.0712358
0.0727654
0.074309
0.0758872
0.0774877
0.0791174
0.0807696
0.0824613
0.084183
0.0859345
0.0877252
0.0895455
0.0914138
0.0932936
0.0952399
0.097204
0.0992231
0.101272
0.103363
0.105499
0.107661
0.109878
0.11212
0.114411
0.11675
0.119106
0.121529
0.12396
0.12645
0.128966
0.131525
0.1341
0.13667
0.139086
0.141165
0.0141874
0.0153298
0.01584
0.0159338
0.0163525
0.0174385
0.018587
0.0191154
0.0189311
0.0185616
0.0188953
0.01989
0.020507
0.0205671
0.0208058
0.0214206
0.0221435
0.0229241
0.0236921
0.024242
0.0246679
0.0253699
0.0263316
0.0270608
0.0275188
0.0281826
0.0291114
0.0299263
0.0305592
0.031277
0.0321621
0.0330504
0.0338597
0.0346709
0.0355343
0.0364216
0.0373273
0.0382544
0.0391772
0.04008
0.0410085
0.0420127
0.0430553
0.0440481
0.0450055
0.0460408
0.0471649
0.0482718
0.0493117
0.0503811
0.0515417
0.0527313
0.0538753
0.0550329
0.0562646
0.0575265
0.0587752
0.0600478
0.0613791
0.0627275
0.0640836
0.0654575
0.0668639
0.0682904
0.0697532
0.0712393
0.0727679
0.0743107
0.0758896
0.0774899
0.0791194
0.0807723
0.0824646
0.0841861
0.0859375
0.0877286
0.0895493
0.0914175
0.093297
0.0952434
0.0972074
0.0992269
0.101275
0.103365
0.105501
0.107663
0.10988
0.112123
0.114413
0.116751
0.119108
0.121532
0.123962
0.126453
0.128971
0.131532
0.134111
0.136683
0.139106
0.141186
0.0141285
0.0154288
0.0161078
0.0162352
0.0165117
0.0174745
0.0187
0.0193733
0.0192531
0.0188035
0.0189593
0.0199525
0.0207543
0.0208174
0.0208783
0.0214585
0.0222694
0.0230459
0.0237449
0.0243071
0.0247792
0.0254347
0.0263511
0.0271384
0.0276234
0.0282261
0.029136
0.0299899
0.0306227
0.0313052
0.0321846
0.0330894
0.0338978
0.034698
0.035557
0.0364411
0.037345
0.0382741
0.0391969
0.0400966
0.0410214
0.0420241
0.0430692
0.0440621
0.0450141
0.0460452
0.0471719
0.0482826
0.0493194
0.0503832
0.0515453
0.0527406
0.0538831
0.0550368
0.0562703
0.0575345
0.058781
0.0600512
0.0613828
0.0627312
0.0640857
0.0654591
0.0668672
0.0682948
0.0697573
0.071243
0.0727706
0.0743125
0.0758921
0.0774921
0.0791215
0.0807751
0.0824681
0.0841894
0.0859406
0.0877322
0.0895533
0.0914212
0.0933005
0.0952471
0.0972109
0.0992307
0.101279
0.103368
0.105503
0.107666
0.109882
0.112125
0.114416
0.116753
0.119109
0.121534
0.123964
0.126457
0.128976
0.131539
0.134122
0.136697
0.139126
0.141208
0.0140612
0.0154728
0.0163414
0.0165574
0.016731
0.0175275
0.0187637
0.0195894
0.0195818
0.0191004
0.0190593
0.0199609
0.0209454
0.0211173
0.021014
0.0214681
0.0223524
0.0231933
0.023838
0.0243562
0.024868
0.0255269
0.0263844
0.0271904
0.0277292
0.0282921
0.0291571
0.0300442
0.0306957
0.0313418
0.0322025
0.0331258
0.0339411
0.0347277
0.0355795
0.0364629
0.0373639
0.0382933
0.0392179
0.0401149
0.0410349
0.0420358
0.0430833
0.044077
0.0450236
0.0460497
0.0471789
0.0482941
0.0493282
0.0503857
0.0515487
0.05275
0.0538917
0.055041
0.0562758
0.0575427
0.0587872
0.0600547
0.0613865
0.0627353
0.0640882
0.065461
0.0668705
0.0682993
0.0697614
0.0712467
0.0727734
0.0743145
0.0758948
0.0774946
0.0791236
0.0807779
0.0824716
0.0841928
0.0859438
0.0877359
0.0895575
0.0914251
0.0933042
0.0952509
0.0972146
0.0992347
0.101283
0.103371
0.105506
0.107668
0.109884
0.112127
0.114418
0.116754
0.11911
0.121537
0.123966
0.126462
0.128982
0.131547
0.134134
0.136712
0.139146
0.14123
0.0140106
0.0154762
0.0165266
0.0168785
0.0170038
0.0176203
0.0187962
0.0197538
0.0198959
0.0194393
0.0192207
0.0199486
0.0210542
0.0214245
0.0212346
0.021489
0.0223763
0.0233315
0.0239819
0.0244204
0.0249215
0.0256211
0.0264499
0.0272306
0.0278183
0.0283787
0.0291867
0.0300858
0.0307722
0.0313907
0.0322191
0.0331566
0.0339878
0.0347626
0.0356018
0.0364854
0.0373852
0.0383122
0.0392389
0.0401353
0.0410497
0.0420476
0.0430978
0.0440929
0.0450342
0.0460542
0.0471857
0.0483065
0.0493382
0.0503885
0.051552
0.0527595
0.0539008
0.0550455
0.0562812
0.057551
0.0587938
0.0600583
0.0613903
0.0627397
0.0640912
0.0654631
0.066874
0.0683039
0.0697655
0.0712505
0.0727763
0.0743166
0.0758977
0.0774972
0.0791258
0.0807809
0.0824753
0.0841964
0.0859472
0.0877397
0.0895618
0.0914291
0.0933079
0.0952549
0.0972184
0.0992388
0.101286
0.103374
0.105508
0.107671
0.109887
0.11213
0.11442
0.116756
0.119112
0.12154
0.123969
0.126466
0.128989
0.131555
0.134146
0.136727
0.139166
0.141253
0.01399
0.0154625
0.0166618
0.0171778
0.0173141
0.0177669
0.0188205
0.0198655
0.0201772
0.0197981
0.0194532
0.0199547
0.0210818
0.021692
0.0215286
0.021564
0.0223572
0.0234234
0.0241567
0.0245316
0.0249562
0.0256876
0.0265444
0.0272843
0.0278818
0.0284704
0.0292354
0.0301189
0.0308448
0.0314528
0.0322393
0.0331806
0.0340347
0.0348037
0.0356257
0.0365071
0.037409
0.0383326
0.0392591
0.040157
0.0410665
0.0420595
0.0431123
0.0441101
0.0450463
0.0460589
0.0471921
0.0483196
0.0493495
0.0503919
0.0515551
0.0527692
0.0539105
0.0550503
0.0562866
0.0575595
0.0588007
0.0600621
0.0613941
0.0627443
0.0640947
0.0654655
0.0668775
0.0683084
0.0697696
0.0712545
0.0727795
0.0743188
0.0759008
0.0775
0.0791282
0.0807839
0.0824791
0.0842002
0.0859506
0.0877437
0.0895662
0.0914332
0.0933118
0.095259
0.0972224
0.0992431
0.10129
0.103377
0.105511
0.107673
0.109889
0.112132
0.114422
0.116758
0.119114
0.121543
0.123972
0.12647
0.128996
0.131563
0.134159
0.136743
0.139187
0.141276
0.0140006
0.0154526
0.0167593
0.0174406
0.0176407
0.0179699
0.0188612
0.0199314
0.0204122
0.0201545
0.0197473
0.020014
0.0210566
0.0218826
0.0218573
0.0217236
0.0223336
0.0234486
0.0243246
0.0247024
0.0250081
0.0257104
0.0266387
0.027374
0.0279336
0.0285473
0.0293039
0.0301544
0.0309073
0.0315245
0.032268
0.0331994
0.0340791
0.0348501
0.0356533
0.0365277
0.0374336
0.0383557
0.0392789
0.0401787
0.0410858
0.0420724
0.0431262
0.0441281
0.0450599
0.0460641
0.0471979
0.048333
0.0493624
0.0503959
0.0515577
0.0527791
0.0539209
0.0550553
0.0562919
0.0575683
0.0588079
0.0600659
0.061398
0.0627493
0.0640986
0.0654682
0.0668812
0.0683129
0.0697737
0.0712586
0.0727828
0.0743212
0.0759041
0.077503
0.0791307
0.0807869
0.0824831
0.0842041
0.0859542
0.0877478
0.0895708
0.0914374
0.0933158
0.0952632
0.0972265
0.0992474
0.101294
0.10338
0.105514
0.107676
0.109892
0.112135
0.114425
0.11676
0.119116
0.121546
0.123975
0.126475
0.129003
0.131571
0.134172
0.136759
0.139208
0.1413
0.0140396
0.0154551
0.0168348
0.0176629
0.0179616
0.0182205
0.0189392
0.0199684
0.0205934
0.0204884
0.0200811
0.0201455
0.021019
0.0219824
0.0221737
0.0219688
0.0223492
0.023419
0.0244454
0.0249119
0.0251136
0.0257067
0.026698
0.0274979
0.0280024
0.0285984
0.0293782
0.0302046
0.0309603
0.0315988
0.0323081
0.033215
0.0341193
0.0349011
0.0356857
0.0365486
0.0374578
0.0383812
0.0392996
0.0401992
0.0411068
0.0420872
0.0431397
0.0441466
0.0450755
0.0460701
0.0472033
0.0483466
0.0493769
0.050401
0.0515599
0.0527888
0.0539322
0.0550607
0.056297
0.0575775
0.0588156
0.0600697
0.061402
0.0627546
0.0641028
0.0654712
0.0668851
0.0683175
0.0697777
0.0712628
0.0727864
0.0743237
0.0759074
0.0775062
0.0791334
0.0807901
0.0824872
0.0842082
0.0859578
0.0877521
0.0895756
0.0914417
0.09332
0.0952677
0.0972307
0.0992519
0.101298
0.103383
0.105516
0.107679
0.109895
0.112138
0.114427
0.116762
0.119118
0.121549
0.123979
0.12648
0.129011
0.13158
0.134186
0.136776
0.139229
0.141324
0.0141074
0.0154702
0.0168978
0.0178498
0.0182607
0.0185015
0.0190664
0.0199999
0.0207221
0.020784
0.0204306
0.0203486
0.0210095
0.0220058
0.0224338
0.022271
0.0224387
0.0233709
0.024496
0.0251199
0.0252891
0.0257164
0.0267009
0.0276237
0.028114
0.0286365
0.029437
0.0302729
0.0310131
0.031669
0.0323607
0.033231
0.0341522
0.0349554
0.0357234
0.0365701
0.0374819
0.038409
0.0393226
0.0402188
0.041128
0.0421044
0.0431535
0.0441651
0.0450929
0.0460771
0.047208
0.04836
0.0493928
0.0504075
0.0515618
0.0527983
0.0539444
0.0550665
0.0563018
0.057587
0.0588239
0.0600734
0.061406
0.0627604
0.0641076
0.0654744
0.0668892
0.0683221
0.0697818
0.0712672
0.0727903
0.0743264
0.0759109
0.0775096
0.0791363
0.0807934
0.0824915
0.0842124
0.0859615
0.0877565
0.0895805
0.0914461
0.0933242
0.0952722
0.097235
0.0992565
0.101302
0.103386
0.105519
0.107682
0.109897
0.112141
0.114429
0.116764
0.119121
0.121553
0.123983
0.126485
0.12902
0.13159
0.134199
0.136794
0.13925
0.141348
0.0142048
0.0154998
0.0169526
0.0180101
0.0185328
0.0187943
0.0192413
0.0200478
0.0208095
0.0210302
0.0207729
0.0206077
0.0210573
0.0219878
0.022612
0.022588
0.0226118
0.0233457
0.0244842
0.0252849
0.0255154
0.0257812
0.0266631
0.0277112
0.0282697
0.0286922
0.0294663
0.0303463
0.0310776
0.0317325
0.0324222
0.0332538
0.0341765
0.0350106
0.0357682
0.0365914
0.0375046
0.0384391
0.0393485
0.0402387
0.0411484
0.0421232
0.0431687
0.0441833
0.0451116
0.0460856
0.0472124
0.0483733
0.04941
0.0504152
0.0515636
0.0528075
0.0539574
0.055073
0.0563061
0.0575966
0.058833
0.0600773
0.0614098
0.0627665
0.0641129
0.0654779
0.0668935
0.0683269
0.0697858
0.0712716
0.0727946
0.0743294
0.0759146
0.0775131
0.0791392
0.0807967
0.082496
0.0842169
0.0859653
0.0877609
0.0895856
0.0914507
0.0933286
0.095277
0.0972395
0.0992613
0.101306
0.10339
0.105523
0.107686
0.1099
0.112144
0.114432
0.116767
0.119124
0.121556
0.123988
0.12649
0.129028
0.1316
0.134213
0.136813
0.139271
0.141372
0.0143281
0.0155498
0.0170033
0.0181501
0.0187807
0.0190855
0.0194534
0.0201261
0.0208725
0.021224
0.0210893
0.0208999
0.0211723
0.0219687
0.0227091
0.0228756
0.0228508
0.0233775
0.0244422
0.0253819
0.0257514
0.0259228
0.0266266
0.0277324
0.0284371
0.0287964
0.0294773
0.0304031
0.0311589
0.0317945
0.0324848
0.0332878
0.0341938
0.035062
0.0358237
0.0366146
0.0375232
0.0384711
0.0393777
0.0402591
0.0411678
0.0421427
0.043186
0.0442024
0.045131
0.0460955
0.0472165
0.0483861
0.0494286
0.0504242
0.0515653
0.0528163
0.0539713
0.0550802
0.05631
0.0576061
0.0588429
0.0600816
0.0614133
0.0627728
0.0641188
0.0654816
0.0668978
0.0683319
0.06979
0.0712761
0.0727989
0.0743325
0.0759185
0.0775168
0.0791423
0.0808001
0.0825006
0.0842216
0.0859691
0.0877656
0.0895908
0.0914553
0.0933331
0.0952818
0.0972441
0.0992662
0.10131
0.103393
0.105526
0.107689
0.109903
0.112148
0.114435
0.116769
0.119127
0.12156
0.123992
0.126496
0.129037
0.13161
0.134227
0.136831
0.139293
0.141397
0.0144701
0.0156234
0.0170558
0.0182709
0.0190065
0.0193687
0.0196907
0.0202408
0.020929
0.0213704
0.0213668
0.0212015
0.0213466
0.0219825
0.0227496
0.0231017
0.0231218
0.02348
0.0244071
0.0254149
0.0259558
0.0261277
0.0266363
0.0276963
0.0285716
0.0289552
0.0295011
0.0304272
0.0312477
0.0318672
0.0325433
0.0333325
0.0342092
0.0351017
0.035889
0.0366466
0.0375353
0.0385031
0.0394132
0.0402805
0.0411855
0.0421615
0.0432046
0.0442232
0.0451515
0.0461065
0.0472208
0.0483984
0.0494486
0.0504349
0.0515667
0.0528248
0.0539862
0.0550883
0.0563134
0.0576153
0.0588535
0.0600865
0.0614168
0.0627791
0.0641253
0.0654857
0.0669021
0.0683369
0.0697943
0.0712808
0.0728033
0.0743359
0.0759225
0.0775207
0.0791455
0.0808035
0.0825056
0.0842266
0.085973
0.0877702
0.0895962
0.0914602
0.0933378
0.0952869
0.0972488
0.0992713
0.101314
0.103397
0.105529
0.107693
0.109907
0.112151
0.114438
0.116772
0.119131
0.121564
0.123997
0.126502
0.129047
0.131621
0.134242
0.13685
0.139315
0.141421
0.0146273
0.0157193
0.0171162
0.0183732
0.019207
0.0196393
0.019943
0.0203913
0.0209951
0.0214799
0.0215997
0.021493
0.0215624
0.0220471
0.0227677
0.0232578
0.0233862
0.0236433
0.0244085
0.0254088
0.0261024
0.0263584
0.0267203
0.0276437
0.02864
0.0291389
0.0295702
0.0304244
0.0313224
0.0319576
0.032601
0.0333836
0.0342321
0.0351263
0.0359553
0.036694
0.0375423
0.0385284
0.0394571
0.040307
0.0412008
0.0421792
0.0432237
0.0442459
0.0451737
0.046118
0.047225
0.0484102
0.0494697
0.0504474
0.0515676
0.0528324
0.0540024
0.0550976
0.0563165
0.0576241
0.0588646
0.0600921
0.0614204
0.0627854
0.0641322
0.0654902
0.0669066
0.0683419
0.0697987
0.0712857
0.0728079
0.0743393
0.0759267
0.0775251
0.0791489
0.0808069
0.0825107
0.0842318
0.0859769
0.087775
0.0896017
0.0914651
0.0933424
0.0952921
0.0972537
0.0992766
0.101318
0.103401
0.105533
0.107697
0.10991
0.112154
0.114441
0.116775
0.119135
0.121567
0.124003
0.126509
0.129056
0.131633
0.134257
0.13687
0.139338
0.141446
0.0148007
0.0158348
0.0171896
0.0184634
0.0193793
0.0198911
0.0202003
0.0205717
0.0210823
0.0215655
0.0217868
0.0217606
0.0217991
0.0221622
0.0227955
0.0233593
0.0236146
0.0238441
0.0244608
0.025393
0.0261888
0.0265746
0.0268724
0.0276202
0.0286437
0.0293051
0.0296975
0.0304234
0.0313647
0.0320589
0.032666
0.0334335
0.0342673
0.035142
0.0360118
0.0367597
0.0375536
0.0385389
0.0395043
0.040344
0.0412141
0.0421937
0.0432437
0.0442709
0.0451989
0.0461303
0.0472279
0.0484215
0.0494921
0.0504622
0.0515683
0.0528385
0.0540199
0.0551087
0.0563189
0.0576322
0.0588764
0.0600983
0.0614241
0.0627919
0.0641395
0.065495
0.0669113
0.068347
0.0698033
0.0712909
0.0728129
0.0743427
0.0759308
0.0775296
0.0791526
0.0808103
0.0825161
0.0842374
0.0859808
0.0877799
0.0896074
0.0914703
0.0933472
0.0952975
0.0972584
0.0992819
0.101323
0.103405
0.105536
0.107701
0.109914
0.112157
0.114445
0.116778
0.11914
0.121572
0.124008
0.126516
0.129066
0.131645
0.134272
0.136889
0.13936
0.14147
0.0149906
0.0159693
0.0172789
0.0185514
0.0195277
0.0201195
0.0204548
0.0207735
0.0211964
0.0216427
0.0219311
0.0219943
0.0220376
0.022315
0.0228516
0.0234303
0.0237953
0.0240549
0.0245634
0.025394
0.0262322
0.0267491
0.027061
0.0276551
0.0286145
0.0294171
0.0298614
0.0304565
0.0313758
0.0321542
0.0327475
0.0334807
0.0343114
0.0351586
0.0360499
0.0368361
0.0375828
0.0385355
0.0395444
0.0403955
0.0412308
0.0422008
0.0432623
0.0442981
0.0452275
0.0461449
0.0472294
0.0484316
0.0495166
0.0504795
0.0515686
0.0528426
0.0540384
0.0551223
0.0563209
0.0576391
0.0588888
0.0601053
0.0614278
0.0627986
0.0641473
0.0655
0.0669161
0.0683522
0.0698079
0.0712961
0.0728181
0.0743465
0.075935
0.0775343
0.0791564
0.0808137
0.0825216
0.0842432
0.0859848
0.087785
0.0896131
0.0914756
0.0933522
0.0953031
0.0972635
0.0992875
0.101327
0.103409
0.10554
0.107705
0.109918
0.112161
0.114448
0.116781
0.119144
0.121576
0.124014
0.126524
0.129075
0.131658
0.134288
0.136909
0.139383
0.141495
0.0151945
0.0161229
0.0173845
0.0186432
0.0196586
0.0203219
0.0206983
0.0209875
0.0213374
0.0217279
0.0220432
0.0221889
0.0222637
0.0224893
0.0229393
0.023493
0.0239327
0.0242504
0.0247017
0.0254276
0.0262555
0.0268768
0.0272536
0.027751
0.0285932
0.0294677
0.0300234
0.0305383
0.0313754
0.0322249
0.032844
0.033532
0.0343584
0.0351855
0.0360715
0.0369078
0.0376366
0.0385296
0.0395656
0.0404573
0.0412615
0.0422014
0.043275
0.0443278
0.0452595
0.0461622
0.0472292
0.0484384
0.0495432
0.050501
0.0515687
0.0528441
0.0540576
0.0551387
0.056323
0.0576445
0.0589017
0.0601135
0.0614313
0.0628052
0.0641557
0.0655051
0.0669207
0.0683577
0.0698128
0.0713014
0.0728237
0.0743503
0.075939
0.0775393
0.0791607
0.0808172
0.0825272
0.0842492
0.0859886
0.0877901
0.089619
0.0914811
0.093357
0.0953087
0.0972687
0.0992932
0.101332
0.103413
0.105545
0.107708
0.109923
0.112164
0.114452
0.116784
0.119149
0.121581
0.124019
0.126533
0.129085
0.131671
0.134304
0.136929
0.139405
0.141519
0.015407
0.0162959
0.0175067
0.0187411
0.0197773
0.0204983
0.0209231
0.0212037
0.0214982
0.0218313
0.0221388
0.0223445
0.0224669
0.0226705
0.0230533
0.023563
0.0240415
0.0244183
0.0248544
0.0254963
0.0262783
0.0269656
0.0274254
0.027887
0.0286109
0.0294804
0.0301519
0.0306593
0.0313901
0.0322649
0.0329419
0.0335935
0.0344025
0.0352239
0.0360873
0.036963
0.0377102
0.0385381
0.0395644
0.0405141
0.0413126
0.0422035
0.0432762
0.0443583
0.0452981
0.0461832
0.0472282
0.0484407
0.0495704
0.0505279
0.051569
0.0528418
0.0540769
0.0551582
0.0563256
0.0576483
0.0589148
0.060123
0.0614349
0.0628117
0.0641649
0.0655105
0.0669251
0.0683633
0.069818
0.0713068
0.0728296
0.0743546
0.0759429
0.0775445
0.0791651
0.0808209
0.0825332
0.0842556
0.0859924
0.0877953
0.0896249
0.0914868
0.093362
0.0953144
0.097274
0.0992987
0.101336
0.103417
0.105549
0.107713
0.109928
0.112167
0.114457
0.116788
0.119154
0.121586
0.124025
0.126542
0.129096
0.131683
0.13432
0.136949
0.139428
0.141544
0.0156203
0.016485
0.0176473
0.0188477
0.0198891
0.0206529
0.0211257
0.0214139
0.0216693
0.0219524
0.0222331
0.0224678
0.022639
0.0228442
0.0231825
0.0236456
0.0241355
0.0245604
0.0250043
0.0255931
0.0263156
0.0270289
0.0275661
0.0280357
0.0286732
0.0294861
0.030234
0.0307929
0.0314381
0.0322867
0.0330282
0.0336685
0.0344454
0.0352673
0.0361068
0.0369981
0.0377877
0.0385729
0.0395539
0.040551
0.0413794
0.04222
0.0432642
0.0443806
0.0453444
0.0462107
0.0472265
0.048438
0.0495971
0.0505613
0.0515715
0.0528348
0.0540952
0.0551813
0.0563292
0.0576502
0.0589277
0.0601338
0.0614384
0.0628176
0.064175
0.0655166
0.0669291
0.0683689
0.0698237
0.0713122
0.0728355
0.074359
0.0759466
0.07755
0.0791697
0.0808247
0.0825393
0.0842622
0.0859963
0.0878009
0.0896311
0.0914926
0.0933672
0.0953201
0.0972796
0.0993044
0.101341
0.103421
0.105554
0.107716
0.109932
0.11217
0.114461
0.116793
0.119159
0.121592
0.124031
0.126551
0.129106
0.131696
0.134337
0.136969
0.139451
0.141568
0.015827
0.0166826
0.0178054
0.0189659
0.0199978
0.0207886
0.0213039
0.0216102
0.0218411
0.0220843
0.0223346
0.0225726
0.0227801
0.023001
0.0233155
0.0237391
0.0242222
0.0246813
0.0251413
0.0257036
0.0263745
0.0270822
0.0276787
0.0281786
0.0287679
0.0295104
0.0302804
0.0309118
0.0315173
0.032307
0.0330942
0.0337519
0.0344937
0.0353123
0.0361353
0.03702
0.0378538
0.0386296
0.039551
0.0405628
0.0414453
0.042262
0.0432509
0.0443857
0.0453946
0.0462497
0.0472244
0.0484284
0.0496214
0.0506009
0.0515784
0.0528233
0.0541108
0.0552083
0.0563347
0.0576503
0.0589404
0.0601462
0.0614421
0.0628227
0.0641855
0.0655235
0.0669328
0.0683742
0.0698297
0.0713179
0.0728418
0.0743637
0.07595
0.0775555
0.0791744
0.0808286
0.0825458
0.0842691
0.0859998
0.0878063
0.0896374
0.0914986
0.0933727
0.0953259
0.0972856
0.0993099
0.101347
0.103426
0.10556
0.107721
0.109937
0.112174
0.114464
0.116798
0.119163
0.121598
0.124038
0.126561
0.129118
0.13171
0.134355
0.136989
0.139473
0.141592
0.0160252
0.0168819
0.0179768
0.0190976
0.0201068
0.0209081
0.0214556
0.0217861
0.0220051
0.022217
0.0224409
0.0226699
0.0228964
0.0231372
0.0234447
0.023841
0.0243077
0.0247864
0.0252639
0.025814
0.0264503
0.0271359
0.0277687
0.0283059
0.0288761
0.0295625
0.0303133
0.0310029
0.0316141
0.03234
0.0331407
0.0338331
0.0345499
0.0353575
0.0361723
0.0370399
0.0379051
0.0386962
0.0395678
0.04056
0.0414919
0.0423227
0.0432517
0.0443707
0.045437
0.0463054
0.0472279
0.0484095
0.0496411
0.0506468
0.0515917
0.052808
0.054122
0.0552385
0.0563426
0.0576483
0.0589526
0.0601604
0.061446
0.062827
0.0641966
0.0655317
0.0669365
0.0683793
0.0698357
0.0713237
0.0728484
0.0743686
0.0759534
0.0775616
0.0791794
0.0808325
0.0825523
0.0842761
0.0860035
0.0878116
0.0896438
0.0915042
0.0933781
0.0953313
0.0972918
0.0993153
0.101352
0.10343
0.105565
0.107725
0.109942
0.112178
0.114469
0.116803
0.119168
0.121605
0.124045
0.12657
0.129129
0.131723
0.134372
0.137009
0.139495
0.141615
0.0162163
0.0170783
0.0181546
0.0192419
0.0202203
0.0210164
0.0215823
0.0219366
0.0221546
0.0223424
0.0225431
0.0227598
0.0229932
0.0232503
0.0235622
0.0239452
0.0243955
0.0248813
0.0253749
0.0259198
0.0265349
0.0271965
0.0278434
0.0284156
0.028983
0.0296335
0.0303502
0.0310669
0.0317103
0.0323916
0.0331767
0.033905
0.0346126
0.0354034
0.0362139
0.0370622
0.0379437
0.0387615
0.0396046
0.0405614
0.0415173
0.0423859
0.0432789
0.0443479
0.0454565
0.0463725
0.047247
0.0483808
0.0496499
0.0506983
0.0516137
0.0527899
0.054127
0.055271
0.056354
0.0576445
0.0589641
0.0601768
0.06145
0.0628297
0.0642075
0.0655409
0.0669403
0.0683844
0.0698417
0.0713297
0.0728555
0.0743736
0.075956
0.0775676
0.0791847
0.0808364
0.0825597
0.0842839
0.0860077
0.087817
0.0896506
0.0915104
0.093384
0.0953369
0.0972981
0.0993207
0.101357
0.103434
0.10557
0.10773
0.109947
0.112182
0.114472
0.116809
0.119174
0.121611
0.124053
0.12658
0.129141
0.131736
0.134389
0.13703
0.139516
0.141639
0.0164024
0.0172699
0.018332
0.0193921
0.0203385
0.021117
0.0216866
0.0220574
0.0222822
0.0224531
0.022634
0.0228383
0.0230729
0.0233409
0.0236616
0.0240439
0.0244844
0.024971
0.025477
0.026021
0.0266226
0.0272652
0.0279112
0.0285101
0.0290837
0.0297121
0.0303981
0.0311142
0.031791
0.0324556
0.0332109
0.0339639
0.0346781
0.0354514
0.0362585
0.0370902
0.0379729
0.0388176
0.0396507
0.0405732
0.0415306
0.0424358
0.0433274
0.0443388
0.0454511
0.0464365
0.0472922
0.0483517
0.0496409
0.0507529
0.0516493
0.0527711
0.0541238
0.0553044
0.0563697
0.0576389
0.0589735
0.0601955
0.0614549
0.0628309
0.0642181
0.0655509
0.0669443
0.0683894
0.0698472
0.0713352
0.0728632
0.0743791
0.0759585
0.0775739
0.0791904
0.08084
0.0825661
0.0842907
0.0860115
0.0878218
0.0896568
0.0915161
0.0933899
0.0953425
0.0973047
0.099326
0.101363
0.103439
0.105575
0.107735
0.109952
0.112187
0.114477
0.116815
0.119179
0.121617
0.124061
0.126589
0.129152
0.131749
0.134406
0.13705
0.139537
0.14166
0.016587
0.0174578
0.0185057
0.01954
0.0204553
0.0212082
0.0217694
0.0221456
0.0223792
0.0225418
0.0227067
0.0229005
0.0231342
0.0234109
0.0237409
0.0241315
0.0245716
0.0250584
0.0255729
0.0261179
0.0267096
0.0273375
0.0279765
0.0285919
0.0291773
0.0297934
0.0304569
0.0311582
0.0318533
0.0325223
0.0332498
0.0340115
0.0347413
0.0355014
0.0363034
0.0371246
0.037998
0.0388629
0.0397005
0.0405952
0.0415426
0.0424681
0.0433771
0.0443513
0.0454312
0.046478
0.0473593
0.0483368
0.0496091
0.0508008
0.0517028
0.0527568
0.054111
0.0553376
0.0563923
0.0576335
0.0589808
0.0602172
0.0614623
0.0628304
0.0642283
0.0655627
0.0669494
0.0683951
0.0698529
0.0713403
0.0728713
0.0743848
0.0759605
0.07758
0.0791967
0.0808437
0.0825747
0.084299
0.0860163
0.0878274
0.0896637
0.0915226
0.0933964
0.0953484
0.0973116
0.0993316
0.101368
0.103445
0.105581
0.107741
0.109957
0.112192
0.114481
0.116822
0.119185
0.121624
0.12407
0.126599
0.129165
0.131763
0.134424
0.13707
0.139558
0.141687
0.0167821
0.017649
0.0186783
0.0196825
0.0205649
0.0212856
0.0218266
0.0221961
0.022433
0.0225949
0.0227503
0.0229385
0.0231729
0.0234598
0.0238019
0.0242056
0.0246547
0.0251446
0.0256658
0.0262117
0.0267941
0.0274085
0.0280381
0.0286613
0.0292599
0.0298722
0.0305213
0.0312049
0.0319026
0.0325841
0.0332963
0.0340547
0.0348004
0.0355547
0.0363486
0.0371637
0.0380226
0.0388972
0.0397492
0.0406247
0.0415589
0.0424935
0.0434177
0.0443812
0.0454164
0.0464892
0.0474312
0.0483486
0.0495582
0.0508262
0.0517715
0.0527506
0.0540835
0.0553635
0.0564197
0.057627
0.0589817
0.0602393
0.0614715
0.0628264
0.0642353
0.0655744
0.0669539
0.0684003
0.0698584
0.0713443
0.0728796
0.0743912
0.0759622
0.0775857
0.0792033
0.0808466
0.0825667
0.0842911
0.0860199
0.0878316
0.0896687
0.0915281
0.0934023
0.0953541
0.0973177
0.0993364
0.101372
0.10345
0.105586
0.107745
0.109961
0.112197
0.114485
0.116827
0.11919
0.121629
0.124078
0.126609
0.129176
0.131776
0.13444
0.137089
0.139578
0.141706
0.0169784
0.01784
0.0188471
0.0198209
0.0206695
0.0213542
0.021863
0.022213
0.0224427
0.0226057
0.0227594
0.022949
0.0231898
0.0234905
0.0238506
0.0242708
0.0247362
0.0252339
0.0257612
0.0263076
0.0268804
0.027481
0.0280987
0.0287239
0.0293335
0.0299476
0.0305874
0.0312542
0.0319451
0.0326376
0.033347
0.0340978
0.0348545
0.0356117
0.0363969
0.0372081
0.0380537
0.038926
0.0397954
0.0406616
0.0415802
0.0425192
0.0434488
0.0444181
0.0454247
0.0464833
0.0474928
0.0484007
0.0495126
0.0508235
0.0518566
0.0527717
0.0540493
0.0553831
0.0564583
0.0576266
0.0589801
0.0602645
0.0614877
0.0628229
0.0642414
0.0655889
0.0669614
0.0684069
0.0698647
0.0713475
0.0728878
0.0743982
0.0759644
0.0775911
0.0792112
0.0808507
0.0825765
0.0843031
0.0860274
0.0878378
0.0896747
0.0915349
0.0934095
0.095361
0.0973248
0.0993424
0.101378
0.103457
0.105592
0.107751
0.109966
0.112202
0.114491
0.116835
0.119197
0.121637
0.124088
0.126619
0.129188
0.131791
0.134457
0.137108
0.139598
0.141728
0.01716
0.0179736
0.0189377
0.0198584
0.0206425
0.0212876
0.0217615
0.0220915
0.0223194
0.0224967
0.0226688
0.0228774
0.0231417
0.02347
0.0238611
0.0243061
0.0247941
0.0253055
0.0258372
0.0263839
0.0269474
0.027536
0.0281424
0.0287671
0.0293867
0.0300064
0.0306442
0.0312983
0.0319801
0.0326788
0.033391
0.0341362
0.0348966
0.0356607
0.0364402
0.0372455
0.0380828
0.0389459
0.0398291
0.0406992
0.0416012
0.0425417
0.0434707
0.044441
0.0454447
0.0464695
0.0475151
0.0484682
0.0494835
0.0507752
0.0519244
0.0528191
0.0540068
0.05538
0.0564999
0.0576293
0.0589691
0.0602854
0.0615059
0.0628167
0.0642413
0.0656005
0.0669682
0.0684124
0.0698705
0.0713499
0.0728937
0.0744055
0.0759664
0.0775952
0.0792193
0.0808562
0.0825796
0.0843073
0.086034
0.0878427
0.0896785
0.0915409
0.093416
0.0953673
0.0973305
0.0993464
0.101382
0.103463
0.105597
0.107755
0.109971
0.112206
0.114495
0.116839
0.119202
0.121643
0.124096
0.126629
0.129198
0.131804
0.134473
0.137125
0.139616
0.141746
0.0175436
0.0183305
0.0192376
0.0200793
0.0207884
0.0213133
0.0216848
0.0219547
0.0221681
0.0223658
0.0225761
0.0228219
0.0231242
0.0234878
0.0239081
0.024371
0.0248681
0.0253854
0.0259133
0.0264565
0.0270108
0.0275889
0.028186
0.0288054
0.0294327
0.0300585
0.0306999
0.03135
0.0320239
0.0327239
0.033438
0.0341807
0.034942
0.0357121
0.0364905
0.0372874
0.038118
0.0389716
0.0398567
0.0407397
0.0416306
0.0425669
0.0435015
0.0444607
0.0454744
0.0464813
0.0475183
0.048538
0.0495077
0.0507159
0.0519628
0.0529018
0.0539829
0.0553546
0.056544
0.0576455
0.0589549
0.0603041
0.0615317
0.0628157
0.0642401
0.0656127
0.0669788
0.0684205
0.0698772
0.0713521
0.0728999
0.0744132
0.0759698
0.0775989
0.0792293
0.0808617
0.0825837
0.0843139
0.0860432
0.0878487
0.0896824
0.0915472
0.093423
0.0953743
0.0973373
0.0993517
0.101388
0.103471
0.105603
0.107761
0.109976
0.112212
0.114502
0.116847
0.119209
0.12165
0.124106
0.126639
0.129209
0.131817
0.134488
0.137143
0.139634
0.141766
0.0177331
0.0183371
0.0190561
0.0197335
0.0203191
0.0208269
0.0212559
0.0215641
0.0218329
0.0221207
0.0224362
0.022773
0.0231396
0.0235428
0.0239812
0.0244504
0.0249419
0.0254529
0.0259713
0.0265064
0.0270547
0.0276247
0.0282162
0.0288284
0.0294604
0.0300936
0.0307407
0.0313953
0.0320657
0.0327633
0.0334744
0.0342148
0.0349769
0.0357506
0.0365322
0.0373237
0.0381482
0.0389981
0.0398769
0.0407703
0.0416617
0.0425857
0.0435283
0.0444735
0.0454848
0.046501
0.0475127
0.0485736
0.049558
0.0506685
0.0519507
0.0529903
0.0539927
0.0553113
0.0565774
0.057678
0.0589396
0.0603126
0.0615602
0.0628187
0.0642338
0.0656193
0.0669883
0.068428
0.0698842
0.0713536
0.0729037
0.0744213
0.075973
0.0775993
0.0792235
0.0808658
0.0825845
0.0843187
0.0860529
0.0878545
0.0896864
0.0915551
0.0934313
0.0953818
0.0973435
0.0993557
0.101393
0.103478
0.105608
0.107765
0.109981
0.112217
0.114506
0.116852
0.119214
0.121657
0.124115
0.126649
0.12922
0.13183
0.134503
0.137159
0.139651
0.141782
0.0194747
0.0194872
0.0194183
0.0194163
0.019535
0.0197667
0.0201168
0.0206098
0.0211639
0.0217094
0.0222307
0.0227251
0.02319
0.0236371
0.0240809
0.0245402
0.0250149
0.0255089
0.0260158
0.0265407
0.0270861
0.027651
0.0282388
0.028845
0.029476
0.0301166
0.0307673
0.0314314
0.032105
0.0328018
0.0335111
0.0342485
0.035013
0.0357871
0.0365709
0.0373594
0.0381758
0.0390233
0.0398946
0.0407914
0.0416928
0.0426075
0.0435529
0.0444943
0.0454893
0.0465206
0.0475212
0.0485861
0.0496112
0.0506526
0.0519031
0.0530512
0.0540332
0.0552611
0.0565816
0.0577168
0.0589278
0.0603066
0.0615871
0.0628296
0.0642268
0.0656232
0.0669987
0.0684364
0.0698928
0.0713562
0.0729041
0.0744298
0.0759788
0.0776008
0.0792346
0.080874
0.0825853
0.0843239
0.0860636
0.0878576
0.0896866
0.0915602
0.0934377
0.0953871
0.0973483
0.0993593
0.101399
0.103484
0.105613
0.107769
0.109986
0.112222
0.114512
0.116858
0.11922
0.121662
0.124122
0.126657
0.129228
0.131841
0.134517
0.137173
0.139666
0.141799
0.0192745
0.019126
0.0188973
0.0187793
0.0188444
0.0191227
0.0195882
0.0201716
0.0208044
0.0214436
0.0220557
0.022627
0.0231538
0.0236448
0.0241161
0.0245884
0.0250677
0.0255587
0.0260627
0.0265841
0.0271272
0.0276908
0.0282735
0.0288749
0.0294978
0.0301393
0.0307899
0.0314582
0.0321376
0.0328313
0.0335428
0.0342771
0.0350446
0.0358192
0.036604
0.0373972
0.0382068
0.0390534
0.0399189
0.0408131
0.0417244
0.0426332
0.0435742
0.0445176
0.0454947
0.0465314
0.0475435
0.0485936
0.049653
0.0506785
0.0518601
0.0530823
0.0541093
0.0552437
0.0565711
0.0577655
0.0589376
0.0602945
0.0616117
0.0628499
0.0642212
0.0656246
0.067007
0.0684426
0.0699037
0.0713598
0.0729018
0.0744369
0.0759853
0.0776
0.0792427
0.080885
0.0825839
0.0843292
0.0860788
0.0878643
0.08969
0.091571
0.0934497
0.0953959
0.0973548
0.0993646
0.101406
0.103493
0.105619
0.107774
0.109992
0.112227
0.114517
0.116863
0.119226
0.12167
0.124132
0.126668
0.129239
0.131854
0.134531
0.137188
0.139681
0.141813
0.0201302
0.0199747
0.0197001
0.0194884
0.0194166
0.0195122
0.0197722
0.0201641
0.0206502
0.021189
0.0217566
0.0223306
0.0228966
0.023447
0.0239809
0.0245091
0.0250331
0.0255586
0.0260832
0.0266176
0.0271642
0.0277284
0.0283065
0.028901
0.0295138
0.0301482
0.0307976
0.0314629
0.0321485
0.0328449
0.0335647
0.0343023
0.0350664
0.035842
0.0366221
0.0374217
0.0382282
0.0390701
0.0399354
0.0408233
0.0417428
0.0426514
0.0435853
0.0445338
0.0454989
0.0465296
0.0475592
0.0485981
0.0496672
0.050709
0.0518274
0.0530595
0.054164
0.0552452
0.0565292
0.0577887
0.0589553
0.0602688
0.0616221
0.0628742
0.064215
0.0656253
0.0670132
0.0684445
0.0699173
0.0713657
0.072896
0.0744445
0.0759934
0.0776008
0.0792527
0.0808931
0.0825802
0.0843325
0.0860916
0.0878651
0.0896854
0.0915748
0.0934568
0.0954
0.0973563
0.0993664
0.101411
0.103499
0.105622
0.107776
0.109996
0.112233
0.114522
0.116868
0.119231
0.121675
0.124138
0.126673
0.129246
0.131863
0.134541
0.137199
0.139693
0.141826
0.0180546
0.01848
0.0190066
0.0194915
0.0199012
0.0202203
0.020477
0.0207134
0.0209854
0.0213267
0.0217417
0.0222251
0.0227578
0.0233214
0.0238916
0.0244604
0.0250178
0.0255698
0.0261139
0.0266605
0.0272133
0.0277767
0.0283544
0.028942
0.0295454
0.0301675
0.0308105
0.0314706
0.0321562
0.0328619
0.0335894
0.0343354
0.0350912
0.0358641
0.0366439
0.0374449
0.0382594
0.0390931
0.0399616
0.0408443
0.0417605
0.0426756
0.0435972
0.0445519
0.0455133
0.0465302
0.0475758
0.0486118
0.0496771
0.0507423
0.0518345
0.053037
0.0542019
0.0552944
0.0565078
0.0577991
0.0589999
0.0602538
0.0616217
0.0629076
0.0642114
0.0656247
0.067023
0.0684396
0.0699312
0.0713774
0.0728867
0.0744512
0.0760023
0.0775949
0.0792607
0.0809033
0.0825745
0.0843372
0.0861112
0.0878738
0.0896877
0.0915856
0.0934714
0.0954112
0.0973624
0.0993717
0.10142
0.103508
0.105628
0.107781
0.110002
0.112238
0.114527
0.116873
0.119237
0.121683
0.124147
0.126684
0.129256
0.131874
0.134553
0.13721
0.139705
0.141838
0.0201159
0.0198867
0.0195198
0.0191956
0.0190227
0.0190393
0.0192484
0.0196314
0.0201417
0.0207317
0.0213583
0.0220004
0.0226372
0.0232621
0.0238662
0.0244506
0.0250161
0.0255689
0.0261158
0.0266628
0.0272178
0.0277813
0.0283588
0.0289458
0.0295452
0.0301641
0.0308024
0.0314648
0.0321511
0.0328665
0.0336024
0.0343534
0.0351068
0.0358701
0.0366536
0.0374516
0.0382732
0.0391056
0.0399713
0.0408591
0.0417652
0.0426889
0.0436044
0.0445574
0.0455274
0.0465279
0.0475829
0.0486216
0.0496777
0.0507569
0.0518459
0.0530188
0.0541957
0.055328
0.056501
0.057776
0.0590314
0.0602513
0.0616026
0.0629364
0.0642141
0.065617
0.0670364
0.0684326
0.0699359
0.0713952
0.0728776
0.0744522
0.0760148
0.0775888
0.079265
0.0809182
0.0825687
0.0843332
0.0861242
0.0878771
0.0896818
0.0915863
0.0934767
0.0954157
0.0973642
0.099372
0.101423
0.103513
0.105631
0.107783
0.110005
0.112242
0.114531
0.116877
0.11924
0.121686
0.124151
0.126688
0.12926
0.131879
0.13456
0.137217
0.139712
0.141846
0.0193767
0.0190698
0.018647
0.0183444
0.0182316
0.0183317
0.0186461
0.0191512
0.0197888
0.020496
0.0212192
0.0219311
0.0226152
0.0232679
0.0238873
0.0244745
0.0250355
0.02558
0.0261209
0.0266651
0.0272183
0.0277829
0.0283593
0.0289464
0.0295442
0.0301625
0.0307989
0.0314624
0.0321511
0.0328685
0.033609
0.0343599
0.0351148
0.0358737
0.0366582
0.0374573
0.038279
0.0391159
0.0399768
0.0408681
0.0417704
0.0426922
0.0436102
0.0445559
0.0455314
0.0465274
0.0475801
0.0486261
0.0496771
0.0507617
0.0518573
0.0530229
0.054194
0.0553456
0.0565198
0.05777
0.0590443
0.0602672
0.0615923
0.0629467
0.0642254
0.065611
0.0670446
0.0684351
0.0699348
0.071409
0.0728783
0.0744454
0.0760221
0.0775891
0.079263
0.0809293
0.0825745
0.0843332
0.0861366
0.0878923
0.0896895
0.0915958
0.0934888
0.0954272
0.0973735
0.0993794
0.10143
0.103522
0.105639
0.107788
0.110011
0.112246
0.114535
0.116882
0.119246
0.121693
0.124159
0.126697
0.129268
0.131888
0.134568
0.137226
0.13972
0.141854
)
;

boundaryField
{
    ZeroGradientPlanes
    {
        type            zeroGradient;
    }
    inlet
    {
        type            zeroGradient;
    }
    plate
    {
        type            zeroGradient;
    }
    frontAndBack
    {
        type            empty;
    }
}


// ************************************************************************* //
