/*--------------------------------*- C++ -*----------------------------------*\
| =========                 |                                                 |
| \\      /  F ield         | OpenFOAM: The Open Source CFD Toolbox           |
|  \\    /   O peration     | Version:  2506                                  |
|   \\  /    A nd           | Website:  www.openfoam.com                      |
|    \\/     M anipulation  |                                                 |
\*---------------------------------------------------------------------------*/
FoamFile
{
    version     2.0;
    format      ascii;
    arch        "LSB;label=32;scalar=64";
    class       volScalarField;
    location    "7.45";
    object      p;
}
// * * * * * * * * * * * * * * * * * * * * * * * * * * * * * * * * * * * * * //

dimensions      [0 2 -2 0 0 0 0];

internalField   nonuniform List<scalar> 
9600
(
-4.12889e-11
0.00511394
0.00893251
0.00810768
0.010169
0.0153055
0.0124581
0.0143489
0.0155489
0.0156658
0.0148099
0.0154226
0.0166444
0.0170061
0.0181063
0.0189723
0.019417
0.0212512
0.0232001
0.0291773
9.63736e-06
0.00506891
0.00893185
0.00819786
0.0101651
0.0152465
0.0124782
0.0143478
0.0155378
0.0156708
0.0148191
0.0154263
0.0166444
0.0170181
0.0181056
0.0189641
0.0194172
0.0212321
0.0233167
0.0286081
9.01829e-06
0.00501117
0.00895236
0.00825052
0.0101337
0.0151748
0.0125016
0.0143406
0.0155297
0.0156893
0.0148304
0.0154337
0.0166496
0.017034
0.018098
0.0189534
0.0194128
0.0212124
0.0233371
0.0280607
-1.43345e-06
0.00497938
0.00899163
0.00828183
0.01009
0.0151039
0.0125304
0.0143292
0.0155334
0.0157064
0.0148337
0.0154471
0.0166546
0.0170468
0.0180864
0.0189414
0.019407
0.0211834
0.0233413
0.0275472
-1.57578e-05
0.00498458
0.00904779
0.00829557
0.0100426
0.015037
0.0125674
0.0143106
0.0155451
0.0157111
0.0148287
0.0154643
0.0166564
0.0170572
0.0180733
0.0189258
0.0194006
0.0211468
0.0233279
0.0270644
-2.854e-05
0.0050291
0.00911442
0.00829433
0.0099986
0.0149785
0.0126133
0.0142808
0.0155594
0.0157035
0.014818
0.0154822
0.0166567
0.0170657
0.0180594
0.0189064
0.0193945
0.0211037
0.023295
0.0266042
-3.35728e-05
0.00510976
0.00918023
0.00828267
0.00996558
0.0149314
0.0126653
0.0142382
0.015575
0.0156886
0.0148044
0.0154998
0.0166571
0.0170726
0.0180456
0.0188843
0.0193881
0.0210544
0.0232413
0.026163
-2.46039e-05
0.00521686
0.00923277
0.00826627
0.00994795
0.0148942
0.0127333
0.0141863
0.0155934
0.0156714
0.0147899
0.0155167
0.0166585
0.0170786
0.0180327
0.0188597
0.019379
0.0209988
0.0231654
0.0257392
2.69319e-06
0.00533756
0.00926431
0.00825027
0.00994577
0.0148632
0.0127808
0.0141305
0.0156155
0.0156549
0.0147747
0.0155321
0.016661
0.0170839
0.0180197
0.0188322
0.0193656
0.0209366
0.0230677
0.0253314
4.96804e-05
0.00546194
0.00927442
0.00823773
0.00995674
0.0148356
0.0128216
0.0140738
0.0156402
0.0156396
0.0147585
0.0155454
0.0166644
0.0170883
0.018006
0.0188023
0.0193464
0.0208678
0.0229494
0.0249373
0.000114858
0.0055851
0.00926786
0.00822913
0.00997831
0.0148104
0.0128559
0.0140171
0.0156653
0.0156253
0.0147408
0.015556
0.0166683
0.017092
0.0179909
0.0187705
0.0193204
0.0207922
0.0228127
0.0245542
0.000194993
0.00570568
0.00925082
0.00822324
0.0100083
0.0147862
0.0128851
0.0139605
0.015689
0.0156119
0.0147218
0.0155636
0.0166727
0.0170954
0.0179738
0.0187371
0.0192872
0.0207093
0.0226597
0.0241803
0.000286607
0.00582381
0.00922848
0.00821833
0.0100445
0.0147614
0.0129107
0.013904
0.0157104
0.0155997
0.0147018
0.0155687
0.0166776
0.0170988
0.0179539
0.0187022
0.0192466
0.0206179
0.0224931
0.0238155
0.00038699
0.00593989
0.00920425
0.00821294
0.0100849
0.0147345
0.0129345
0.0138478
0.0157293
0.0155892
0.0146813
0.0155715
0.0166827
0.0171026
0.0179311
0.0186652
0.019199
0.0205168
0.0223152
0.0234602
0.00049447
0.00605418
0.00918001
0.00820631
0.0101277
0.0147045
0.0129578
0.0137923
0.0157457
0.0155808
0.0146606
0.0155725
0.0166876
0.0171071
0.017905
0.0186251
0.0191451
0.0204055
0.022127
0.0231144
0.000608203
0.00616682
0.0091568
0.0081983
0.0101718
0.0146711
0.0129812
0.0137377
0.0157598
0.0155748
0.0146396
0.0155718
0.016692
0.0171123
0.0178757
0.0185804
0.019086
0.0202844
0.0219288
0.0227778
0.000727825
0.00627789
0.00913527
0.00818903
0.0102165
0.0146348
0.0130052
0.0136844
0.0157711
0.0155714
0.0146181
0.0155696
0.0166959
0.0171178
0.0178437
0.0185299
0.0190215
0.0201538
0.0217207
0.0224504
0.000853218
0.00638742
0.009116
0.00817884
0.0102614
0.0145961
0.0130297
0.0136325
0.0157791
0.0155707
0.0145958
0.0155658
0.0166992
0.0171226
0.0178101
0.0184729
0.0189506
0.0200149
0.0215034
0.0221322
0.000984382
0.00649537
0.00909954
0.00816823
0.0103062
0.0145556
0.0130545
0.013582
0.0157832
0.015573
0.0145725
0.0155601
0.0167023
0.0171258
0.0177754
0.0184092
0.0188721
0.0198692
0.0212779
0.0218228
0.00112137
0.00660173
0.00908635
0.0081577
0.0103505
0.0145136
0.0130795
0.0135331
0.0157828
0.0155784
0.0145479
0.0155522
0.0167057
0.0171263
0.0177394
0.0183389
0.0187855
0.0197179
0.0210447
0.0215211
0.00126425
0.00670646
0.00907682
0.00814775
0.0103941
0.0144708
0.0131044
0.0134858
0.0157775
0.0155872
0.0145223
0.0155413
0.0167101
0.0171236
0.0177014
0.0182626
0.0186902
0.0195618
0.0208043
0.0212255
0.0014131
0.00680952
0.00907135
0.00813891
0.0104365
0.0144275
0.0131292
0.0134403
0.0157667
0.0155992
0.0144958
0.0155268
0.016716
0.0171172
0.0176604
0.0181811
0.0185855
0.0194017
0.0205582
0.020933
0.00156799
0.00691079
0.00907025
0.0081318
0.010477
0.0143841
0.0131537
0.0133967
0.0157505
0.0156143
0.0144692
0.0155079
0.0167236
0.0171074
0.0176153
0.018095
0.018471
0.0192381
0.0203094
0.0206403
0.00172897
0.00701017
0.00907374
0.00812702
0.010515
0.0143408
0.0131779
0.0133549
0.0157286
0.015632
0.014443
0.0154837
0.0167327
0.017095
0.0175647
0.0180043
0.0183464
0.0190708
0.0200619
0.020345
0.00189605
0.00710758
0.0090819
0.00812518
0.01055
0.0142979
0.0132018
0.0133148
0.0157013
0.0156518
0.0144178
0.0154536
0.016743
0.0170809
0.0175073
0.0179091
0.0182126
0.0188989
0.0198198
0.020048
0.00206926
0.00720298
0.00909474
0.00812691
0.0105814
0.0142554
0.0132256
0.0132762
0.0156688
0.0156734
0.014394
0.015417
0.016754
0.0170661
0.017442
0.0178096
0.0180707
0.0187203
0.0195851
0.0197548
0.00224854
0.00729642
0.00911223
0.00813293
0.0106087
0.0142134
0.0132499
0.0132387
0.0156312
0.0156966
0.0143721
0.0153731
0.0167649
0.0170514
0.0173683
0.0177061
0.0179221
0.0185318
0.0193576
0.019475
0.00243386
0.00738805
0.00913419
0.00814394
0.0106316
0.0141716
0.0132749
0.0132019
0.0155886
0.0157213
0.0143525
0.0153214
0.016775
0.0170374
0.0172855
0.0175982
0.0177695
0.0183308
0.0191319
0.0192174
0.00262512
0.00747813
0.00916041
0.00816059
0.0106499
0.0141298
0.0133014
0.0131654
0.0155403
0.0157477
0.0143353
0.0152613
0.0167837
0.0170254
0.0171936
0.0174849
0.0176165
0.0181182
0.0188991
0.0189839
0.00282212
0.00756696
0.00919069
0.00818345
0.0106635
0.0140873
0.0133304
0.0131293
0.0154855
0.0157758
0.014321
0.0151919
0.0167898
0.0170168
0.0170922
0.0173645
0.0174669
0.017899
0.018651
0.0187651
0.00302463
0.00765491
0.00922481
0.00821315
0.0106725
0.0140433
0.0133627
0.0130942
0.0154233
0.0158055
0.0143103
0.0151123
0.0167917
0.0170131
0.0169817
0.0172346
0.0173218
0.0176802
0.0183865
0.0185453
0.00323237
0.00774239
0.00926255
0.00825013
0.0106774
0.0139966
0.0133988
0.013061
0.0153526
0.0158362
0.0143051
0.0150213
0.0167866
0.0170157
0.0168635
0.0170929
0.0171806
0.0174664
0.0181111
0.0183124
0.00344493
0.00782995
0.0093038
0.00829443
0.0106791
0.0139459
0.0134386
0.0130311
0.0152723
0.0158669
0.0143076
0.0149185
0.0167708
0.0170261
0.0167394
0.0169373
0.0170437
0.01726
0.0178306
0.0180622
0.00366186
0.0079181
0.00934848
0.00834604
0.0106787
0.01389
0.0134813
0.0130064
0.0151815
0.0158955
0.0143204
0.0148041
0.0167405
0.0170458
0.0166121
0.0167642
0.0169123
0.0170654
0.0175473
0.017795
0.00388271
0.00800729
0.00939683
0.0084048
0.0106775
0.0138283
0.0135259
0.0129893
0.0150799
0.0159191
0.0143453
0.0146798
0.0166908
0.0170752
0.0164867
0.0165688
0.0167844
0.0168917
0.0172633
0.0175087
0.00410703
0.0080979
0.00944937
0.00847006
0.0106767
0.013761
0.0135704
0.0129814
0.0149689
0.015934
0.0143835
0.0145489
0.0166164
0.017112
0.0163706
0.0163482
0.0166513
0.0167479
0.0169892
0.0172002
0.00433444
0.0081901
0.00950677
0.00854092
0.0106772
0.0136885
0.0136127
0.0129843
0.0148505
0.0159364
0.0144347
0.0144161
0.016513
0.0171511
0.0162724
0.0161043
0.0164997
0.0166355
0.0167429
0.016874
0.00456461
0.00828378
0.00957014
0.00861664
0.0106793
0.0136118
0.0136501
0.0129982
0.014728
0.0159229
0.0144965
0.014287
0.016379
0.0171854
0.0161995
0.0158442
0.0163172
0.0165457
0.0165405
0.0165471
0.00479735
0.00837852
0.00964105
0.00869669
0.0106823
0.0135335
0.0136803
0.0130216
0.0146055
0.0158916
0.0145654
0.0141665
0.0162149
0.0172068
0.0161568
0.0155788
0.0160953
0.0164631
0.0163904
0.0162439
0.00503264
0.00847355
0.00972124
0.00878114
0.0106847
0.0134566
0.0137024
0.0130522
0.0144865
0.0158424
0.0146369
0.0140585
0.0160231
0.0172066
0.0161461
0.015321
0.0158303
0.0163706
0.0162917
0.0159864
0.00527061
0.00856788
0.00981229
0.00887083
0.0106841
0.0133839
0.0137176
0.0130865
0.0143732
0.0157761
0.0147068
0.0139655
0.015807
0.0171757
0.0161657
0.0150866
0.0155231
0.0162496
0.0162363
0.0157912
0.00551153
0.00866051
0.00991507
0.00896747
0.0106785
0.0133163
0.0137278
0.0131207
0.0142658
0.0156946
0.0147727
0.0138896
0.0155714
0.0171052
0.0162083
0.0148935
0.0151825
0.0160795
0.0162074
0.0156684
0.00575571
0.00875074
0.0100272
0.009074
0.0106662
0.0132524
0.0137363
0.0131523
0.014163
0.0156004
0.0148337
0.0138323
0.0153217
0.0169879
0.0162614
0.0147575
0.0148296
0.0158432
0.0161784
0.0156195
0.00600362
0.00883789
0.0101465
0.00919419
0.0106462
0.0131902
0.0137475
0.0131803
0.0140623
0.0154946
0.0148892
0.0137962
0.0150639
0.0168202
0.0163095
0.0146857
0.014492
0.0155383
0.0161159
0.0156301
0.00625574
0.00892144
0.0102703
0.00933225
0.0106196
0.0131247
0.0137652
0.0132072
0.013959
0.0153752
0.0149389
0.0137843
0.0148053
0.016602
0.0163378
0.0146737
0.0141962
0.0151816
0.0159894
0.0156697
0.00651254
0.00900151
0.0103946
0.00949167
0.0105893
0.0130491
0.0137912
0.0132367
0.0138489
0.0152395
0.0149809
0.0138002
0.0145549
0.0163361
0.0163324
0.0147099
0.0139617
0.0148007
0.0157845
0.0156994
0.00677439
0.00907865
0.0105156
0.00967395
0.0105595
0.0129565
0.0138227
0.0132763
0.0137337
0.0150834
0.0150097
0.0138455
0.0143246
0.0160299
0.0162798
0.0147785
0.0137999
0.0144237
0.0155063
0.0156823
0.00704142
0.00915365
0.0106297
0.00987817
0.0105368
0.0128424
0.0138541
0.0133353
0.0136194
0.0149033
0.0150178
0.0139177
0.0141277
0.0156969
0.0161694
0.0148577
0.0137137
0.0140778
0.0151729
0.0155967
0.00731327
0.00922869
0.0107334
0.0101012
0.0105292
0.0127058
0.0138761
0.0134173
0.0135146
0.0147004
0.0149964
0.014008
0.0139754
0.0153548
0.0159991
0.0149223
0.013693
0.013787
0.0148086
0.0154379
0.00758936
0.0093074
0.0108242
0.0103379
0.0105455
0.0125502
0.0138755
0.0135188
0.0134324
0.0144822
0.0149367
0.0141044
0.0138735
0.0150217
0.0157768
0.014952
0.0137172
0.0135669
0.0144413
0.0152104
0.00786899
0.00939201
0.0108999
0.0105796
0.0105935
0.0123805
0.0138398
0.013632
0.0133855
0.0142599
0.0148339
0.0141921
0.0138211
0.0147141
0.0155148
0.014937
0.0137631
0.0134181
0.0141009
0.0149278
0.00815097
0.00948574
0.0109599
0.0108165
0.0106784
0.0122056
0.0137604
0.0137453
0.013381
0.0140476
0.0146908
0.0142554
0.0138104
0.0144476
0.015227
0.0148732
0.0138111
0.0133292
0.0138125
0.0146177
0.00843369
0.009591
0.0110037
0.0110398
0.0108022
0.0120396
0.0136347
0.0138413
0.013418
0.0138622
0.0145177
0.0142805
0.0138268
0.0142326
0.0149324
0.0147603
0.0138455
0.0132825
0.0135867
0.0143167
0.00871546
0.00970901
0.0110051
0.0112427
0.0109618
0.0118986
0.0134676
0.0138999
0.0134892
0.0137197
0.0143282
0.0142622
0.0138529
0.0140684
0.0146513
0.014606
0.0138531
0.0132601
0.0134152
0.0140522
0.00899469
0.00984189
0.0110311
0.0114241
0.0111475
0.0117956
0.013267
0.0139064
0.0135827
0.0136284
0.0141382
0.0142026
0.0138744
0.0139478
0.014398
0.0144257
0.013828
0.0132495
0.0132837
0.0138298
0.00926835
0.00998935
0.0110576
0.0115713
0.0113452
0.0117408
0.0130512
0.0138576
0.0136789
0.0135865
0.0139644
0.0141088
0.0138803
0.0138624
0.0141773
0.014233
0.0137706
0.0132419
0.0131854
0.0136417
0.00953713
0.0101507
0.011086
0.0116854
0.0115529
0.0117397
0.0128495
0.013761
0.0137552
0.0135862
0.0138209
0.0139926
0.013862
0.0138018
0.0139937
0.01404
0.0136842
0.0132261
0.0131149
0.0134823
0.0098008
0.0103287
0.0111181
0.0117378
0.0117312
0.0117881
0.0126816
0.0136282
0.0137949
0.013613
0.0137133
0.0138686
0.0138164
0.0137517
0.0138498
0.0138625
0.0135768
0.0131915
0.0130616
0.0133513
0.0100515
0.0105094
0.0111692
0.0117924
0.0118861
0.0118719
0.0125539
0.0134735
0.013792
0.0136504
0.0136424
0.0137498
0.0137482
0.0136985
0.0137369
0.0137127
0.013464
0.0131358
0.0130101
0.0132448
0.0102913
0.0106949
0.0112361
0.0118219
0.0120125
0.0119739
0.0124687
0.0133142
0.0137489
0.0136828
0.013604
0.0136447
0.0136649
0.0136373
0.0136416
0.0135905
0.0133627
0.0130708
0.0129534
0.0131544
0.0105203
0.010879
0.0113176
0.0118516
0.0121123
0.0120819
0.0124234
0.0131665
0.0136732
0.0136988
0.0135899
0.0135604
0.0135742
0.0135682
0.013556
0.0134855
0.0132767
0.0130112
0.0128969
0.0130738
0.0107366
0.0110597
0.0114142
0.0118785
0.0121873
0.012186
0.0124132
0.0130404
0.0135757
0.0136922
0.0135884
0.0135007
0.0134864
0.0134912
0.0134777
0.0133931
0.0131994
0.0129608
0.0128477
0.0130027
0.0109421
0.0112337
0.0115222
0.0119159
0.0122419
0.01228
0.0124297
0.0129397
0.0134679
0.0136621
0.0135897
0.0134657
0.0134147
0.0134116
0.0134034
0.0133178
0.0131324
0.0129174
0.0128079
0.0129414
0.0111373
0.0114033
0.0116346
0.0119439
0.0122816
0.0123604
0.0124648
0.0128666
0.0133617
0.0136139
0.0135877
0.0134505
0.0133655
0.0133391
0.013327
0.013254
0.0130797
0.0128797
0.0127769
0.0128915
0.0113212
0.0115609
0.011753
0.0120038
0.0123123
0.0124254
0.0125101
0.0128207
0.0132657
0.0135536
0.0135786
0.0134462
0.0133358
0.0132832
0.013253
0.0131903
0.0130395
0.0128518
0.0127558
0.012857
0.0114951
0.0117141
0.0118688
0.012058
0.012338
0.0124756
0.0125579
0.0127976
0.0131852
0.013487
0.0135609
0.0134492
0.0133232
0.0132491
0.0131973
0.01313
0.0130047
0.0128357
0.0127452
0.0128386
0.0116563
0.0118529
0.0119855
0.0121301
0.0123624
0.0125125
0.0126039
0.0127935
0.0131247
0.0134224
0.0135356
0.0134574
0.0133273
0.013233
0.0131648
0.0130854
0.0129746
0.0128291
0.0127456
0.0128345
0.011808
0.0119847
0.0120931
0.0121951
0.0123877
0.012539
0.0126432
0.012802
0.013085
0.0133673
0.0135057
0.0134668
0.013349
0.0132377
0.0131536
0.0130657
0.0129584
0.012832
0.0127574
0.0128424
0.0119468
0.012107
0.0121937
0.0122609
0.0124145
0.0125575
0.0126744
0.0128166
0.0130621
0.013326
0.01348
0.0134761
0.0133844
0.0132701
0.0131684
0.0130738
0.0129677
0.0128512
0.0127835
0.0128628
0.0120677
0.0122112
0.0122964
0.012331
0.0124428
0.0125705
0.0126967
0.0128343
0.0130522
0.0132972
0.0134637
0.0134917
0.0134291
0.0133289
0.0132172
0.0131137
0.0130113
0.0129002
0.0128347
0.0129043
0.0121778
0.0123176
0.012311
0.012379
0.0124706
0.0125813
0.0127094
0.0128497
0.0130536
0.01328
0.0134565
0.0135204
0.0134868
0.0134113
0.0133069
0.0131938
0.0130952
0.0129906
0.012924
0.0129804
0.0122673
0.0123373
0.0123811
0.0124266
0.0124968
0.0125911
0.0127151
0.0128566
0.0130596
0.0132765
0.0134598
0.0135635
0.0135654
0.0135193
0.0134423
0.0133289
0.0132289
0.0131309
0.0130636
0.013109
0.0123391
0.012406
0.0124416
0.0124703
0.0125217
0.0125987
0.0127144
0.0128526
0.0130564
0.0132778
0.0134744
0.0136237
0.0136821
0.0136728
0.0136341
0.0135328
0.0134184
0.0133187
0.0132515
0.0132885
0.0123973
0.0124861
0.0124867
0.0124988
0.0125444
0.0126099
0.0127121
0.0128374
0.0130252
0.0132536
0.0134937
0.0137184
0.0138748
0.0139499
0.0139908
0.0139614
0.0138588
0.0137181
0.0135641
0.0134693
0.0124369
0.0124825
0.0124794
0.0124936
0.0125444
0.0126106
0.0127098
0.0128198
0.0129554
0.0130868
0.0132895
0.0135991
0.0139051
0.0141126
0.0142635
0.0144117
0.0145921
0.0148454
0.0151405
0.0153851
0.0124493
0.0125673
0.0125534
0.0125513
0.012571
0.0125791
0.0126364
0.0127931
0.0130915
0.0134042
0.0136716
0.0138886
0.0140716
0.0142388
0.0144197
0.0146314
0.0148413
0.0150238
0.0151724
0.0152291
0.012366
0.012388
0.0124858
0.0126037
0.0127104
0.0127921
0.0128933
0.0130286
0.0132153
0.0134124
0.0136036
0.013777
0.0139383
0.0141095
0.0143147
0.0145681
0.0148746
0.0152031
0.0155195
0.0157387
0.0124351
0.012598
0.0126343
0.0126852
0.0127808
0.012869
0.012963
0.0130768
0.0132499
0.0134531
0.0136858
0.0139199
0.0141273
0.0142931
0.0144146
0.0144473
0.0143699
0.0141735
0.0139102
0.0136691
0.012321
0.0123993
0.0125443
0.0127213
0.0128771
0.0129727
0.0130575
0.0131512
0.0132917
0.0134762
0.0136731
0.0138538
0.0140527
0.0142553
0.0145009
0.0147926
0.0151225
0.015455
0.015729
0.0158683
0.0123192
0.012473
0.0126318
0.0128148
0.0129888
0.0130843
0.0131452
0.0132181
0.0133314
0.0134914
0.0136823
0.0138692
0.0140926
0.0143255
0.0145651
0.0148092
0.0150313
0.0152085
0.0153023
0.0152618
0.0317202
0.0250409
0.0169012
0.0112755
0.00991067
0.0108602
0.0118266
0.0123175
0.0125925
0.0128729
0.0131816
0.013407
0.0135368
0.0137409
0.0140647
0.0143061
0.0143513
0.0143094
0.0143521
0.0145901
0.0149472
0.0152372
0.0154376
0.015681
0.0159827
0.0162423
0.016445
0.0166603
0.0168785
0.0170591
0.017229
0.0174289
0.0176327
0.0178395
0.0180898
0.0183777
0.0186563
0.018915
0.0191804
0.0194435
0.0196656
0.0198959
0.0201723
0.020445
0.0206883
0.0209295
0.0211852
0.0214254
0.0216293
0.0218497
0.0221532
0.0224935
0.0228134
0.0231455
0.0235212
0.0239093
0.0242797
0.0246306
0.0248987
0.0251394
0.0254505
0.0258482
0.0262647
0.0266498
0.0270126
0.0273955
0.0277974
0.0281703
0.0285749
0.0290127
0.0294559
0.0298935
0.0303655
0.0308288
0.0313018
0.0317723
0.0322742
0.0327962
0.0333408
0.0338891
0.0344391
0.035015
0.0355916
0.0361871
0.0367404
0.0373341
0.0379362
0.0385873
0.0392399
0.0398787
0.0405456
0.0411893
0.0418573
0.0425667
0.0432334
0.0439826
0.0446728
0.0453436
0.0460057
0.0464823
0.0309406
0.0248984
0.0169856
0.0114213
0.0100012
0.0109051
0.0118548
0.0123363
0.0126053
0.0128823
0.0131893
0.0134137
0.0135424
0.0137456
0.0140692
0.0143106
0.0143554
0.0143128
0.0143547
0.0145923
0.0149495
0.0152394
0.0154395
0.0156826
0.0159842
0.0162438
0.0164463
0.0166615
0.0168797
0.0170602
0.01723
0.0174299
0.0176337
0.0178405
0.0180907
0.0183786
0.0186572
0.0189159
0.0191812
0.0194443
0.0196664
0.0198967
0.020173
0.0204457
0.0206889
0.0209301
0.0211858
0.021426
0.0216299
0.0218501
0.0221537
0.022494
0.0228138
0.0231459
0.0235215
0.0239096
0.02428
0.024631
0.0248991
0.0251397
0.0254508
0.0258484
0.0262649
0.02665
0.0270128
0.0273957
0.0277976
0.0281705
0.0285751
0.0290129
0.0294561
0.0298937
0.0303657
0.030829
0.0313019
0.0317725
0.0322743
0.0327964
0.033341
0.0338892
0.0344392
0.0350151
0.0355917
0.0361873
0.0367405
0.0373342
0.0379363
0.0385874
0.03924
0.0398788
0.0405457
0.0411893
0.0418574
0.0425668
0.0432335
0.0439826
0.0446729
0.0453437
0.0460058
0.0464823
0.0302381
0.0247729
0.0171574
0.0116858
0.0101512
0.0109571
0.0118803
0.0123584
0.0126242
0.0128966
0.0131998
0.0134217
0.0135488
0.0137508
0.0140738
0.0143148
0.0143592
0.0143161
0.0143575
0.0145947
0.0149517
0.0152415
0.0154413
0.0156842
0.0159858
0.0162452
0.0164475
0.0166625
0.0168807
0.0170611
0.0172309
0.0174308
0.0176346
0.0178412
0.0180915
0.0183794
0.018658
0.0189166
0.019182
0.019445
0.0196671
0.0198973
0.0201736
0.0204463
0.0206895
0.0209306
0.0211864
0.0214265
0.0216304
0.0218505
0.0221541
0.0224944
0.0228142
0.0231462
0.0235219
0.02391
0.0242803
0.0246314
0.0248994
0.0251399
0.025451
0.0258486
0.0262652
0.0266503
0.027013
0.0273959
0.0277978
0.0281707
0.0285753
0.0290131
0.0294563
0.0298939
0.0303658
0.0308292
0.0313021
0.0317726
0.0322744
0.0327965
0.0333411
0.0338894
0.0344394
0.0350152
0.0355918
0.0361874
0.0367406
0.0373343
0.0379364
0.0385875
0.0392401
0.0398789
0.0405458
0.0411894
0.0418575
0.0425668
0.0432336
0.0439827
0.044673
0.0453437
0.0460059
0.0464824
0.0295752
0.0246408
0.0173693
0.0120153
0.0103533
0.0110274
0.0119147
0.0123915
0.0126551
0.0129204
0.0132159
0.0134331
0.0135582
0.0137587
0.0140798
0.0143194
0.0143636
0.0143209
0.0143621
0.0145983
0.0149544
0.0152439
0.0154436
0.0156866
0.015988
0.016247
0.016449
0.0166639
0.016882
0.0170622
0.0172318
0.0174316
0.0176353
0.0178418
0.0180921
0.0183801
0.0186588
0.0189174
0.0191827
0.0194458
0.0196678
0.0198979
0.0201743
0.020447
0.0206901
0.0209312
0.021187
0.0214271
0.0216308
0.0218509
0.0221545
0.0224948
0.0228146
0.0231465
0.0235222
0.0239103
0.0242807
0.0246318
0.0248998
0.0251401
0.0254511
0.0258488
0.0262654
0.0266505
0.0270132
0.0273961
0.027798
0.0281709
0.0285754
0.0290132
0.0294565
0.029894
0.030366
0.0308293
0.0313022
0.0317728
0.0322746
0.0327966
0.0333413
0.0338895
0.0344395
0.0350153
0.0355919
0.0361875
0.0367407
0.0373344
0.0379365
0.0385876
0.0392402
0.039879
0.0405459
0.0411895
0.0418575
0.0425669
0.0432337
0.0439828
0.0446731
0.0453438
0.0460061
0.0464825
0.0289127
0.0244816
0.0175865
0.012364
0.0105772
0.0111066
0.0119532
0.0124326
0.0126973
0.0129546
0.0132391
0.0134492
0.013572
0.0137707
0.0140883
0.0143248
0.014369
0.0143282
0.0143701
0.0146044
0.014958
0.0152465
0.0154467
0.01569
0.0159911
0.0162496
0.0164513
0.016666
0.0168837
0.0170636
0.0172329
0.0174326
0.0176361
0.0178424
0.0180926
0.0183809
0.0186597
0.0189182
0.0191834
0.0194465
0.0196686
0.0198987
0.020175
0.0204477
0.0206908
0.0209319
0.0211876
0.0214277
0.0216313
0.0218513
0.0221549
0.0224953
0.022815
0.0231469
0.0235226
0.0239107
0.0242811
0.0246322
0.0249002
0.0251404
0.0254513
0.0258491
0.0262657
0.0266508
0.0270135
0.0273963
0.0277982
0.0281711
0.0285756
0.0290134
0.0294566
0.0298942
0.0303662
0.0308295
0.0313024
0.0317729
0.0322747
0.0327968
0.0333414
0.0338896
0.0344396
0.0350155
0.0355921
0.0361876
0.0367409
0.0373345
0.0379366
0.0385877
0.0392403
0.0398791
0.040546
0.0411896
0.0418576
0.042567
0.0432338
0.0439829
0.0446732
0.0453439
0.0460063
0.0464826
0.0282496
0.0242942
0.017796
0.0127161
0.0108127
0.0111906
0.011991
0.0124759
0.0127455
0.0129956
0.0132675
0.0134691
0.0135895
0.0137863
0.014099
0.0143312
0.0143755
0.0143382
0.0143819
0.0146136
0.014963
0.0152498
0.0154508
0.0156947
0.015995
0.0162528
0.0164543
0.0166689
0.0168862
0.0170657
0.0172348
0.0174341
0.0176371
0.0178429
0.0180931
0.0183815
0.0186606
0.018919
0.019184
0.0194472
0.0196695
0.0198997
0.0201759
0.0204484
0.0206917
0.0209329
0.0211885
0.0214284
0.0216319
0.0218518
0.0221554
0.0224958
0.0228155
0.0231474
0.023523
0.0239112
0.0242816
0.0246328
0.0249007
0.0251406
0.0254515
0.0258494
0.0262661
0.0266511
0.0270138
0.0273966
0.0277985
0.0281713
0.0285758
0.0290136
0.0294568
0.0298943
0.0303663
0.0308297
0.0313026
0.0317731
0.0322748
0.0327969
0.0333415
0.0338898
0.0344397
0.0350156
0.0355922
0.0361878
0.036741
0.0373346
0.0379367
0.0385878
0.0392404
0.0398792
0.0405461
0.0411897
0.0418577
0.0425671
0.0432338
0.0439829
0.0446734
0.0453441
0.0460066
0.0464827
0.0275939
0.0240821
0.0179923
0.0130665
0.0110581
0.0112799
0.0120278
0.0125195
0.012797
0.0130408
0.0132993
0.0134915
0.0136094
0.0138043
0.0141115
0.0143385
0.0143831
0.0143505
0.014397
0.0146257
0.0149694
0.0152538
0.0154558
0.0157004
0.0159996
0.0162564
0.0164579
0.0166724
0.0168894
0.0170686
0.0172375
0.0174363
0.0176386
0.0178437
0.0180935
0.0183821
0.0186614
0.0189198
0.0191844
0.0194476
0.0196704
0.0199007
0.0201767
0.0204492
0.0206927
0.0209341
0.0211896
0.0214292
0.0216326
0.0218525
0.022156
0.0224963
0.022816
0.0231479
0.0235235
0.0239117
0.0242822
0.0246335
0.0249013
0.025141
0.0254518
0.0258498
0.0262665
0.0266515
0.0270141
0.0273969
0.0277988
0.0281716
0.028576
0.0290139
0.0294571
0.0298945
0.0303665
0.0308299
0.0313027
0.0317733
0.032275
0.032797
0.0333417
0.0338899
0.0344399
0.0350157
0.0355924
0.036188
0.0367411
0.0373347
0.0379369
0.0385879
0.0392406
0.0398793
0.0405462
0.0411898
0.0418578
0.0425672
0.0432339
0.043983
0.0446736
0.0453442
0.0460069
0.0464829
0.0269532
0.0238468
0.01817
0.0134115
0.0113138
0.0113775
0.0120651
0.012563
0.0128509
0.0130893
0.0133338
0.0135158
0.0136308
0.0138237
0.0141251
0.0143466
0.0143916
0.0143643
0.0144143
0.01464
0.0149773
0.0152587
0.0154619
0.0157069
0.0160045
0.0162601
0.0164616
0.0166762
0.0168929
0.0170722
0.0172412
0.0174396
0.0176409
0.0178449
0.0180941
0.0183827
0.0186624
0.0189207
0.0191847
0.0194478
0.0196712
0.0199019
0.0201775
0.0204498
0.0206938
0.0209356
0.021191
0.0214303
0.0216336
0.0218536
0.0221569
0.022497
0.0228166
0.0231485
0.023524
0.0239122
0.0242829
0.0246343
0.0249019
0.0251414
0.0254522
0.0258503
0.0262671
0.0266521
0.0270146
0.0273973
0.0277992
0.0281719
0.0285763
0.0290142
0.0294573
0.0298948
0.0303668
0.0308301
0.0313029
0.0317734
0.0322751
0.0327972
0.0333419
0.0338901
0.03444
0.0350159
0.0355925
0.0361881
0.0367413
0.0373349
0.037937
0.038588
0.0392407
0.0398794
0.0405464
0.0411899
0.0418579
0.0425674
0.0432341
0.0439831
0.0446738
0.0453444
0.0460073
0.0464832
0.026332
0.0235882
0.0183249
0.0137492
0.0115807
0.0114857
0.0121036
0.0126058
0.0129066
0.0131408
0.0133707
0.0135414
0.0136533
0.0138443
0.0141399
0.0143556
0.0144008
0.0143789
0.0144328
0.0146555
0.0149863
0.0152645
0.0154686
0.0157141
0.0160098
0.0162639
0.0164654
0.0166798
0.0168962
0.0170758
0.0172454
0.0174438
0.0176442
0.017847
0.0180951
0.0183835
0.0186636
0.0189217
0.0191848
0.0194477
0.019672
0.0199032
0.0201782
0.0204502
0.0206948
0.0209373
0.0211925
0.0214314
0.0216349
0.0218551
0.0221581
0.0224978
0.0228173
0.023149
0.0235244
0.0239126
0.0242835
0.0246351
0.0249027
0.025142
0.0254528
0.0258509
0.0262677
0.0266527
0.0270152
0.0273978
0.0277996
0.0281724
0.0285768
0.0290145
0.0294577
0.0298951
0.0303671
0.0308303
0.0313032
0.0317737
0.0322753
0.0327974
0.033342
0.0338903
0.0344402
0.035016
0.0355927
0.0361883
0.0367414
0.037335
0.0379371
0.0385881
0.0392409
0.0398796
0.0405465
0.0411901
0.041858
0.0425675
0.0432342
0.0439832
0.044674
0.0453447
0.0460078
0.0464835
0.0257319
0.0233076
0.0184564
0.0140797
0.0118586
0.0116056
0.0121437
0.0126469
0.0129631
0.0131951
0.0134099
0.0135683
0.0136765
0.0138658
0.0141556
0.0143653
0.0144103
0.0143939
0.014452
0.014672
0.0149962
0.015271
0.015476
0.0157217
0.0160153
0.0162677
0.0164691
0.0166834
0.0168993
0.0170792
0.0172498
0.0174486
0.0176484
0.0178499
0.0180966
0.0183846
0.018665
0.0189229
0.0191851
0.0194476
0.0196728
0.0199045
0.0201789
0.0204504
0.0206958
0.020939
0.021194
0.0214326
0.0216364
0.021857
0.0221598
0.0224991
0.0228184
0.0231497
0.0235247
0.0239127
0.0242839
0.0246358
0.0249035
0.0251428
0.0254535
0.0258516
0.0262685
0.0266534
0.027016
0.0273985
0.0278002
0.028173
0.0285774
0.029015
0.0294581
0.0298955
0.0303675
0.0308307
0.0313035
0.0317739
0.0322756
0.0327976
0.0333422
0.0338905
0.0344404
0.0350162
0.0355929
0.0361885
0.0367416
0.0373351
0.0379373
0.0385883
0.0392411
0.0398797
0.0405467
0.0411902
0.0418581
0.0425677
0.0432344
0.0439833
0.0446743
0.0453451
0.0460083
0.0464838
0.0251538
0.0230094
0.0185655
0.0144015
0.0121454
0.0117375
0.012186
0.012686
0.01302
0.0132517
0.0134512
0.0135963
0.0137004
0.0138882
0.0141724
0.0143757
0.0144202
0.0144092
0.0144718
0.0146893
0.0150069
0.015278
0.0154839
0.0157298
0.0160211
0.0162716
0.0164728
0.0166869
0.0169022
0.0170824
0.017254
0.0174535
0.0176531
0.0178535
0.0180987
0.0183859
0.0186666
0.0189243
0.0191854
0.0194475
0.0196737
0.0199058
0.0201794
0.0204505
0.0206966
0.0209406
0.0211953
0.0214335
0.0216378
0.0218592
0.022162
0.0225009
0.0228199
0.0231508
0.023525
0.0239125
0.024284
0.0246362
0.0249041
0.0251435
0.0254543
0.0258525
0.0262693
0.0266543
0.0270169
0.0273993
0.0278009
0.0281737
0.0285781
0.0290157
0.0294587
0.0298961
0.030368
0.0308311
0.0313039
0.0317743
0.0322758
0.0327978
0.0333425
0.0338908
0.0344406
0.0350164
0.0355931
0.0361887
0.0367417
0.0373353
0.0379374
0.0385884
0.0392413
0.0398799
0.0405469
0.0411904
0.0418583
0.0425678
0.0432346
0.0439833
0.0446747
0.0453456
0.0460088
0.0464843
0.0245991
0.0226982
0.0186519
0.0147113
0.0124387
0.0118826
0.0122324
0.0127233
0.0130764
0.0133105
0.0134948
0.0136256
0.0137252
0.0139115
0.0141901
0.0143867
0.0144305
0.014425
0.0144923
0.0147077
0.0150183
0.0152857
0.0154922
0.0157383
0.0160271
0.0162757
0.0164767
0.0166905
0.016905
0.0170855
0.0172582
0.0174586
0.0176582
0.0178576
0.0181013
0.0183876
0.0186684
0.0189259
0.0191858
0.0194475
0.0196746
0.0199073
0.02018
0.0204505
0.0206973
0.0209421
0.0211964
0.0214341
0.021639
0.0218615
0.0221644
0.0225031
0.0228221
0.0231525
0.0235255
0.0239122
0.0242836
0.0246361
0.0249044
0.0251442
0.0254553
0.0258536
0.0262702
0.0266552
0.0270178
0.0274001
0.0278016
0.0281745
0.0285791
0.0290165
0.0294594
0.0298968
0.0303686
0.0308317
0.0313045
0.0317748
0.0322762
0.0327981
0.0333428
0.033891
0.0344408
0.0350166
0.0355934
0.036189
0.0367419
0.0373355
0.0379376
0.0385885
0.0392415
0.0398801
0.040547
0.0411906
0.0418584
0.042568
0.0432348
0.0439833
0.0446752
0.0453462
0.0460095
0.0464848
0.0240684
0.0223775
0.0187141
0.0150061
0.012737
0.0120429
0.0122851
0.0127588
0.0131316
0.0133711
0.0135411
0.0136566
0.0137508
0.0139357
0.0142088
0.0143986
0.0144413
0.0144414
0.014514
0.0147273
0.0150308
0.015294
0.0155012
0.0157473
0.0160335
0.0162799
0.0164806
0.0166941
0.0169079
0.0170886
0.0172625
0.0174637
0.0176634
0.017862
0.0181043
0.0183896
0.0186703
0.0189275
0.0191863
0.0194475
0.0196756
0.0199088
0.0201807
0.0204504
0.020698
0.0209434
0.0211973
0.0214343
0.0216399
0.0218636
0.0221669
0.0225056
0.0228247
0.0231547
0.0235264
0.0239119
0.0242828
0.0246353
0.0249041
0.0251445
0.0254562
0.0258548
0.0262713
0.0266562
0.0270189
0.027401
0.0278023
0.0281755
0.0285802
0.0290175
0.0294603
0.0298977
0.0303694
0.0308325
0.0313053
0.0317755
0.0322768
0.0327985
0.0333431
0.0338913
0.034441
0.0350169
0.0355936
0.0361893
0.0367421
0.0373357
0.0379377
0.0385886
0.0392417
0.0398803
0.0405472
0.0411908
0.0418586
0.0425681
0.0432351
0.0439833
0.0446757
0.045347
0.0460102
0.0464854
0.0235608
0.0220498
0.0187524
0.0152841
0.0130385
0.0122195
0.0123462
0.0127932
0.0131849
0.0134333
0.0135901
0.0136895
0.0137777
0.013961
0.0142287
0.0144114
0.0144529
0.0144588
0.014537
0.0147483
0.0150444
0.0153031
0.0155107
0.0157568
0.0160403
0.0162844
0.0164848
0.016698
0.016911
0.0170919
0.017267
0.017469
0.0176689
0.0178668
0.0181077
0.0183919
0.0186723
0.0189292
0.0191869
0.0194476
0.0196767
0.0199105
0.0201814
0.0204503
0.0206985
0.0209446
0.021198
0.0214342
0.0216404
0.0218655
0.0221693
0.0225081
0.0228276
0.0231573
0.0235277
0.0239116
0.0242816
0.0246339
0.0249031
0.0251444
0.0254571
0.0258562
0.0262726
0.0266573
0.02702
0.0274019
0.027803
0.0281764
0.0285814
0.0290186
0.0294613
0.0298987
0.0303703
0.0308333
0.0313062
0.0317764
0.0322775
0.032799
0.0333435
0.0338917
0.0344413
0.0350171
0.0355939
0.0361896
0.0367425
0.0373359
0.0379379
0.0385887
0.0392418
0.0398805
0.0405473
0.0411909
0.0418588
0.0425682
0.0432354
0.0439832
0.0446763
0.0453479
0.0460109
0.046486
0.0230751
0.0217179
0.0187684
0.0155437
0.0133404
0.0124126
0.0124183
0.0128275
0.0132359
0.0134962
0.0136417
0.0137246
0.0138058
0.0139876
0.0142499
0.0144253
0.0144653
0.0144775
0.0145618
0.0147712
0.0150593
0.015313
0.0155208
0.0157669
0.0160474
0.0162891
0.0164892
0.0167021
0.0169144
0.0170956
0.0172717
0.0174745
0.0176745
0.017872
0.0181115
0.0183944
0.0186745
0.018931
0.0191875
0.0194477
0.0196778
0.0199123
0.0201821
0.0204502
0.0206989
0.0209457
0.0211985
0.0214339
0.0216408
0.0218673
0.0221716
0.0225106
0.0228306
0.0231602
0.0235292
0.0239113
0.0242803
0.024632
0.0249016
0.0251438
0.0254576
0.0258576
0.026274
0.0266586
0.0270212
0.0274028
0.0278036
0.0281772
0.0285826
0.0290198
0.0294625
0.0298999
0.0303713
0.0308342
0.0313073
0.0317776
0.0322784
0.0327997
0.0333441
0.0338921
0.0344416
0.0350172
0.0355942
0.03619
0.0367429
0.0373363
0.0379381
0.0385887
0.0392419
0.0398807
0.0405475
0.0411911
0.041859
0.0425683
0.0432357
0.043983
0.0446768
0.0453489
0.0460117
0.0464868
0.022611
0.0213849
0.0187641
0.0157832
0.0136392
0.0126216
0.012504
0.0128636
0.013284
0.0135588
0.0136956
0.013762
0.0138357
0.0140157
0.0142725
0.0144403
0.0144788
0.0144975
0.0145885
0.014796
0.0150755
0.0153237
0.0155316
0.0157775
0.016055
0.0162941
0.0164939
0.0167066
0.0169181
0.0170996
0.0172769
0.0174802
0.0176804
0.0178775
0.0181157
0.0183974
0.0186769
0.0189328
0.0191881
0.0194478
0.0196791
0.0199143
0.020183
0.02045
0.0206993
0.0209466
0.0211988
0.0214334
0.0216411
0.0218691
0.0221739
0.022513
0.0228335
0.0231631
0.0235307
0.0239111
0.0242785
0.0246296
0.0248997
0.0251429
0.0254581
0.025859
0.0262755
0.0266599
0.0270224
0.0274037
0.0278042
0.0281779
0.0285837
0.0290209
0.0294638
0.0299012
0.0303724
0.0308352
0.0313084
0.0317789
0.0322795
0.0328005
0.0333447
0.0338927
0.0344419
0.0350173
0.0355944
0.0361903
0.0367434
0.0373368
0.0379384
0.0385886
0.039242
0.0398808
0.0405476
0.0411913
0.0418592
0.0425684
0.0432361
0.0439827
0.0446774
0.0453501
0.0460125
0.0464876
0.0221688
0.0210529
0.0187407
0.0160017
0.0139317
0.0128448
0.0126052
0.0129033
0.013329
0.01362
0.0137515
0.013802
0.0138677
0.0140454
0.0142967
0.0144565
0.0144933
0.014519
0.0146171
0.0148225
0.0150931
0.0153351
0.015543
0.0157887
0.016063
0.0162995
0.0164989
0.0167113
0.0169222
0.017104
0.0172823
0.0174863
0.0176867
0.0178835
0.0181204
0.0184006
0.0186795
0.0189347
0.0191887
0.0194479
0.0196804
0.0199163
0.0201839
0.0204499
0.0206996
0.0209474
0.021199
0.0214329
0.0216415
0.021871
0.0221763
0.0225154
0.0228364
0.023166
0.0235324
0.0239109
0.0242766
0.024627
0.0248976
0.025142
0.0254586
0.0258604
0.026277
0.0266613
0.0270237
0.0274046
0.0278048
0.0281787
0.0285848
0.029022
0.029465
0.0299027
0.0303736
0.0308362
0.0313096
0.0317803
0.0322808
0.0328014
0.0333454
0.0338934
0.0344424
0.0350175
0.0355944
0.0361905
0.0367439
0.0373374
0.0379388
0.0385886
0.0392419
0.0398808
0.0405477
0.0411915
0.0418594
0.0425684
0.0432365
0.0439824
0.044678
0.0453513
0.0460133
0.0464885
0.0217482
0.0207229
0.0186995
0.0161998
0.0142151
0.0130785
0.012723
0.0129492
0.0133716
0.0136792
0.0138085
0.0138444
0.0139018
0.0140771
0.0143225
0.0144739
0.014509
0.0145418
0.0146473
0.0148508
0.0151118
0.0153474
0.015555
0.0158006
0.0160716
0.0163052
0.0165043
0.0167164
0.0169265
0.0171086
0.0172881
0.0174927
0.0176935
0.01789
0.0181255
0.0184042
0.0186823
0.0189368
0.0191893
0.019448
0.0196818
0.0199185
0.0201849
0.0204498
0.0206998
0.0209482
0.0211992
0.0214325
0.0216423
0.0218734
0.022179
0.0225178
0.0228391
0.0231689
0.023534
0.0239106
0.0242745
0.024624
0.0248956
0.0251417
0.0254595
0.0258617
0.0262783
0.0266626
0.027025
0.0274056
0.0278054
0.0281795
0.0285859
0.0290231
0.0294663
0.0299041
0.0303748
0.0308372
0.0313108
0.0317818
0.0322822
0.0328025
0.0333462
0.0338941
0.034443
0.0350177
0.0355945
0.0361907
0.0367444
0.0373382
0.0379394
0.0385886
0.0392418
0.0398808
0.0405477
0.0411917
0.0418597
0.0425685
0.0432369
0.043982
0.0446785
0.0453525
0.0460141
0.0464894
0.0213484
0.0203953
0.018642
0.0163792
0.0144871
0.0133181
0.0128577
0.013004
0.0134134
0.013736
0.0138657
0.0138889
0.0139382
0.014111
0.0143501
0.0144928
0.0145256
0.0145658
0.0146792
0.0148806
0.0151317
0.0153603
0.0155677
0.0158132
0.0160807
0.0163114
0.0165099
0.0167218
0.016931
0.0171134
0.017294
0.0174995
0.0177007
0.017897
0.0181311
0.0184081
0.0186854
0.0189391
0.01919
0.0194481
0.0196833
0.0199208
0.020186
0.0204497
0.0207
0.020949
0.0211995
0.0214324
0.0216436
0.0218764
0.0221822
0.0225203
0.0228418
0.0231717
0.0235356
0.0239103
0.0242723
0.024621
0.0248939
0.0251421
0.0254611
0.0258631
0.0262793
0.0266637
0.0270262
0.0274067
0.0278061
0.0281804
0.0285872
0.0290243
0.0294675
0.0299056
0.030376
0.0308382
0.031312
0.0317833
0.0322838
0.0328037
0.033347
0.0338949
0.0344437
0.0350179
0.0355944
0.0361907
0.0367448
0.037339
0.0379401
0.0385887
0.0392417
0.0398806
0.0405477
0.0411919
0.0418599
0.0425685
0.0432374
0.0439816
0.0446791
0.0453539
0.0460149
0.0464903
0.0209699
0.0200713
0.0185692
0.0165411
0.0147453
0.013559
0.013009
0.0130707
0.0134561
0.0137897
0.0139219
0.0139346
0.0139769
0.0141474
0.0143801
0.0145131
0.0145432
0.0145908
0.0147123
0.0149118
0.0151525
0.0153738
0.0155809
0.0158265
0.0160904
0.0163179
0.0165159
0.0167275
0.0169358
0.0171182
0.0173001
0.0175066
0.0177085
0.0179045
0.0181371
0.0184124
0.0186888
0.0189415
0.0191908
0.0194482
0.0196848
0.0199233
0.0201871
0.0204496
0.0207002
0.0209498
0.0211999
0.0214328
0.0216456
0.0218802
0.0221859
0.0225231
0.0228445
0.0231745
0.0235372
0.02391
0.02427
0.0246179
0.0248925
0.0251435
0.0254637
0.0258648
0.0262802
0.0266645
0.0270273
0.0274077
0.0278069
0.0281815
0.0285886
0.0290256
0.0294688
0.029907
0.0303773
0.0308392
0.0313132
0.0317849
0.0322855
0.032805
0.0333479
0.0338957
0.0344444
0.0350183
0.0355943
0.0361906
0.0367453
0.0373398
0.0379408
0.0385889
0.0392415
0.0398805
0.0405476
0.041192
0.0418602
0.0425686
0.0432379
0.0439812
0.0446796
0.0453553
0.0460157
0.0464912
0.0206138
0.0197534
0.0184808
0.0166856
0.0149887
0.0137978
0.0131754
0.0131513
0.0135017
0.0138405
0.0139761
0.0139808
0.0140178
0.0141867
0.0144125
0.0145351
0.0145617
0.0146166
0.0147467
0.0149443
0.0151743
0.0153879
0.0155948
0.0158405
0.0161008
0.0163248
0.0165223
0.0167336
0.0169409
0.0171233
0.0173063
0.0175141
0.0177167
0.0179124
0.0181433
0.0184168
0.0186924
0.0189442
0.0191917
0.0194484
0.0196864
0.0199258
0.0201884
0.0204495
0.0207004
0.0209507
0.0212005
0.0214336
0.0216484
0.0218847
0.0221901
0.0225261
0.0228472
0.0231772
0.0235387
0.0239097
0.0242678
0.0246149
0.0248916
0.0251459
0.0254672
0.0258668
0.0262808
0.0266652
0.0270284
0.0274088
0.0278078
0.0281828
0.0285903
0.029027
0.0294702
0.0299085
0.0303786
0.0308403
0.0313145
0.0317865
0.0322872
0.0328064
0.0333488
0.0338965
0.0344452
0.0350187
0.0355942
0.0361905
0.0367456
0.0373407
0.0379417
0.0385891
0.0392413
0.0398802
0.0405475
0.0411921
0.0418605
0.0425686
0.0432385
0.0439809
0.0446801
0.0453568
0.0460165
0.0464921
0.0202806
0.0194451
0.0183761
0.0168123
0.0152182
0.0140314
0.0133537
0.0132474
0.013553
0.0138893
0.0140276
0.0140264
0.0140603
0.014229
0.0144479
0.0145589
0.014581
0.0146428
0.014782
0.014978
0.015197
0.0154025
0.0156093
0.0158553
0.0161118
0.0163322
0.0165291
0.0167401
0.0169462
0.0171285
0.0173128
0.0175219
0.0177252
0.0179205
0.0181496
0.0184214
0.0186962
0.0189472
0.0191928
0.0194486
0.019688
0.0199286
0.0201898
0.0204495
0.0207007
0.0209517
0.0212014
0.0214348
0.0216518
0.02189
0.0221949
0.0225294
0.0228499
0.0231798
0.0235402
0.0239094
0.0242655
0.024612
0.024891
0.0251492
0.0254716
0.0258692
0.0262814
0.0266657
0.0270294
0.02741
0.0278088
0.0281843
0.0285922
0.0290287
0.0294716
0.0299099
0.0303799
0.0308415
0.0313159
0.0317883
0.0322891
0.0328079
0.0333498
0.0338973
0.0344461
0.0350191
0.0355942
0.0361904
0.036746
0.0373416
0.0379426
0.0385895
0.0392411
0.03988
0.0405475
0.0411923
0.0418609
0.0425686
0.043239
0.0439805
0.0446806
0.0453584
0.0460175
0.0464931
0.0199679
0.0191515
0.0182564
0.0169195
0.0154351
0.0142582
0.0135394
0.0133593
0.0136128
0.0139376
0.0140762
0.0140703
0.0141037
0.0142743
0.0144866
0.0145849
0.0146012
0.0146696
0.014818
0.0150128
0.0152205
0.0154177
0.0156243
0.0158709
0.0161236
0.0163401
0.0165362
0.016747
0.0169519
0.017134
0.0173196
0.0175301
0.0177341
0.0179288
0.0181561
0.0184261
0.0187003
0.0189504
0.019194
0.0194488
0.0196898
0.0199314
0.0201913
0.0204495
0.0207011
0.0209529
0.0212025
0.0214364
0.0216556
0.0218959
0.0222002
0.0225329
0.0228526
0.0231824
0.0235417
0.0239091
0.0242634
0.0246092
0.0248906
0.0251531
0.0254766
0.0258719
0.026282
0.0266662
0.0270305
0.0274112
0.0278099
0.028186
0.0285943
0.0290305
0.0294731
0.0299114
0.0303813
0.0308427
0.0313173
0.0317901
0.0322911
0.0328095
0.0333509
0.0338981
0.034447
0.0350197
0.0355942
0.0361902
0.0367464
0.0373426
0.0379437
0.0385899
0.0392409
0.0398797
0.0405474
0.0411925
0.0418612
0.0425686
0.0432396
0.0439802
0.0446811
0.0453601
0.0460186
0.0464942
0.0196692
0.0188769
0.0181268
0.0170049
0.0156398
0.0144779
0.0137282
0.0134863
0.0136837
0.0139871
0.0141218
0.0141118
0.0141469
0.0143222
0.0145289
0.0146134
0.0146226
0.0146969
0.0148548
0.0150486
0.015245
0.0154335
0.0156401
0.0158874
0.0161362
0.0163485
0.0165438
0.0167543
0.016958
0.0171398
0.0173266
0.0175385
0.0177431
0.0179373
0.0181626
0.0184309
0.0187046
0.0189539
0.0191954
0.0194491
0.0196916
0.0199344
0.0201929
0.0204495
0.0207015
0.0209542
0.0212038
0.0214382
0.0216599
0.0219023
0.0222059
0.0225366
0.0228555
0.0231851
0.0235432
0.0239087
0.0242613
0.0246065
0.0248905
0.0251574
0.0254819
0.0258747
0.0262827
0.0266666
0.0270316
0.0274124
0.0278111
0.0281879
0.0285967
0.0290324
0.0294747
0.0299129
0.0303827
0.0308439
0.0313188
0.0317919
0.0322932
0.0328113
0.033352
0.033899
0.034448
0.0350203
0.0355942
0.03619
0.0367468
0.0373436
0.0379447
0.0385904
0.0392408
0.0398795
0.0405473
0.0411926
0.0418616
0.0425686
0.0432402
0.0439799
0.0446816
0.0453619
0.0460198
0.0464953
0.0193762
0.0186221
0.0179953
0.0170666
0.0158307
0.0146913
0.0139167
0.0136259
0.0137677
0.0140405
0.0141651
0.0141503
0.0141889
0.014372
0.014575
0.0146448
0.0146452
0.0147248
0.0148922
0.0150853
0.0152704
0.0154499
0.0156564
0.0159047
0.0161495
0.0163575
0.0165519
0.0167621
0.0169645
0.0171459
0.017334
0.0175473
0.0177525
0.0179458
0.0181692
0.018436
0.0187092
0.0189577
0.019197
0.0194494
0.0196935
0.0199376
0.0201946
0.0204496
0.0207019
0.0209557
0.0212054
0.0214402
0.0216644
0.0219089
0.0222118
0.0225405
0.0228585
0.0231878
0.0235447
0.0239084
0.0242593
0.0246038
0.0248905
0.0251619
0.0254875
0.0258777
0.0262834
0.0266671
0.0270328
0.0274137
0.0278124
0.0281899
0.0285991
0.0290345
0.0294763
0.0299145
0.0303841
0.0308453
0.0313204
0.0317939
0.0322954
0.0328132
0.0333532
0.0338999
0.034449
0.035021
0.0355943
0.0361899
0.0367472
0.0373446
0.0379459
0.0385909
0.0392407
0.0398793
0.0405473
0.0411928
0.041862
0.0425686
0.0432409
0.0439795
0.0446821
0.0453638
0.0460211
0.0464966
0.0190805
0.0183814
0.0178711
0.0171074
0.0160031
0.0148996
0.0141038
0.0137744
0.0138659
0.0141005
0.014207
0.0141853
0.0142287
0.014423
0.0146249
0.0146796
0.0146692
0.0147531
0.0149304
0.0151229
0.0152966
0.015467
0.0156735
0.015923
0.0161638
0.0163671
0.0165604
0.0167704
0.0169714
0.0171525
0.0173418
0.0175565
0.0177621
0.0179545
0.018176
0.0184412
0.0187141
0.0189618
0.0191987
0.0194498
0.0196955
0.019941
0.0201964
0.0204496
0.0207024
0.0209573
0.0212071
0.0214424
0.021669
0.0219158
0.022218
0.0225445
0.0228615
0.0231905
0.0235462
0.0239081
0.0242573
0.0246013
0.0248907
0.0251665
0.0254931
0.0258808
0.0262841
0.0266676
0.027034
0.0274151
0.0278138
0.0281921
0.0286018
0.0290367
0.0294781
0.0299162
0.0303856
0.0308466
0.031322
0.031796
0.0322977
0.0328151
0.0333544
0.0339009
0.0344501
0.0350218
0.0355945
0.0361898
0.0367477
0.0373457
0.0379471
0.0385915
0.0392406
0.0398791
0.0405473
0.041193
0.0418624
0.0425686
0.0432415
0.0439792
0.0446825
0.0453658
0.0460227
0.0464979
0.0187791
0.0181431
0.0177607
0.0171356
0.0161514
0.0151016
0.014291
0.0139274
0.0139776
0.0141701
0.0142491
0.014217
0.0142658
0.0144741
0.0146781
0.0147181
0.014695
0.0147821
0.0149695
0.0151617
0.0153234
0.0154847
0.0156914
0.0159422
0.0161789
0.0163774
0.0165694
0.0167792
0.0169788
0.0171594
0.0173499
0.017566
0.017772
0.0179634
0.0181828
0.0184465
0.0187192
0.0189662
0.0192006
0.0194502
0.0196976
0.0199445
0.0201983
0.0204497
0.020703
0.0209591
0.021209
0.0214446
0.0216737
0.0219229
0.0222244
0.0225487
0.0228647
0.0231933
0.0235478
0.0239078
0.0242555
0.0245989
0.0248908
0.0251711
0.0254988
0.025884
0.026285
0.0266681
0.0270353
0.0274166
0.0278152
0.0281943
0.0286045
0.0290389
0.0294799
0.0299179
0.0303872
0.0308481
0.0313237
0.0317981
0.0323001
0.0328171
0.0333558
0.0339019
0.0344513
0.0350226
0.0355947
0.0361898
0.0367482
0.0373467
0.0379483
0.038592
0.0392405
0.039879
0.0405473
0.0411932
0.0418628
0.0425687
0.0432422
0.0439789
0.0446829
0.045368
0.0460244
0.0464993
0.0184795
0.0178935
0.0176606
0.0171643
0.0162738
0.0152918
0.0144809
0.0140823
0.0141001
0.0142522
0.0142938
0.0142455
0.0142997
0.0145243
0.0147339
0.0147603
0.014723
0.0148118
0.0150095
0.0152018
0.0153511
0.0155027
0.0157101
0.0159625
0.016195
0.0163883
0.016579
0.0167885
0.0169868
0.0171667
0.0173584
0.0175759
0.0177822
0.0179725
0.0181898
0.0184521
0.0187247
0.0189709
0.0192027
0.0194507
0.0196999
0.0199482
0.0202004
0.0204498
0.0207036
0.0209612
0.0212112
0.021447
0.0216784
0.0219301
0.022231
0.0225529
0.0228679
0.0231963
0.0235495
0.0239075
0.0242537
0.0245966
0.0248911
0.0251757
0.0255044
0.0258872
0.0262859
0.0266688
0.0270367
0.0274181
0.0278167
0.0281966
0.0286074
0.0290413
0.0294817
0.0299198
0.0303889
0.0308496
0.0313255
0.0318003
0.0323026
0.0328192
0.0333572
0.033903
0.0344525
0.0350235
0.035595
0.0361898
0.0367488
0.0373479
0.0379495
0.0385926
0.0392405
0.0398789
0.0405473
0.0411934
0.0418632
0.0425687
0.043243
0.0439787
0.0446833
0.0453702
0.0460262
0.0465007
0.0181985
0.0176243
0.0175563
0.0172063
0.0163766
0.0154608
0.0146742
0.0142402
0.0142284
0.0143475
0.0143447
0.0142712
0.0143301
0.0145731
0.0147914
0.0148062
0.0147534
0.0148425
0.0150504
0.0152434
0.0153797
0.0155209
0.0157293
0.0159841
0.0162122
0.0163999
0.016589
0.0167984
0.0169952
0.0171745
0.0173674
0.0175862
0.0177927
0.0179817
0.0181969
0.0184579
0.0187305
0.018976
0.0192049
0.0194513
0.0197022
0.0199522
0.0202026
0.0204499
0.0207043
0.0209634
0.0212136
0.0214495
0.0216831
0.0219374
0.0222377
0.0225573
0.0228713
0.0231993
0.0235513
0.0239072
0.0242521
0.0245945
0.0248914
0.0251802
0.02551
0.0258905
0.0262869
0.0266695
0.0270382
0.0274198
0.0278183
0.0281989
0.0286103
0.0290437
0.0294837
0.0299217
0.0303906
0.0308512
0.0313273
0.0318026
0.0323051
0.0328214
0.0333586
0.0339041
0.0344537
0.0350244
0.0355953
0.0361899
0.0367494
0.037349
0.0379508
0.0385932
0.0392404
0.0398788
0.0405473
0.0411936
0.0418637
0.0425688
0.0432437
0.0439785
0.0446837
0.0453726
0.0460283
0.0465022
0.017952
0.0173429
0.0174293
0.0172654
0.0164743
0.0156002
0.0148663
0.0144059
0.0143582
0.0144544
0.014406
0.0142954
0.0143562
0.0146202
0.0148499
0.0148551
0.0147862
0.0148743
0.0150924
0.0152866
0.0154097
0.0155394
0.0157488
0.0160068
0.0162306
0.0164122
0.0165996
0.0168089
0.0170042
0.0171828
0.0173768
0.017597
0.0178035
0.0179912
0.0182042
0.0184638
0.0187366
0.0189814
0.0192074
0.0194519
0.0197047
0.0199564
0.0202049
0.0204501
0.0207051
0.0209658
0.0212162
0.021452
0.0216879
0.0219448
0.0222445
0.0225619
0.0228747
0.0232024
0.0235531
0.023907
0.0242505
0.0245924
0.0248917
0.0251846
0.0255155
0.0258938
0.026288
0.0266703
0.0270398
0.0274215
0.0278199
0.0282013
0.0286134
0.0290462
0.0294857
0.0299237
0.0303924
0.0308529
0.0313293
0.0318049
0.0323077
0.0328236
0.0333601
0.0339053
0.034455
0.0350253
0.0355956
0.03619
0.03675
0.0373502
0.0379521
0.0385938
0.0392404
0.0398787
0.0405474
0.0411938
0.0418641
0.0425689
0.0432444
0.0439783
0.0446841
0.0453751
0.0460305
0.0465038
0.0177475
0.0170708
0.0172639
0.0173292
0.0165861
0.0157093
0.0150448
0.0145841
0.014489
0.0145679
0.0144812
0.0143213
0.0143772
0.0146654
0.014909
0.0149062
0.0148214
0.0149071
0.0151358
0.0153316
0.0154412
0.0155584
0.0157683
0.0160305
0.0162506
0.0164254
0.0166107
0.0168199
0.0170139
0.0171915
0.0173866
0.0176081
0.0178147
0.0180009
0.0182117
0.01847
0.0187431
0.0189873
0.0192101
0.0194525
0.0197074
0.0199608
0.0202074
0.0204503
0.0207059
0.0209685
0.0212191
0.0214547
0.0216926
0.0219523
0.0222515
0.0225665
0.0228783
0.0232057
0.023555
0.0239068
0.0242491
0.0245906
0.0248922
0.025189
0.025521
0.0258971
0.0262892
0.0266713
0.0270414
0.0274233
0.0278216
0.0282038
0.0286165
0.0290488
0.0294877
0.0299258
0.0303943
0.0308546
0.0313313
0.0318074
0.0323104
0.0328259
0.0333617
0.0339065
0.0344564
0.0350262
0.0355959
0.0361901
0.0367506
0.0373515
0.0379535
0.0385944
0.0392404
0.0398787
0.0405474
0.041194
0.0418646
0.0425689
0.0432452
0.0439782
0.0446844
0.0453778
0.0460329
0.0465054
0.0175772
0.0168307
0.0170587
0.0173747
0.0167273
0.0158007
0.0151948
0.014774
0.0146265
0.0146815
0.0145704
0.0143543
0.0143925
0.0147075
0.0149692
0.0149589
0.0148582
0.014941
0.0151805
0.0153788
0.0154742
0.015578
0.0157879
0.0160548
0.0162719
0.0164398
0.0166224
0.0168315
0.0170241
0.0172009
0.0173969
0.0176197
0.0178263
0.0180109
0.0182193
0.0184764
0.0187499
0.0189935
0.019213
0.0194533
0.0197101
0.0199655
0.0202102
0.0204506
0.0207068
0.0209714
0.0212222
0.0214574
0.0216974
0.0219598
0.0222587
0.0225712
0.022882
0.023209
0.0235569
0.0239067
0.0242477
0.0245889
0.0248927
0.0251933
0.0255265
0.0259005
0.0262905
0.0266723
0.0270432
0.0274252
0.0278233
0.0282063
0.0286198
0.0290515
0.0294899
0.029928
0.0303963
0.0308565
0.0313335
0.03181
0.0323132
0.0328282
0.0333634
0.0339079
0.0344578
0.0350272
0.0355963
0.0361903
0.0367512
0.0373528
0.0379548
0.038595
0.0392404
0.0398786
0.0405475
0.0411942
0.0418652
0.042569
0.043246
0.0439782
0.0446847
0.0453805
0.0460355
0.0465071
0.0174252
0.016639
0.0168299
0.017376
0.0168971
0.0158976
0.0153064
0.0149643
0.0147791
0.0147917
0.0146692
0.0144002
0.0144037
0.0147445
0.0150309
0.015013
0.0148958
0.0149756
0.0152266
0.0154287
0.0155093
0.0155982
0.0158077
0.0160795
0.0162945
0.0164555
0.0166347
0.0168436
0.0170351
0.0172108
0.0174077
0.0176318
0.0178382
0.0180211
0.0182271
0.0184831
0.0187571
0.0190002
0.0192163
0.0194541
0.0197129
0.0199704
0.0202132
0.020451
0.0207078
0.0209745
0.0212256
0.0214603
0.0217021
0.0219674
0.022266
0.0225761
0.0228857
0.0232125
0.023559
0.0239067
0.0242466
0.0245873
0.0248932
0.0251976
0.0255318
0.025904
0.026292
0.0266734
0.027045
0.0274272
0.0278252
0.0282089
0.0286231
0.0290542
0.0294921
0.0299303
0.0303984
0.0308584
0.0313357
0.0318126
0.032316
0.0328307
0.0333651
0.0339093
0.0344593
0.0350282
0.0355967
0.0361905
0.0367519
0.0373541
0.0379562
0.0385957
0.0392403
0.0398786
0.0405476
0.0411944
0.0418657
0.0425691
0.0432467
0.0439783
0.0446851
0.0453834
0.0460384
0.0465089
0.0172777
0.0165005
0.0166029
0.0173143
0.0170731
0.0160255
0.0153847
0.0151364
0.0149511
0.0149026
0.0147703
0.0144622
0.0144156
0.0147736
0.015094
0.0150699
0.0149329
0.0150101
0.0152738
0.0154814
0.015547
0.0156191
0.0158278
0.0161049
0.016318
0.0164724
0.0166479
0.0168563
0.0170466
0.0172214
0.0174191
0.0176442
0.0178505
0.0180317
0.0182351
0.0184899
0.0187647
0.0190073
0.0192199
0.0194551
0.0197159
0.0199756
0.0202164
0.0204514
0.0207089
0.0209779
0.0212294
0.0214633
0.0217068
0.0219751
0.0222735
0.022581
0.0228895
0.0232162
0.0235612
0.0239067
0.0242455
0.024586
0.0248939
0.0252018
0.0255372
0.0259075
0.0262935
0.0266747
0.027047
0.0274293
0.0278271
0.0282116
0.0286266
0.0290571
0.0294944
0.0299326
0.0304006
0.0308604
0.031338
0.0318153
0.0323189
0.0328331
0.0333669
0.0339107
0.0344608
0.0350293
0.0355972
0.0361908
0.0367526
0.0373554
0.0379577
0.0385963
0.0392404
0.0398786
0.0405477
0.0411946
0.0418663
0.0425693
0.0432475
0.0439785
0.0446854
0.0453864
0.0460415
0.0465108
0.0171235
0.0164097
0.016404
0.0171902
0.017224
0.0161981
0.0154511
0.0152724
0.0151359
0.0150242
0.0148679
0.0145382
0.0144348
0.0147941
0.0151561
0.0151314
0.0149692
0.015043
0.0153217
0.0155369
0.0155883
0.0156411
0.0158477
0.0161312
0.0163424
0.0164902
0.0166623
0.0168696
0.0170588
0.0172327
0.0174309
0.0176571
0.0178632
0.0180425
0.0182433
0.0184969
0.0187726
0.0190148
0.0192237
0.0194562
0.019719
0.019981
0.0202198
0.020452
0.0207101
0.0209815
0.0212335
0.0214664
0.0217115
0.0219829
0.0222811
0.0225861
0.0228934
0.0232199
0.0235635
0.0239068
0.0242446
0.0245849
0.0248947
0.025206
0.0255425
0.025911
0.0262951
0.026676
0.027049
0.0274315
0.027829
0.0282143
0.0286302
0.02906
0.0294967
0.0299351
0.0304028
0.0308625
0.0313405
0.0318182
0.032322
0.0328357
0.0333688
0.0339123
0.0344624
0.0350304
0.0355977
0.0361911
0.0367533
0.0373568
0.0379591
0.038597
0.0392404
0.0398787
0.0405477
0.0411948
0.0418669
0.0425694
0.0432482
0.0439788
0.0446857
0.0453895
0.0460448
0.0465128
0.01695
0.0163542
0.0162556
0.0170257
0.0173187
0.0164037
0.0155348
0.0153678
0.0153159
0.0151646
0.014963
0.0146216
0.0144667
0.0148083
0.0152138
0.015199
0.015006
0.0150723
0.0153698
0.0155951
0.0156333
0.0156651
0.0158672
0.016158
0.0163682
0.0165086
0.0166775
0.016884
0.0170716
0.0172446
0.0174434
0.0176705
0.0178763
0.0180537
0.0182518
0.0185042
0.0187808
0.0190229
0.019228
0.0194574
0.0197223
0.0199867
0.0202235
0.0204527
0.0207114
0.0209854
0.0212379
0.0214697
0.0217161
0.0219907
0.0222889
0.0225913
0.0228974
0.0232238
0.0235659
0.023907
0.0242439
0.024584
0.0248956
0.02521
0.0255477
0.0259146
0.0262969
0.0266775
0.0270512
0.0274338
0.027831
0.0282171
0.0286339
0.0290631
0.0294992
0.0299377
0.0304052
0.0308647
0.031343
0.0318211
0.032325
0.0328383
0.0333707
0.0339139
0.034464
0.0350315
0.0355983
0.0361915
0.036754
0.0373583
0.0379606
0.0385977
0.0392404
0.0398787
0.0405479
0.041195
0.0418675
0.0425696
0.0432489
0.0439792
0.044686
0.0453927
0.0460484
0.0465148
0.0167432
0.0163146
0.0161699
0.0168516
0.01734
0.0166124
0.0156592
0.0154383
0.0154705
0.0153219
0.0150645
0.0147065
0.0145117
0.0148212
0.0152638
0.0152722
0.0150462
0.0150963
0.0154163
0.0156564
0.0156819
0.0156917
0.0158868
0.0161849
0.0163958
0.0165279
0.0166929
0.0168995
0.0170854
0.017257
0.0174565
0.0176843
0.0178898
0.0180652
0.0182606
0.0185117
0.0187894
0.0190315
0.0192327
0.0194587
0.0197257
0.0199928
0.0202275
0.0204535
0.0207128
0.0209896
0.0212426
0.0214731
0.0217208
0.0219985
0.0222969
0.0225966
0.0229015
0.0232279
0.0235684
0.0239074
0.0242434
0.0245833
0.0248965
0.0252141
0.0255528
0.0259183
0.0262988
0.026679
0.0270535
0.0274363
0.0278332
0.02822
0.0286377
0.0290663
0.0295017
0.0299404
0.0304077
0.0308671
0.0313457
0.0318241
0.0323282
0.032841
0.0333727
0.0339156
0.0344657
0.0350327
0.0355989
0.0361919
0.0367547
0.0373598
0.0379622
0.0385984
0.0392405
0.0398789
0.040548
0.0411952
0.0418682
0.0425699
0.0432496
0.0439797
0.0446864
0.0453959
0.0460523
0.046517
0.0164937
0.0162658
0.0161451
0.0167006
0.0172944
0.0167906
0.0158246
0.0155101
0.0155898
0.0154818
0.0151813
0.0147924
0.0145658
0.0148376
0.0153058
0.0153489
0.0150929
0.015115
0.0154583
0.015721
0.0157342
0.0157209
0.0159074
0.0162115
0.0164248
0.0165487
0.0167083
0.0169157
0.0171004
0.0172701
0.01747
0.0176987
0.0179036
0.0180771
0.0182696
0.0185196
0.0187983
0.0190405
0.0192378
0.0194602
0.0197292
0.0199991
0.0202318
0.0204544
0.0207143
0.0209941
0.0212477
0.0214767
0.0217253
0.0220065
0.022305
0.022602
0.0229057
0.0232321
0.023571
0.0239078
0.0242431
0.0245829
0.0248977
0.0252181
0.0255579
0.025922
0.0263007
0.0266807
0.0270559
0.0274389
0.0278354
0.0282229
0.0286416
0.0290696
0.0295044
0.0299432
0.0304103
0.0308695
0.0313484
0.0318273
0.0323315
0.0328437
0.0333748
0.0339174
0.0344675
0.0350339
0.0355996
0.0361924
0.0367555
0.0373613
0.0379637
0.0385991
0.0392406
0.039879
0.0405481
0.0411954
0.0418689
0.0425702
0.0432502
0.0439804
0.0446868
0.0453992
0.0460564
0.0465194
0.0162045
0.0161809
0.0161643
0.0166007
0.0172064
0.0169116
0.0160077
0.0156077
0.0156846
0.0156256
0.0153127
0.0148867
0.0146253
0.0148587
0.015341
0.0154262
0.0151488
0.0151304
0.0154925
0.015788
0.0157916
0.0157519
0.0159295
0.0162386
0.0164545
0.0165714
0.0167241
0.0169319
0.017117
0.0172844
0.0174839
0.0177135
0.0179179
0.0180894
0.018279
0.0185276
0.0188076
0.01905
0.0192434
0.0194619
0.0197328
0.0200059
0.0202366
0.0204555
0.0207158
0.0209988
0.0212532
0.0214804
0.0217298
0.0220144
0.0223133
0.0226075
0.0229099
0.0232364
0.0235738
0.0239084
0.0242431
0.0245827
0.0248989
0.025222
0.0255629
0.0259258
0.0263029
0.0266825
0.0270585
0.0274416
0.0278376
0.028226
0.0286457
0.0290729
0.0295071
0.0299462
0.030413
0.030872
0.0313513
0.0318305
0.0323348
0.0328465
0.033377
0.0339193
0.0344694
0.0350351
0.0356003
0.036193
0.0367563
0.0373629
0.0379653
0.0385998
0.0392407
0.0398792
0.0405483
0.0411956
0.0418696
0.0425705
0.0432509
0.0439811
0.0446872
0.0454026
0.0460608
0.0465219
0.0158933
0.0160393
0.0161994
0.0165668
0.0171083
0.0169686
0.016178
0.0157365
0.0157774
0.0157434
0.0154457
0.0149965
0.0146919
0.0148829
0.0153707
0.0155019
0.0152151
0.0151459
0.015516
0.0158551
0.0158561
0.0157845
0.0159518
0.0162674
0.016485
0.0165954
0.016741
0.0169477
0.0171343
0.0173003
0.0174984
0.0177285
0.0179327
0.0181021
0.0182888
0.018536
0.0188172
0.0190601
0.0192494
0.0194638
0.0197365
0.0200129
0.0202418
0.0204568
0.0207174
0.0210039
0.0212593
0.0214844
0.0217342
0.0220223
0.0223218
0.0226132
0.0229142
0.0232409
0.0235768
0.0239092
0.0242432
0.0245828
0.0249003
0.0252259
0.0255678
0.0259297
0.0263051
0.0266845
0.0270612
0.0274445
0.02784
0.0282291
0.0286499
0.0290764
0.0295099
0.0299492
0.0304159
0.0308747
0.0313543
0.0318338
0.0323382
0.0328494
0.0333793
0.0339213
0.0344713
0.0350364
0.0356011
0.0361936
0.0367571
0.0373646
0.0379669
0.0386006
0.0392409
0.0398794
0.0405484
0.0411959
0.0418703
0.042571
0.0432515
0.043982
0.0446878
0.0454061
0.0460654
0.0465246
0.0155865
0.0158346
0.0162154
0.0165963
0.0170351
0.0169754
0.016309
0.0158782
0.0158898
0.0158455
0.0155628
0.0151186
0.0147737
0.0149102
0.015394
0.0155737
0.0152923
0.0151663
0.0155275
0.0159176
0.015929
0.0158205
0.0159723
0.0162984
0.0165178
0.0166199
0.016759
0.0169638
0.0171518
0.0173178
0.0175139
0.0177435
0.0179478
0.0181153
0.018299
0.0185446
0.0188272
0.0190707
0.019256
0.0194659
0.0197403
0.0200203
0.0202474
0.0204583
0.020719
0.0210092
0.0212658
0.0214886
0.0217385
0.0220303
0.0223304
0.0226189
0.0229185
0.0232455
0.0235799
0.02391
0.0242436
0.0245831
0.0249018
0.0252297
0.0255727
0.0259336
0.0263075
0.0266865
0.027064
0.0274475
0.0278424
0.0282323
0.0286542
0.02908
0.0295128
0.0299524
0.0304189
0.0308775
0.0313575
0.0318372
0.0323417
0.0328524
0.0333816
0.0339233
0.0344733
0.0350378
0.0356019
0.0361943
0.0367579
0.0373663
0.0379685
0.0386013
0.0392411
0.0398796
0.0405486
0.0411961
0.041871
0.0425715
0.0432521
0.043983
0.0446884
0.0454095
0.0460703
0.0465275
0.015312
0.0155792
0.0161783
0.0166657
0.0170158
0.0169573
0.0163892
0.0160061
0.0160265
0.0159551
0.0156553
0.0152373
0.0148766
0.014947
0.0154094
0.0156377
0.0153793
0.0151972
0.0155285
0.0159699
0.0160099
0.0158636
0.0159895
0.0163293
0.0165551
0.0166454
0.0167769
0.0169808
0.0171693
0.0173363
0.0175311
0.0177588
0.0179629
0.0181291
0.0183095
0.0185535
0.0188374
0.019082
0.0192633
0.0194682
0.0197441
0.020028
0.0202536
0.0204602
0.0207207
0.0210146
0.0212727
0.0214931
0.0217427
0.0220382
0.0223393
0.0226248
0.0229229
0.0232503
0.0235833
0.0239111
0.0242442
0.0245837
0.0249035
0.0252335
0.0255775
0.0259377
0.02631
0.0266887
0.0270669
0.0274506
0.027845
0.0282356
0.0286587
0.0290838
0.0295158
0.0299557
0.030422
0.0308804
0.0313607
0.0318408
0.0323453
0.0328554
0.0333841
0.0339255
0.0344753
0.0350392
0.0356029
0.0361951
0.0367588
0.037368
0.0379702
0.038602
0.0392413
0.0398799
0.0405489
0.0411964
0.0418717
0.0425721
0.0432526
0.0439841
0.0446892
0.045413
0.0460755
0.0465306
0.0150961
0.0153006
0.0160674
0.0167385
0.0170622
0.0169472
0.0164262
0.0160968
0.0161686
0.0160935
0.0157369
0.0153322
0.0149946
0.015005
0.0154198
0.0156884
0.0154719
0.0152442
0.015524
0.016006
0.0160951
0.015918
0.0160042
0.0163564
0.0165977
0.0166744
0.0167936
0.016998
0.0171876
0.0173554
0.0175499
0.0177749
0.0179778
0.0181434
0.0183207
0.0185626
0.018848
0.0190939
0.0192712
0.0194706
0.0197479
0.0200361
0.0202604
0.0204624
0.0207225
0.0210202
0.0212801
0.021498
0.0217469
0.022046
0.0223483
0.0226309
0.0229273
0.0232553
0.0235868
0.0239124
0.0242451
0.0245846
0.0249054
0.0252373
0.0255823
0.0259418
0.0263127
0.026691
0.0270701
0.0274539
0.0278476
0.028239
0.0286633
0.0290876
0.0295189
0.0299592
0.0304252
0.0308835
0.0313641
0.0318444
0.032349
0.0328585
0.0333866
0.0339278
0.0344774
0.0350406
0.0356039
0.036196
0.0367597
0.0373698
0.0379719
0.0386028
0.0392416
0.0398802
0.0405491
0.0411966
0.0418724
0.0425728
0.0432532
0.0439853
0.0446902
0.0454165
0.0460809
0.046534
0.0149593
0.0150321
0.0158848
0.016773
0.017161
0.016978
0.0164409
0.0161399
0.0162884
0.0162642
0.0158352
0.0153936
0.0151065
0.0150919
0.0154368
0.0157216
0.0155618
0.0153104
0.0155225
0.0160227
0.0161773
0.0159869
0.0160204
0.0163762
0.0166437
0.0167106
0.0168096
0.0170135
0.0172073
0.0173751
0.0175696
0.0177923
0.0179925
0.0181576
0.0183327
0.0185719
0.0188587
0.0191066
0.0192801
0.0194734
0.0197515
0.0200445
0.0202678
0.0204649
0.0207244
0.021026
0.0212879
0.0215032
0.0217511
0.0220539
0.0223576
0.0226371
0.0229318
0.0232603
0.0235905
0.0239139
0.0242462
0.0245857
0.0249075
0.0252411
0.025587
0.025946
0.0263155
0.0266934
0.0270734
0.0274574
0.0278503
0.0282424
0.0286681
0.0290916
0.0295221
0.0299627
0.0304286
0.0308867
0.0313677
0.0318481
0.0323527
0.0328616
0.0333893
0.0339302
0.0344796
0.0350421
0.0356049
0.0361969
0.0367606
0.0373716
0.0379736
0.0386036
0.039242
0.0398806
0.0405493
0.041197
0.0418731
0.0425736
0.0432537
0.0439866
0.044691
0.04542
0.0460865
0.0465376
0.0149108
0.0148085
0.0156534
0.016736
0.0172772
0.0170701
0.016463
0.0161415
0.0163617
0.0164458
0.0159769
0.0154383
0.0151861
0.0152001
0.015477
0.0157408
0.015638
0.0153924
0.0155351
0.0160227
0.0162468
0.0160697
0.0160447
0.0163868
0.0166879
0.0167561
0.0168284
0.0170252
0.0172272
0.0173968
0.01759
0.0178111
0.0180079
0.0181715
0.0183453
0.0185819
0.0188693
0.0191197
0.01929
0.0194765
0.0197549
0.0200531
0.020276
0.0204679
0.0207264
0.0210321
0.0212962
0.0215086
0.0217552
0.0220617
0.022367
0.0226435
0.0229363
0.0232656
0.0235945
0.0239155
0.0242476
0.0245872
0.0249098
0.025245
0.0255917
0.0259503
0.0263183
0.0266959
0.0270768
0.0274611
0.0278531
0.028246
0.028673
0.0290957
0.0295255
0.0299664
0.0304321
0.03089
0.0313713
0.031852
0.0323566
0.0328649
0.0333921
0.0339327
0.0344819
0.0350437
0.0356061
0.0361979
0.0367616
0.0373735
0.0379754
0.0386043
0.0392424
0.0398811
0.0405496
0.0411973
0.0418738
0.0425745
0.0432543
0.043988
0.0446924
0.0454235
0.0460924
0.0465415
0.014941
0.01466
0.0154081
0.0166185
0.0173672
0.017218
0.0165255
0.0161216
0.0163762
0.0166065
0.0161696
0.0155005
0.015219
0.0153033
0.0155527
0.0157615
0.0156919
0.0154787
0.0155698
0.0160161
0.0162948
0.0161593
0.0160843
0.0163909
0.0167245
0.0168098
0.0168546
0.0170337
0.0172444
0.0174209
0.0176118
0.0178304
0.0180243
0.0181853
0.0183578
0.0185925
0.01888
0.0191332
0.019301
0.0194804
0.0197582
0.0200618
0.0202848
0.0204714
0.0207284
0.0210384
0.0213051
0.0215144
0.0217591
0.0220695
0.0223767
0.0226499
0.0229409
0.023271
0.0235987
0.0239175
0.0242493
0.0245889
0.0249123
0.0252488
0.0255963
0.0259548
0.0263214
0.0266986
0.0270804
0.0274649
0.027856
0.0282497
0.0286781
0.0291
0.029529
0.0299703
0.0304357
0.0308935
0.0313752
0.0318559
0.0323605
0.0328682
0.0333949
0.0339353
0.0344842
0.0350454
0.0356073
0.036199
0.0367627
0.0373755
0.0379772
0.0386051
0.0392429
0.0398816
0.0405499
0.0411977
0.0418745
0.0425756
0.0432548
0.0439894
0.0446941
0.045427
0.0460983
0.0465457
0.0150198
0.014602
0.0151867
0.016437
0.0173932
0.0173904
0.0166516
0.0161092
0.0163361
0.0167163
0.0163928
0.0156147
0.0152206
0.0153683
0.0156571
0.0158061
0.0157257
0.0155534
0.0156262
0.0160177
0.0163194
0.0162435
0.0161429
0.0163961
0.0167487
0.0168668
0.0168921
0.0170421
0.0172562
0.017446
0.0176367
0.0178502
0.0180414
0.0181998
0.01837
0.0186035
0.0188913
0.019147
0.0193129
0.019485
0.0197615
0.0200706
0.0202943
0.0204754
0.0207304
0.0210447
0.0213146
0.0215207
0.0217628
0.0220771
0.0223867
0.0226566
0.0229454
0.0232765
0.0236033
0.0239196
0.0242512
0.0245909
0.024915
0.0252526
0.025601
0.0259594
0.0263245
0.0267013
0.0270843
0.027469
0.027859
0.0282534
0.0286833
0.0291043
0.0295326
0.0299743
0.0304395
0.0308971
0.0313792
0.03186
0.0323645
0.0328715
0.0333979
0.0339381
0.0344866
0.0350471
0.0356086
0.0362002
0.0367638
0.0373775
0.037979
0.0386059
0.0392434
0.0398822
0.0405501
0.0411982
0.0418752
0.0425767
0.0432555
0.0439909
0.044696
0.0454305
0.0461044
0.0465502
0.0151097
0.0146276
0.0150211
0.0162229
0.0173404
0.0175466
0.0168405
0.0161385
0.0162607
0.0167566
0.0166112
0.0157974
0.015229
0.0153733
0.0157605
0.0158924
0.0157578
0.0156029
0.0156907
0.0160413
0.0163308
0.0163089
0.0162162
0.0164124
0.0167599
0.0169199
0.0169419
0.0170556
0.0172619
0.0174686
0.0176652
0.0178716
0.0180585
0.0182153
0.0183824
0.018614
0.018903
0.0191617
0.0193256
0.01949
0.0197648
0.0200795
0.0203044
0.0204799
0.0207325
0.0210512
0.0213248
0.0215276
0.0217663
0.0220845
0.022397
0.0226637
0.0229499
0.0232822
0.0236081
0.0239221
0.0242533
0.0245933
0.0249179
0.0252564
0.0256056
0.0259642
0.0263279
0.0267042
0.0270883
0.0274733
0.0278622
0.0282573
0.0286886
0.0291087
0.0295363
0.0299785
0.0304435
0.0309009
0.0313833
0.0318641
0.0323685
0.032875
0.033401
0.0339409
0.0344891
0.0350489
0.03561
0.0362014
0.0367649
0.0373795
0.0379808
0.0386066
0.039244
0.0398829
0.0405504
0.0411988
0.0418759
0.042578
0.0432562
0.0439924
0.0446983
0.0454341
0.0461106
0.046555
0.0151775
0.0147125
0.014928
0.0160092
0.0172183
0.0176494
0.0170649
0.0162366
0.0161807
0.0167248
0.0167893
0.0160337
0.0152858
0.015329
0.0158239
0.0160164
0.0158151
0.0156266
0.015743
0.0160898
0.016347
0.0163488
0.0162906
0.0164483
0.0167649
0.0169612
0.0170009
0.0170796
0.0172639
0.0174855
0.0176961
0.0178965
0.0180753
0.0182312
0.0183957
0.0186238
0.0189143
0.0191774
0.0193396
0.0194955
0.0197679
0.0200889
0.0203154
0.020485
0.0207345
0.0210576
0.0213357
0.0215352
0.0217698
0.0220914
0.0224076
0.0226711
0.0229544
0.0232879
0.0236132
0.0239248
0.0242557
0.0245959
0.0249212
0.0252602
0.0256102
0.0259691
0.0263313
0.0267071
0.0270924
0.0274777
0.0278654
0.0282614
0.0286942
0.0291133
0.0295402
0.0299827
0.0304476
0.0309049
0.0313875
0.0318684
0.0323727
0.0328785
0.0334043
0.0339439
0.0344917
0.0350507
0.0356116
0.0362027
0.0367662
0.0373817
0.0379827
0.0386074
0.0392446
0.0398837
0.0405506
0.0411995
0.0418766
0.0425793
0.043257
0.0439939
0.0447009
0.0454377
0.0461169
0.0465601
0.0152005
0.0148287
0.0149083
0.015824
0.0170503
0.0176809
0.0172861
0.0164081
0.0161334
0.016636
0.0168996
0.0162889
0.0154178
0.0152745
0.0158179
0.0161469
0.0159213
0.0156448
0.0157639
0.0161484
0.016387
0.0163717
0.0163487
0.0165035
0.0167756
0.0169864
0.0170616
0.0171177
0.0172665
0.017495
0.0177266
0.0179261
0.0180935
0.0182466
0.0184102
0.0186337
0.0189244
0.0191938
0.0193557
0.0195017
0.0197704
0.0200982
0.0203275
0.0204908
0.0207363
0.021064
0.0213472
0.0215436
0.0217732
0.0220979
0.0224183
0.022679
0.0229591
0.0232936
0.0236186
0.0239278
0.0242583
0.0245989
0.0249247
0.0252641
0.0256147
0.0259742
0.026335
0.0267102
0.0270967
0.0274824
0.0278688
0.0282655
0.0286999
0.0291181
0.0295442
0.0299872
0.0304519
0.030909
0.0313919
0.0318728
0.032377
0.0328821
0.0334076
0.0339471
0.0344943
0.0350527
0.0356132
0.0362041
0.0367675
0.0373838
0.0379845
0.0386083
0.0392454
0.0398846
0.0405509
0.0412003
0.0418773
0.0425808
0.0432581
0.0439954
0.0447037
0.0454415
0.0461231
0.0465656
0.0151626
0.0149487
0.0149518
0.0156873
0.0168628
0.0176435
0.0174684
0.0166311
0.0161503
0.0165197
0.0169303
0.0165246
0.0156211
0.0152546
0.0157459
0.0162413
0.0160773
0.0156893
0.0157493
0.0161916
0.0164581
0.016399
0.0163786
0.0165642
0.0168048
0.0169989
0.0171143
0.01717
0.0172753
0.0174967
0.0177536
0.0179597
0.0181145
0.0182615
0.0184252
0.0186444
0.018933
0.0192097
0.019374
0.0195093
0.0197722
0.0201073
0.0203409
0.0204975
0.0207378
0.02107
0.0213594
0.021553
0.0217767
0.022104
0.0224289
0.0226873
0.0229639
0.0232994
0.0236242
0.0239312
0.0242611
0.0246021
0.0249286
0.0252681
0.0256194
0.0259794
0.0263387
0.0267134
0.0271013
0.0274873
0.0278723
0.0282697
0.0287057
0.0291229
0.0295484
0.0299918
0.0304564
0.0309134
0.0313965
0.0318772
0.0323813
0.0328857
0.0334111
0.0339503
0.034497
0.0350547
0.0356149
0.0362056
0.0367689
0.0373861
0.0379863
0.0386091
0.0392461
0.0398856
0.0405511
0.0412011
0.0418781
0.0425822
0.0432593
0.0439968
0.0447069
0.0454454
0.0461294
0.0465713
0.0150546
0.0150445
0.0150399
0.0156085
0.0166807
0.0175518
0.0175907
0.0168704
0.0162433
0.0164135
0.0168873
0.0167082
0.0158672
0.015304
0.0156438
0.0162628
0.0162516
0.01579
0.0157203
0.0161941
0.0165456
0.0164547
0.0163857
0.01661
0.0168572
0.0170115
0.0171502
0.0172317
0.0172965
0.0174926
0.0177743
0.0179961
0.0181391
0.0182767
0.0184404
0.0186563
0.0189408
0.0192244
0.0193941
0.019519
0.0197734
0.0201157
0.0203555
0.0205058
0.0207392
0.0210753
0.0213722
0.0215635
0.0217804
0.0221095
0.0224397
0.022696
0.0229689
0.0233054
0.0236302
0.0239348
0.0242641
0.0246056
0.0249327
0.0252722
0.025624
0.0259847
0.0263426
0.0267167
0.0271061
0.0274923
0.0278759
0.0282741
0.0287118
0.0291279
0.0295528
0.0299965
0.030461
0.0309179
0.0314012
0.0318819
0.0323858
0.0328894
0.0334148
0.0339537
0.0344997
0.0350568
0.0356167
0.0362071
0.0367705
0.0373884
0.0379882
0.0386101
0.039247
0.0398868
0.0405512
0.0412021
0.041879
0.0425837
0.0432607
0.0439983
0.0447103
0.0454495
0.0461356
0.0465773
0.0148856
0.0150913
0.0151488
0.0155865
0.0165249
0.0174252
0.0176491
0.0170922
0.0163995
0.0163515
0.0167932
0.0168187
0.0161194
0.0154305
0.0155571
0.0162059
0.0163989
0.0159541
0.0157133
0.0161461
0.0166194
0.0165524
0.016393
0.0166233
0.0169212
0.0170401
0.0171679
0.017292
0.0173352
0.0174868
0.0177858
0.0180341
0.0181678
0.0182922
0.0184558
0.0186692
0.0189481
0.0192377
0.0194153
0.0195313
0.0197745
0.0201228
0.020371
0.0205157
0.0207407
0.0210799
0.0213852
0.0215753
0.0217844
0.0221145
0.0224504
0.0227051
0.022974
0.0233115
0.0236365
0.0239387
0.0242673
0.0246094
0.0249372
0.0252764
0.0256288
0.0259902
0.0263465
0.0267201
0.0271112
0.0274977
0.0278796
0.0282786
0.0287179
0.029133
0.0295574
0.0300014
0.0304657
0.0309226
0.031406
0.0318865
0.0323903
0.0328932
0.0334186
0.0339573
0.0345026
0.035059
0.0356187
0.0362087
0.0367721
0.0373908
0.0379899
0.0386111
0.0392478
0.0398881
0.0405514
0.0412031
0.04188
0.0425851
0.0432624
0.0439998
0.0447139
0.0454539
0.0461417
0.0465835
0.0146849
0.0150785
0.0152524
0.0156101
0.0164082
0.0172844
0.01765
0.0172742
0.0165921
0.0163534
0.0166813
0.0168518
0.0163429
0.0156158
0.0155244
0.016101
0.0164787
0.016153
0.0157645
0.0160669
0.0166469
0.0166806
0.0164299
0.0166037
0.0169747
0.0170951
0.0171778
0.0173386
0.017391
0.0174869
0.0177854
0.0180716
0.0182022
0.0183078
0.0184712
0.018684
0.0189549
0.0192492
0.0194373
0.0195461
0.0197761
0.0201288
0.020387
0.0205274
0.0207425
0.0210835
0.0213984
0.0215884
0.0217889
0.0221188
0.0224611
0.0227147
0.0229791
0.0233177
0.0236434
0.0239429
0.0242705
0.0246136
0.024942
0.0252807
0.0256337
0.025996
0.0263506
0.0267235
0.0271164
0.0275034
0.0278834
0.0282831
0.0287241
0.0291383
0.0295622
0.0300064
0.0304706
0.0309276
0.031411
0.0318913
0.0323949
0.032897
0.0334225
0.0339609
0.0345054
0.0350614
0.0356207
0.0362105
0.0367738
0.0373933
0.0379917
0.0386121
0.0392488
0.0398896
0.0405516
0.0412041
0.0418812
0.0425864
0.0432644
0.0440013
0.0447177
0.0454585
0.0461477
0.0465899
0.0144838
0.015015
0.0153291
0.0156621
0.0163326
0.017148
0.0176055
0.0174047
0.0167919
0.0164189
0.0165862
0.0168204
0.0165116
0.015829
0.0155596
0.0159899
0.0164782
0.0163421
0.01589
0.0159962
0.016609
0.0168067
0.0165175
0.0165729
0.0169947
0.0171706
0.0171977
0.0173642
0.0174555
0.0175022
0.0177729
0.0181031
0.0182447
0.0183241
0.0184844
0.0187016
0.0189625
0.0192582
0.0194595
0.0195633
0.0197781
0.0201336
0.0204035
0.0205412
0.020745
0.0210861
0.0214114
0.0216028
0.0217941
0.0221224
0.0224717
0.0227251
0.0229843
0.0233237
0.0236507
0.0239476
0.0242738
0.024618
0.0249471
0.0252852
0.0256386
0.0260018
0.0263549
0.026727
0.0271218
0.0275093
0.0278875
0.0282877
0.0287304
0.0291438
0.0295672
0.0300114
0.0304756
0.0309327
0.0314161
0.0318963
0.0323996
0.0329009
0.0334267
0.0339647
0.0345083
0.0350638
0.0356229
0.0362123
0.0367756
0.0373959
0.0379933
0.0386134
0.0392498
0.0398912
0.0405519
0.0412052
0.0418827
0.0425877
0.0432666
0.044003
0.0447216
0.0454635
0.0461538
0.0465964
0.0142993
0.0149226
0.0153705
0.0157259
0.0162941
0.0170299
0.0175314
0.0174811
0.016974
0.0165307
0.0165341
0.0167513
0.0166139
0.016039
0.015654
0.0159078
0.016416
0.0164781
0.0160693
0.0159761
0.0165192
0.0168924
0.0166526
0.0165622
0.0169729
0.0172451
0.0172424
0.0173734
0.0175148
0.0175392
0.017755
0.0181209
0.0182958
0.0183456
0.0184923
0.0187207
0.0189735
0.0192645
0.0194809
0.0195837
0.0197808
0.0201368
0.0204201
0.0205569
0.0207484
0.0210876
0.021424
0.0216187
0.0218001
0.0221252
0.022482
0.0227361
0.0229897
0.0233295
0.0236583
0.0239529
0.0242772
0.0246225
0.0249526
0.0252898
0.0256437
0.0260078
0.0263593
0.0267306
0.0271273
0.0275156
0.0278919
0.0282923
0.0287367
0.0291494
0.0295725
0.0300167
0.0304808
0.030938
0.0314213
0.0319012
0.0324045
0.0329048
0.033431
0.0339687
0.0345113
0.0350663
0.0356251
0.0362141
0.0367775
0.0373987
0.0379949
0.0386147
0.0392509
0.0398928
0.0405523
0.0412062
0.0418844
0.0425889
0.0432691
0.0440048
0.0447255
0.0454687
0.0461598
0.0466031
0.0141318
0.0148201
0.0153797
0.0157888
0.0162857
0.0169364
0.0174442
0.0175084
0.0171212
0.0166641
0.016533
0.0166755
0.0166536
0.0162214
0.0157896
0.0158742
0.0163264
0.0165401
0.0162592
0.0160306
0.0164163
0.0169103
0.016806
0.0165998
0.0169247
0.0172943
0.0173133
0.0173819
0.017556
0.017595
0.0177436
0.018119
0.0183498
0.0183794
0.0184946
0.0187364
0.0189903
0.01927
0.0194991
0.0196073
0.0197855
0.020138
0.0204365
0.020575
0.0207529
0.0210879
0.0214358
0.0216361
0.0218072
0.0221271
0.022492
0.0227481
0.0229955
0.023335
0.0236661
0.0239587
0.0242809
0.0246273
0.0249584
0.0252946
0.0256489
0.0260139
0.026364
0.0267343
0.0271328
0.0275221
0.0278966
0.0282971
0.028743
0.0291551
0.0295781
0.030022
0.0304862
0.0309436
0.0314266
0.0319063
0.0324094
0.0329088
0.0334354
0.0339727
0.0345144
0.035069
0.0356275
0.0362162
0.0367795
0.0374016
0.0379963
0.0386161
0.039252
0.0398945
0.0405529
0.0412071
0.0418864
0.0425901
0.0432716
0.044007
0.0447294
0.0454741
0.0461658
0.0466098
0.0139788
0.0147164
0.0153653
0.0158421
0.0163009
0.0168689
0.0173579
0.0174992
0.0172269
0.0167957
0.0165722
0.0166169
0.0166445
0.0163576
0.0159441
0.0158926
0.0162434
0.0165385
0.0164168
0.0161483
0.0163436
0.0168612
0.0169376
0.016693
0.0168791
0.0173036
0.0173961
0.0174066
0.0175768
0.0176571
0.0177505
0.0180993
0.018395
0.01843
0.0184972
0.0187426
0.019012
0.0192794
0.0195127
0.0196317
0.0197936
0.0201371
0.0204518
0.0205959
0.020759
0.0210869
0.0214466
0.0216549
0.0218155
0.022128
0.0225015
0.0227611
0.0230016
0.0233401
0.0236741
0.0239651
0.0242848
0.0246323
0.0249644
0.0252997
0.0256542
0.02602
0.026369
0.0267382
0.0271384
0.0275288
0.0279014
0.0283019
0.0287493
0.029161
0.0295839
0.0300274
0.0304917
0.0309494
0.031432
0.0319115
0.0324146
0.0329129
0.0334399
0.0339769
0.0345173
0.0350719
0.0356298
0.0362183
0.0367815
0.0374046
0.0379977
0.0386176
0.0392534
0.0398961
0.0405537
0.041208
0.0418887
0.0425913
0.0432743
0.0440095
0.0447332
0.0454798
0.0461719
0.0466165
0.0138408
0.0146135
0.0153349
0.0158797
0.0163308
0.0168265
0.0172816
0.0174685
0.0172947
0.0169126
0.0166355
0.0165879
0.0166091
0.0164378
0.0160909
0.015952
0.0161892
0.0165007
0.0165199
0.0162956
0.0163317
0.0167771
0.0170134
0.0168211
0.0168642
0.0172764
0.0174687
0.0174558
0.0175868
0.0177111
0.0177802
0.018074
0.0184202
0.0184942
0.0185107
0.0187359
0.0190314
0.0192971
0.0195247
0.0196536
0.0198053
0.0201359
0.0204645
0.0206191
0.0207675
0.0210844
0.0214561
0.0216753
0.0218256
0.0221279
0.0225101
0.0227752
0.0230086
0.0233446
0.023682
0.023972
0.024289
0.0246376
0.0249706
0.0253048
0.0256596
0.0260262
0.0263743
0.0267423
0.027144
0.0275359
0.0279067
0.0283068
0.0287555
0.0291671
0.02959
0.0300328
0.0304974
0.0309553
0.0314374
0.0319167
0.0324198
0.0329171
0.0334447
0.0339813
0.0345204
0.035075
0.0356322
0.0362206
0.0367836
0.0374077
0.037999
0.0386192
0.039255
0.0398976
0.0405548
0.0412088
0.0418912
0.0425926
0.0432769
0.0440125
0.0447371
0.0454856
0.0461782
0.0466233
0.0137195
0.0145127
0.0152936
0.0158992
0.0163645
0.0168054
0.0172161
0.0174254
0.0173297
0.0170094
0.0167097
0.0165897
0.0165728
0.0164698
0.016208
0.0160319
0.016167
0.0164508
0.0165685
0.0164357
0.0163817
0.0166999
0.0170257
0.0169509
0.0168959
0.0172328
0.0175132
0.0175232
0.0176006
0.0177481
0.0178247
0.0180569
0.0184221
0.0185601
0.018545
0.0187227
0.0190387
0.0193219
0.0195414
0.0196714
0.0198178
0.0201365
0.020475
0.0206436
0.0207791
0.0210805
0.0214636
0.0216971
0.0218373
0.0221268
0.0225176
0.0227903
0.0230166
0.0233488
0.0236897
0.0239794
0.0242935
0.0246432
0.0249772
0.0253102
0.0256649
0.0260324
0.02638
0.0267465
0.0271495
0.0275432
0.0279123
0.0283117
0.0287618
0.0291736
0.0295963
0.0300382
0.0305033
0.0309616
0.031443
0.0319221
0.0324251
0.0329213
0.0334495
0.0339858
0.0345234
0.0350783
0.0356347
0.036223
0.036786
0.0374109
0.0380004
0.0386209
0.0392569
0.0398989
0.0405562
0.0412097
0.0418939
0.0425941
0.0432794
0.0440158
0.0447409
0.0454915
0.0461846
0.0466302
0.0136129
0.0144159
0.015245
0.0159038
0.016394
0.016801
0.0171617
0.0173729
0.0173344
0.0170795
0.0167828
0.0166133
0.0165535
0.0164757
0.0162901
0.0161163
0.0161724
0.0164062
0.0165759
0.0165424
0.0164683
0.0166606
0.0169944
0.0170499
0.0169689
0.0171983
0.0175247
0.017595
0.0176289
0.0177709
0.0178713
0.0180554
0.0184068
0.0186132
0.0186007
0.0187165
0.0190293
0.019345
0.0195686
0.0196892
0.0198265
0.0201379
0.0204851
0.0206684
0.020794
0.0210762
0.0214683
0.0217207
0.0218517
0.0221246
0.0225235
0.0228064
0.0230259
0.0233527
0.0236969
0.023987
0.0242983
0.0246492
0.0249841
0.0253158
0.0256703
0.0260384
0.0263861
0.0267509
0.0271549
0.0275509
0.0279182
0.0283162
0.0287678
0.0291805
0.0296031
0.0300435
0.0305093
0.030968
0.0314486
0.0319276
0.0324306
0.0329257
0.0334544
0.0339904
0.0345263
0.0350817
0.035637
0.0362255
0.0367884
0.0374141
0.0380018
0.0386225
0.0392592
0.0399001
0.0405579
0.0412106
0.0418965
0.0425958
0.0432818
0.0440197
0.0447448
0.0454972
0.0461912
0.046637
0.0135186
0.0143251
0.0151927
0.0158993
0.0164185
0.0168104
0.0171245
0.0173188
0.0173149
0.0171186
0.016844
0.0166437
0.0165488
0.0164725
0.0163407
0.0161926
0.0161969
0.0163768
0.0165619
0.0166095
0.0165633
0.0166649
0.0169501
0.0171016
0.017059
0.0171915
0.0175108
0.0176558
0.0176742
0.0177891
0.0179119
0.018069
0.0183866
0.0186449
0.0186665
0.0187287
0.0190081
0.0193544
0.0196049
0.019716
0.0198307
0.0201357
0.020497
0.0206944
0.0208107
0.0210718
0.0214696
0.0217451
0.0218697
0.0221213
0.0225271
0.0228235
0.0230367
0.0233564
0.023704
0.0239949
0.0243033
0.0246556
0.0249915
0.0253217
0.0256755
0.0260443
0.0263928
0.0267553
0.0271601
0.0275589
0.0279248
0.0283206
0.0287735
0.0291876
0.0296102
0.0300486
0.0305154
0.0309747
0.0314541
0.0319333
0.0324362
0.0329302
0.0334595
0.0339954
0.0345293
0.0350855
0.0356395
0.0362282
0.0367911
0.0374171
0.0380033
0.038624
0.0392617
0.0399011
0.0405597
0.0412118
0.0418991
0.0425979
0.0432841
0.0440238
0.044749
0.0455029
0.046198
0.0466441
0.0134343
0.0142386
0.0151365
0.0158856
0.0164348
0.0168255
0.0171048
0.0172714
0.017281
0.0171297
0.0168875
0.016673
0.0165495
0.0164669
0.0163669
0.0162517
0.0162295
0.0163619
0.016541
0.0166431
0.0166467
0.0167013
0.0169185
0.0171136
0.0171389
0.0172157
0.0174869
0.0176943
0.0177303
0.0178113
0.0179445
0.0180915
0.018371
0.0186585
0.0187298
0.0187632
0.0189893
0.0193425
0.0196381
0.0197589
0.0198367
0.0201235
0.0205083
0.0207253
0.0208294
0.0210671
0.0214677
0.0217691
0.0218921
0.0221182
0.0225274
0.0228412
0.0230493
0.0233596
0.0237106
0.0240032
0.0243082
0.024662
0.0249996
0.025328
0.0256804
0.0260501
0.0264
0.0267601
0.0271651
0.0275672
0.0279308
0.0283246
0.0287789
0.0291955
0.0296178
0.0300536
0.0305215
0.0309815
0.0314596
0.031939
0.0324417
0.0329348
0.0334643
0.0340004
0.0345323
0.0350894
0.0356421
0.0362309
0.0367942
0.03742
0.0380051
0.0386256
0.0392646
0.0399021
0.0405616
0.0412133
0.0419016
0.0426002
0.0432864
0.0440282
0.0447533
0.0455084
0.0462049
0.0466512
0.0133606
0.0141568
0.0150754
0.0158617
0.0164398
0.0168371
0.0170952
0.0172342
0.0172406
0.0171171
0.0169085
0.016696
0.016551
0.01646
0.0163776
0.0162922
0.0162629
0.0163578
0.0165216
0.0166537
0.0167095
0.0167548
0.0169114
0.0171075
0.0171934
0.0172601
0.0174697
0.0177068
0.0177862
0.0178411
0.0179702
0.0181164
0.0183607
0.0186603
0.0187825
0.0188135
0.0189868
0.0193156
0.0196539
0.0198159
0.0198576
0.0201
0.0205103
0.0207633
0.0208531
0.0210603
0.0214622
0.0217924
0.0219187
0.0221167
0.022524
0.0228584
0.0230645
0.0233627
0.0237168
0.0240123
0.0243131
0.0246682
0.0250082
0.025335
0.025685
0.0260555
0.0264078
0.0267648
0.0271696
0.0275759
0.0279391
0.0283284
0.0287838
0.0292039
0.0296259
0.0300588
0.0305279
0.0309885
0.0314651
0.0319451
0.0324473
0.0329397
0.0334692
0.0340055
0.0345353
0.0350933
0.0356447
0.0362334
0.0367975
0.0374226
0.038007
0.0386272
0.0392676
0.0399031
0.0405636
0.0412153
0.0419038
0.0426029
0.0432887
0.0440327
0.044758
0.0455138
0.0462119
0.0466585
0.0133024
0.0140852
0.0150134
0.0158303
0.0164355
0.016843
0.0170894
0.0172063
0.0172004
0.0170868
0.0169042
0.0167047
0.0165489
0.0164485
0.0163758
0.0163143
0.0162904
0.0163602
0.016506
0.0166503
0.016748
0.0168096
0.016926
0.0171013
0.0172238
0.0173084
0.0174708
0.017702
0.0178316
0.0178799
0.0179915
0.0181409
0.0183549
0.0186536
0.0188225
0.0188681
0.0190048
0.0192886
0.0196437
0.0198716
0.0199047
0.0200763
0.0204929
0.020804
0.0208889
0.0210519
0.0214501
0.0218147
0.0219495
0.0221176
0.0225176
0.022874
0.0230818
0.0233661
0.0237222
0.0240219
0.0243183
0.0246737
0.0250172
0.025343
0.0256896
0.0260604
0.0264162
0.0267699
0.0271734
0.0275847
0.0279478
0.028332
0.028788
0.0292126
0.0296341
0.0300637
0.0305343
0.0309957
0.0314706
0.0319515
0.032453
0.0329448
0.0334743
0.0340106
0.0345387
0.0350972
0.0356475
0.036236
0.0368012
0.037425
0.038009
0.038629
0.0392705
0.0399041
0.0405655
0.0412177
0.041906
0.0426057
0.0432912
0.0440372
0.0447629
0.0455191
0.0462188
0.0466659
0.0132607
0.0140253
0.0149519
0.0157899
0.0164206
0.0168396
0.0170807
0.0171812
0.0171634
0.0170478
0.0168791
0.0166949
0.0165385
0.0164311
0.0163624
0.0163193
0.0163069
0.0163642
0.0164941
0.0166403
0.0167651
0.0168536
0.0169523
0.0171022
0.0172386
0.0173464
0.0174874
0.0176935
0.0178612
0.0179263
0.0180149
0.0181643
0.0183551
0.0186401
0.01885
0.0189196
0.0190368
0.0192745
0.0196131
0.0199065
0.0199742
0.0200708
0.0204533
0.0208339
0.0209425
0.0210491
0.0214275
0.0218342
0.0219863
0.0221217
0.0225082
0.0228873
0.0231008
0.0233702
0.023727
0.0240322
0.0243238
0.0246784
0.0250258
0.0253518
0.0256945
0.026065
0.026425
0.0267754
0.0271771
0.0275936
0.0279564
0.0283353
0.0287918
0.029222
0.0296426
0.0300686
0.0305406
0.0310026
0.0314757
0.0319577
0.0324586
0.0329498
0.0334793
0.0340156
0.0345424
0.0351011
0.0356507
0.0362387
0.0368054
0.0374274
0.0380112
0.0386313
0.0392735
0.0399055
0.0405674
0.0412205
0.0419079
0.0426085
0.0432939
0.0440418
0.0447681
0.0455244
0.0462258
0.0466733
0.013236
0.0139784
0.0148942
0.0157402
0.0163919
0.0168231
0.0170631
0.0171508
0.0171239
0.0170047
0.0168391
0.0166666
0.0165154
0.016407
0.0163396
0.0163095
0.0163106
0.0163645
0.0164843
0.0166292
0.0167687
0.0168817
0.0169809
0.0171117
0.0172479
0.0173699
0.0175063
0.0176876
0.0178724
0.0179701
0.0180438
0.0181865
0.0183647
0.0186262
0.0188667
0.0189675
0.019075
0.0192788
0.0195802
0.0199096
0.0200466
0.0200989
0.0204045
0.0208346
0.0210081
0.0210639
0.0213924
0.0218435
0.0220308
0.0221312
0.0224953
0.0228979
0.0231214
0.023375
0.0237312
0.0240433
0.0243303
0.0246825
0.0250341
0.0253613
0.0256996
0.0260692
0.0264338
0.0267811
0.02718
0.0276026
0.0279675
0.028339
0.028795
0.0292319
0.0296514
0.0300737
0.0305475
0.0310101
0.0314812
0.0319643
0.0324645
0.0329551
0.0334843
0.0340203
0.0345462
0.0351046
0.0356536
0.0362413
0.0368094
0.0374295
0.0380133
0.0386338
0.0392761
0.039907
0.0405694
0.0412238
0.0419102
0.0426115
0.0432971
0.0440462
0.0447735
0.0455297
0.0462325
0.0466809
0.0132286
0.0139475
0.0148453
0.0156854
0.0163478
0.0167893
0.0170297
0.0171079
0.0170715
0.016951
0.0167846
0.0166198
0.0164766
0.0163733
0.0163094
0.0162878
0.0163041
0.0163595
0.0164735
0.0166179
0.0167652
0.0168956
0.0170034
0.0171261
0.0172578
0.0173839
0.0175214
0.0176871
0.0178712
0.0180001
0.0180743
0.0182046
0.0183778
0.0186152
0.0188714
0.01901
0.0191147
0.0192965
0.0195613
0.0198903
0.0201004
0.0201606
0.0203722
0.0208001
0.0210681
0.0211088
0.021354
0.0218325
0.0220815
0.0221515
0.0224776
0.0229036
0.0231438
0.0233803
0.0237344
0.0240549
0.0243375
0.024686
0.0250412
0.0253713
0.0257056
0.0260737
0.026443
0.0267874
0.0271825
0.0276103
0.0279769
0.0283419
0.0287975
0.0292421
0.0296602
0.0300784
0.030554
0.0310171
0.0314866
0.0319705
0.0324704
0.0329605
0.0334895
0.034025
0.0345505
0.0351083
0.0356569
0.0362443
0.0368135
0.0374314
0.0380153
0.0386366
0.0392784
0.0399083
0.0405713
0.0412267
0.041912
0.0426141
0.0433003
0.0440507
0.0447789
0.0455348
0.0462391
0.0466882
0.013237
0.0139345
0.014809
0.0156314
0.0162898
0.0167358
0.0169738
0.0170439
0.0169967
0.0168759
0.0167111
0.0165507
0.0164178
0.0163244
0.0162717
0.0162582
0.0162901
0.016353
0.0164618
0.0166069
0.0167583
0.0169005
0.0170174
0.0171388
0.0172671
0.0173906
0.017529
0.0176882
0.0178662
0.0180171
0.0181052
0.0182244
0.0183915
0.0186095
0.018865
0.0190407
0.0191532
0.0193172
0.0195558
0.0198643
0.020123
0.0202335
0.0203762
0.0207443
0.0211003
0.021183
0.0213311
0.0217959
0.0221303
0.0221906
0.0224583
0.0229021
0.023169
0.0233875
0.0237363
0.0240676
0.0243466
0.0246892
0.0250469
0.0253811
0.0257119
0.0260781
0.0264521
0.0267944
0.0271845
0.0276171
0.0279909
0.0283466
0.0288002
0.0292531
0.0296696
0.0300838
0.0305615
0.0310245
0.0314926
0.0319768
0.0324766
0.0329665
0.0334948
0.0340296
0.0345552
0.0351119
0.0356604
0.0362479
0.0368179
0.037434
0.038018
0.0386405
0.0392811
0.0399105
0.0405743
0.0412307
0.0419146
0.0426172
0.043304
0.0440551
0.0447843
0.0455404
0.0462456
0.0466957
0.0132633
0.0139398
0.0147872
0.0155831
0.0162209
0.0166586
0.0168878
0.0169473
0.0168886
0.0167651
0.016607
0.0164525
0.0163327
0.0162544
0.0162214
0.0162227
0.0162691
0.0163463
0.0164524
0.0165969
0.0167502
0.0169008
0.0170288
0.0171505
0.0172772
0.0173942
0.0175305
0.017687
0.0178573
0.0180217
0.0181302
0.0182483
0.0184073
0.0186103
0.0188568
0.0190598
0.019192
0.019342
0.0195579
0.0198421
0.0201195
0.0202908
0.0204132
0.0206899
0.0210862
0.0212628
0.0213384
0.0217356
0.0221581
0.0222486
0.0224418
0.0228868
0.0231945
0.0233971
0.023735
0.0240797
0.0243572
0.0246922
0.0250511
0.0253906
0.0257192
0.0260828
0.0264614
0.0268022
0.0271863
0.0276195
0.0280032
0.0283499
0.0288012
0.0292626
0.0296781
0.0300879
0.0305678
0.031031
0.031498
0.031982
0.032482
0.0329719
0.0334992
0.0340335
0.0345594
0.0351148
0.0356629
0.036251
0.0368209
0.0374351
0.0380196
0.0386434
0.0392824
0.0399113
0.0405763
0.0412333
0.0419163
0.0426195
0.0433077
0.0440596
0.0447895
0.0455455
0.0462519
0.0467028
0.0133166
0.0139665
0.0147803
0.0155398
0.0161408
0.0165516
0.0167616
0.016804
0.016732
0.0166024
0.0164547
0.0163142
0.0162136
0.0161587
0.0161534
0.0161822
0.0162446
0.0163375
0.0164444
0.0165842
0.0167365
0.0168915
0.0170351
0.0171592
0.0172845
0.0173971
0.0175293
0.0176869
0.0178489
0.0180212
0.0181517
0.0182757
0.018428
0.0186154
0.0188505
0.0190695
0.0192277
0.0193766
0.0195698
0.0198335
0.0201127
0.02033
0.020475
0.0206731
0.0210448
0.0213285
0.0213922
0.0216798
0.022156
0.022324
0.022445
0.0228598
0.0232183
0.0234142
0.0237324
0.0240918
0.0243714
0.0246958
0.0250532
0.0253989
0.0257267
0.0260879
0.0264713
0.0268115
0.0271904
0.0276532
0.0280222
0.0283573
0.0288034
0.0292731
0.0296886
0.0300942
0.0305754
0.0310386
0.0315051
0.0319881
0.0324886
0.0329794
0.0335048
0.0340384
0.034565
0.0351189
0.035667
0.0362562
0.0368256
0.0374381
0.0380232
0.0386482
0.0392851
0.0399138
0.0405803
0.0412375
0.0419192
0.0426227
0.0433117
0.0440642
0.0447948
0.0455511
0.0462581
0.0467099
0.0134185
0.0140337
0.0148007
0.0155056
0.0160498
0.0164094
0.0165824
0.0165978
0.0165106
0.0163748
0.0162386
0.0161213
0.0160484
0.0160289
0.0160598
0.0161276
0.0162122
0.0163179
0.0164291
0.0165601
0.0167085
0.0168631
0.0170217
0.0171523
0.0172743
0.0173882
0.0175148
0.0176753
0.0178326
0.0180083
0.0181614
0.0182961
0.0184481
0.0186196
0.0188404
0.0190664
0.019245
0.0194058
0.0195797
0.019822
0.0200989
0.0203379
0.0205222
0.0206856
0.0209903
0.0213436
0.0214642
0.0216439
0.0221118
0.0223885
0.0224721
0.0228221
0.0232281
0.0234379
0.0237275
0.024098
0.0243883
0.0247001
0.0250534
0.0254067
0.025734
0.0260921
0.0264816
0.0268213
0.0271902
0.0276477
0.028036
0.028363
0.0288039
0.0292805
0.0296975
0.0300997
0.0305813
0.0310446
0.0315114
0.0319922
0.032493
0.0329856
0.0335084
0.0340415
0.034569
0.0351212
0.0356688
0.0362595
0.0368275
0.0374386
0.0380254
0.0386514
0.0392861
0.0399146
0.0405831
0.04124
0.0419209
0.0426251
0.0433156
0.0440686
0.0447995
0.045556
0.046264
0.0467167
0.0135781
0.0141584
0.0148697
0.0155012
0.0159684
0.0162545
0.0163724
0.0163555
0.0162593
0.0161319
0.01602
0.0159427
0.0159125
0.0159347
0.0159968
0.0160916
0.0161937
0.0163042
0.0164189
0.01654
0.0166807
0.0168326
0.0169988
0.0171405
0.0172625
0.0173848
0.0175091
0.0176684
0.0178268
0.0179998
0.01817
0.0183144
0.01847
0.0186332
0.0188373
0.0190681
0.019261
0.0194394
0.0196081
0.0198252
0.0200973
0.0203418
0.0205526
0.0207274
0.0209667
0.0213237
0.0215362
0.0216587
0.0220544
0.0224287
0.0225304
0.0227946
0.0232202
0.0234689
0.0237287
0.0240982
0.0244091
0.0247073
0.0250504
0.0254141
0.0257422
0.0260947
0.0264924
0.0268347
0.0271886
0.0276482
0.0280533
0.0283734
0.0288047
0.0292867
0.0297073
0.0301074
0.0305872
0.0310506
0.0315188
0.0319978
0.0324988
0.0329938
0.0335134
0.034046
0.0345747
0.0351252
0.0356732
0.0362653
0.0368316
0.0374411
0.0380293
0.0386556
0.0392879
0.0399166
0.0405874
0.0412439
0.0419233
0.0426283
0.0433196
0.0440733
0.0448046
0.0455614
0.0462699
0.0467232
0.0135936
0.0139901
0.0145247
0.0150103
0.0153746
0.0156054
0.0157297
0.0157767
0.0157806
0.0157659
0.0157588
0.0157745
0.0158138
0.0158824
0.0159687
0.0160723
0.0161793
0.0162876
0.0164004
0.0165112
0.0166395
0.0167858
0.0169487
0.0171024
0.0172338
0.0173695
0.0174994
0.0176527
0.0178177
0.0179906
0.0181725
0.0183276
0.0184843
0.0186476
0.018833
0.0190607
0.0192624
0.0194529
0.0196319
0.0198307
0.0200929
0.0203417
0.0205609
0.0207661
0.0209754
0.0212878
0.021572
0.0217046
0.0220053
0.022425
0.0225951
0.0227884
0.0231936
0.0234949
0.0237392
0.0240898
0.0244274
0.0247205
0.025045
0.0254211
0.0257518
0.0260952
0.0265002
0.0268498
0.0271871
0.0276407
0.028067
0.0283875
0.0288058
0.0292901
0.0297182
0.0301178
0.0305937
0.031057
0.0315263
0.0320025
0.032504
0.0330012
0.0335169
0.0340494
0.0345794
0.0351273
0.0356757
0.0362693
0.0368336
0.0374425
0.0380336
0.0386601
0.0392895
0.0399187
0.0405913
0.0412467
0.0419252
0.0426311
0.0433237
0.0440775
0.0448088
0.0455661
0.0462749
0.0467296
0.0154108
0.0151773
0.014839
0.0145672
0.0144294
0.014428
0.0145509
0.0147562
0.0149955
0.015231
0.0154372
0.0156124
0.0157523
0.0158693
0.0159693
0.016066
0.0161661
0.0162701
0.0163785
0.0164832
0.016603
0.0167423
0.0168961
0.0170555
0.0172028
0.0173517
0.0174911
0.0176377
0.0178034
0.0179776
0.0181631
0.0183316
0.01849
0.01866
0.0188367
0.0190536
0.0192648
0.0194613
0.0196557
0.0198466
0.020087
0.0203372
0.0205554
0.0207845
0.020999
0.0212574
0.0215694
0.0217557
0.0219877
0.0223923
0.0226445
0.0228112
0.0231627
0.0235068
0.0237598
0.0240808
0.0244382
0.0247393
0.0250411
0.0254205
0.025763
0.026096
0.0265057
0.0268691
0.0271924
0.027632
0.0280783
0.0284055
0.0288068
0.0292862
0.0297253
0.0301273
0.0305959
0.03106
0.031532
0.0320052
0.0325088
0.0330088
0.0335192
0.0340518
0.0345846
0.0351301
0.0356792
0.0362741
0.0368356
0.0374432
0.0380367
0.0386626
0.0392894
0.0399199
0.0405951
0.0412496
0.0419268
0.0426339
0.0433274
0.0440816
0.0448136
0.0455709
0.0462803
0.0467356
0.0150614
0.0146398
0.0141453
0.013775
0.0135964
0.0136182
0.0138127
0.0141231
0.0144783
0.0148252
0.0151282
0.0153853
0.0155931
0.015761
0.0158981
0.0160151
0.0161293
0.0162408
0.0163528
0.0164593
0.0165776
0.0167113
0.0168568
0.0170161
0.0171715
0.0173272
0.0174756
0.0176261
0.0177918
0.0179716
0.018158
0.0183381
0.0185015
0.0186735
0.0188503
0.019049
0.0192659
0.0194693
0.019676
0.0198761
0.0200925
0.0203412
0.0205601
0.0207996
0.021037
0.0212575
0.0215575
0.0218001
0.0220064
0.0223582
0.022666
0.022853
0.0231454
0.0235025
0.0237842
0.0240779
0.0244376
0.0247595
0.0250434
0.0254139
0.0257732
0.0260991
0.0265013
0.0268866
0.0271969
0.0276157
0.0280834
0.0284306
0.028815
0.0292833
0.0297363
0.0301452
0.0306041
0.0310673
0.0315417
0.0320103
0.0325159
0.0330194
0.0335235
0.0340544
0.0345907
0.0351336
0.0356825
0.0362786
0.0368385
0.0374464
0.0380428
0.0386684
0.039292
0.0399234
0.0406001
0.0412529
0.0419293
0.0426371
0.0433316
0.0440857
0.0448172
0.0455756
0.0462842
0.046742
0.0157049
0.0153826
0.0149196
0.014502
0.0142062
0.0140513
0.014032
0.0141335
0.0143209
0.0145609
0.0148148
0.0150616
0.015293
0.0155049
0.0157001
0.0158719
0.016031
0.0161729
0.0163084
0.0164371
0.0165649
0.0166991
0.0168388
0.0169928
0.0171397
0.0172897
0.0174403
0.0175983
0.0177663
0.0179484
0.0181376
0.0183235
0.0184991
0.0186719
0.0188544
0.0190436
0.0192569
0.0194719
0.0196797
0.0198918
0.0200908
0.0203259
0.0205531
0.02079
0.0210504
0.0212617
0.0215326
0.0218151
0.0220306
0.0223301
0.0226568
0.0228879
0.0231482
0.0234873
0.0238009
0.0240863
0.0244275
0.0247748
0.0250578
0.0254029
0.0257812
0.0261103
0.0264922
0.0269047
0.0272202
0.027597
0.0280799
0.0284579
0.0288202
0.0292693
0.0297389
0.0301561
0.0306048
0.0310679
0.0315452
0.0320098
0.032519
0.0330268
0.0335248
0.034054
0.0345943
0.0351366
0.0356856
0.0362816
0.0368388
0.0374468
0.038045
0.0386695
0.0392908
0.0399239
0.0406031
0.0412547
0.0419301
0.0426393
0.0433347
0.0440891
0.0448214
0.0455786
0.0462879
0.0467354
0.013613
0.0137884
0.0140588
0.0142843
0.0144236
0.0144832
0.01449
0.0144871
0.0145113
0.0145846
0.0147108
0.0148794
0.0150855
0.0153091
0.0155381
0.0157517
0.0159467
0.0161184
0.0162773
0.0164306
0.0165695
0.0167083
0.0168428
0.016983
0.017116
0.0172581
0.0174151
0.0175824
0.0177602
0.0179434
0.0181333
0.0183201
0.0185022
0.0186781
0.0188592
0.0190504
0.0192561
0.0194818
0.019693
0.0199094
0.0201114
0.0203253
0.020564
0.0207994
0.0210608
0.0212872
0.0215256
0.0218219
0.0220631
0.022322
0.0226431
0.0229074
0.0231659
0.0234777
0.0238008
0.0241036
0.0244166
0.024775
0.0250836
0.0253914
0.025776
0.0261277
0.0264771
0.0269082
0.0272532
0.0275834
0.0280636
0.0284921
0.0288409
0.0292591
0.0297479
0.0301782
0.0306135
0.0310765
0.0315562
0.0320133
0.032526
0.0330384
0.0335296
0.0340555
0.0345988
0.0351402
0.0356895
0.0362857
0.036841
0.0374507
0.0380519
0.0386756
0.0392938
0.0399279
0.0406084
0.0412581
0.0419327
0.0426422
0.0433386
0.0440931
0.0448245
0.0455829
0.0462904
0.0467451
0.0157225
0.0152645
0.0146429
0.01407
0.0136438
0.0133976
0.0133349
0.0134303
0.0136489
0.0139425
0.0142739
0.0146032
0.0149145
0.0151963
0.0154533
0.0156848
0.0158904
0.0160757
0.0162434
0.0164051
0.0165502
0.0166897
0.0168178
0.0169425
0.017072
0.0172161
0.017382
0.0175581
0.0177459
0.0179336
0.0181198
0.0183077
0.0184913
0.0186751
0.0188548
0.0190491
0.0192546
0.0194791
0.0196983
0.0199085
0.0201168
0.0203191
0.0205561
0.0208036
0.0210519
0.0212969
0.0215259
0.021812
0.0220848
0.0223229
0.0226302
0.0229146
0.0231811
0.0234827
0.0237921
0.0241173
0.0244213
0.0247629
0.0251063
0.0253941
0.0257607
0.0261491
0.0264747
0.0268993
0.0272854
0.0275854
0.0280366
0.0285082
0.0288629
0.0292437
0.0297407
0.0301908
0.0306143
0.0310749
0.0315612
0.0320123
0.0325258
0.033045
0.0335323
0.0340549
0.0346013
0.0351425
0.0356919
0.0362887
0.0368413
0.0374502
0.0380534
0.038677
0.0392929
0.0399278
0.0406104
0.0412593
0.0419332
0.0426434
0.0433404
0.0440955
0.044829
0.0455854
0.0462937
0.0467457
0.0149621
0.014382
0.0136883
0.0130989
0.0127099
0.0125484
0.0126087
0.0128455
0.0132038
0.0136218
0.0140545
0.014464
0.014833
0.0151536
0.0154288
0.0156675
0.0158728
0.016056
0.0162214
0.0163796
0.0165271
0.0166666
0.0167915
0.0169083
0.0170377
0.0171876
0.0173579
0.0175409
0.0177346
0.0179278
0.0181115
0.0182974
0.0184796
0.0186653
0.0188469
0.0190405
0.0192489
0.0194718
0.019697
0.0199081
0.0201179
0.0203238
0.0205545
0.02081
0.021053
0.0212988
0.0215344
0.0218059
0.0220898
0.0223289
0.0226225
0.0229141
0.0231844
0.0234866
0.0237888
0.0241191
0.0244321
0.0247556
0.0251103
0.0254056
0.0257455
0.0261528
0.0264848
0.0268893
0.027297
0.0276031
0.028028
0.028513
0.028888
0.0292528
0.0297429
0.0302058
0.0306277
0.0310816
0.0315714
0.0320199
0.0325301
0.0330518
0.0335383
0.0340573
0.0346041
0.0351453
0.0356943
0.0362924
0.036845
0.0374543
0.0380586
0.0386831
0.0392978
0.0399317
0.0406149
0.0412627
0.0419361
0.0426458
0.0433432
0.0440986
0.0448329
0.0455904
0.0462944
0.0467529
)
;

boundaryField
{
    ZeroGradientPlanes
    {
        type            zeroGradient;
    }
    inlet
    {
        type            zeroGradient;
    }
    plate
    {
        type            zeroGradient;
    }
    frontAndBack
    {
        type            empty;
    }
}


// ************************************************************************* //
