/*--------------------------------*- C++ -*----------------------------------*\
| =========                 |                                                 |
| \\      /  F ield         | OpenFOAM: The Open Source CFD Toolbox           |
|  \\    /   O peration     | Version:  2506                                  |
|   \\  /    A nd           | Website:  www.openfoam.com                      |
|    \\/     M anipulation  |                                                 |
\*---------------------------------------------------------------------------*/
FoamFile
{
    version     2.0;
    format      ascii;
    arch        "LSB;label=32;scalar=64";
    class       volScalarField;
    location    "4.85";
    object      p;
}
// * * * * * * * * * * * * * * * * * * * * * * * * * * * * * * * * * * * * * //

dimensions      [0 2 -2 0 0 0 0];

internalField   nonuniform List<scalar> 
9600
(
-1.97294e-12
0.00526358
0.00925908
0.00719431
0.00841508
0.0145316
0.0121647
0.0133668
0.0156805
0.0164305
0.0151115
0.0160884
0.0171498
0.0175173
0.0183509
0.0194812
0.0201188
0.0223637
0.0250625
0.0299643
7.29161e-06
0.00522496
0.00925723
0.00724592
0.0084128
0.014462
0.0121792
0.0133685
0.0156631
0.0164414
0.0151171
0.0160854
0.0171494
0.0175297
0.0183559
0.0194745
0.0201202
0.0223462
0.0250606
0.0294022
6.06448e-06
0.00517539
0.0092753
0.00727996
0.00838191
0.0143747
0.0121952
0.0133673
0.0156572
0.0164637
0.0151197
0.0160816
0.017157
0.0175489
0.0183544
0.0194655
0.0201172
0.0223247
0.0250254
0.0288419
-3.5731e-06
0.0051513
0.00931059
0.00729816
0.00834099
0.0142892
0.0122187
0.0133674
0.0156636
0.0164767
0.0151152
0.016081
0.0171667
0.0175635
0.0183471
0.0194574
0.0201127
0.0222937
0.02497
0.0283187
-1.60352e-05
0.00516215
0.00935888
0.00730522
0.00829895
0.0142096
0.0122517
0.0133668
0.0156786
0.0164706
0.015106
0.0160805
0.0171733
0.0175739
0.0183386
0.0194476
0.0201084
0.022252
0.0248993
0.0278304
-2.59449e-05
0.00520798
0.00941199
0.0073048
0.0082624
0.0141412
0.012293
0.0133615
0.0156983
0.0164469
0.0150938
0.0160773
0.0171782
0.0175825
0.0183302
0.0194344
0.0201054
0.022201
0.0248129
0.0273678
-2.74381e-05
0.00528398
0.00945818
0.00730094
0.00823808
0.0140872
0.0123599
0.0133492
0.0157207
0.0164118
0.0150794
0.0160722
0.0171832
0.01759
0.0183221
0.0194181
0.0201038
0.0221421
0.0247092
0.0269251
-1.47757e-05
0.0053805
0.00948662
0.00729785
0.00823661
0.0140454
0.0124015
0.0133329
0.0157451
0.0163719
0.0150637
0.0160663
0.0171891
0.0175969
0.0183144
0.019399
0.0201017
0.0220753
0.0245859
0.0265004
1.59241e-05
0.00548635
0.00949256
0.00729901
0.00825218
0.0140119
0.0124355
0.0133156
0.0157713
0.0163315
0.0150471
0.0160597
0.0171959
0.0176036
0.0183068
0.0193766
0.0200966
0.0220004
0.0244422
0.0260926
6.57648e-05
0.00559375
0.00947835
0.00730611
0.00828298
0.0139839
0.012461
0.0132974
0.0157986
0.0162929
0.0150293
0.0160524
0.0172034
0.0176096
0.0182985
0.0193504
0.020086
0.0219175
0.0242785
0.0256994
0.000133136
0.00569951
0.00945019
0.00731861
0.0083276
0.01396
0.0124784
0.0132778
0.015826
0.0162564
0.0150106
0.0160442
0.0172113
0.017615
0.0182895
0.0193207
0.0200681
0.0218267
0.0240963
0.0253183
0.0002148
0.00580322
0.00941451
0.0073346
0.00838448
0.0139385
0.0124895
0.0132564
0.0158525
0.0162222
0.014991
0.016035
0.0172196
0.01762
0.0182791
0.0192877
0.0200419
0.0217275
0.0238977
0.0249475
0.000307312
0.00590534
0.00937601
0.00735198
0.00845131
0.0139172
0.0124965
0.0132332
0.0158772
0.0161902
0.0149704
0.0160246
0.0172282
0.017625
0.0182665
0.0192518
0.0200069
0.0216192
0.0236856
0.0245862
0.000408
0.0060062
0.00933723
0.00736922
0.00852531
0.013894
0.0125014
0.0132084
0.0158998
0.0161604
0.0149486
0.0160129
0.0172366
0.0176301
0.0182514
0.0192129
0.0199633
0.021501
0.0234624
0.0242343
0.000515247
0.00610586
0.00929918
0.00738549
0.0086041
0.0138674
0.0125055
0.0131824
0.0159201
0.0161329
0.0149251
0.0159996
0.0172443
0.0176356
0.0182332
0.01917
0.0199117
0.021373
0.0232298
0.023891
0.000628278
0.00620425
0.00926228
0.00740052
0.00868601
0.0138371
0.0125097
0.0131558
0.0159378
0.0161079
0.0148997
0.0159844
0.0172511
0.0176415
0.0182119
0.0191219
0.0198532
0.0212358
0.0229882
0.0235552
0.000746795
0.00630131
0.00922688
0.0074144
0.00877003
0.0138036
0.0125146
0.0131291
0.0159527
0.0160856
0.0148721
0.0159673
0.0172567
0.0176474
0.0181879
0.0190677
0.0197876
0.0210901
0.0227378
0.0232261
0.000870701
0.00639706
0.00919339
0.00742752
0.00885555
0.0137675
0.0125207
0.0131025
0.0159642
0.0160662
0.0148422
0.0159483
0.0172611
0.0176525
0.0181617
0.0190067
0.0197141
0.0209369
0.0224798
0.0229033
0.000999979
0.00649156
0.0091623
0.00744036
0.00894212
0.0137295
0.0125279
0.0130765
0.0159718
0.01605
0.01481
0.0159273
0.0172647
0.0176559
0.018134
0.0189389
0.0196312
0.0207777
0.0222157
0.0225856
0.00113465
0.00658489
0.00913413
0.00745343
0.00902921
0.0136903
0.0125363
0.0130512
0.015975
0.0160372
0.0147756
0.0159042
0.0172681
0.0176566
0.0181044
0.0188642
0.0195383
0.0206137
0.0219467
0.0222716
0.00127477
0.00667708
0.00910937
0.00746724
0.00911622
0.0136501
0.0125459
0.0130268
0.0159732
0.016028
0.0147393
0.0158783
0.0172719
0.017654
0.0180724
0.0187835
0.0194347
0.0204453
0.0216741
0.0219595
0.00142044
0.00676803
0.00908848
0.00748231
0.00920248
0.0136094
0.0125565
0.0130037
0.0159662
0.0160224
0.0147018
0.0158489
0.0172765
0.0176478
0.0180367
0.0186976
0.0193199
0.0202725
0.0213999
0.0216475
0.00157173
0.00685761
0.00907181
0.00749912
0.0092873
0.0135686
0.012568
0.0129819
0.0159536
0.0160203
0.0146635
0.0158152
0.0172823
0.017638
0.0179959
0.0186077
0.0191937
0.0200949
0.0211273
0.0213337
0.00172871
0.00694566
0.00905963
0.00751814
0.00937001
0.0135279
0.0125803
0.0129617
0.0159354
0.0160211
0.0146252
0.0157767
0.0172891
0.0176252
0.0179488
0.018514
0.0190564
0.0199114
0.02086
0.0210177
0.00189144
0.00703206
0.00905208
0.00753984
0.00944998
0.0134875
0.0125935
0.0129429
0.0159118
0.0160244
0.0145874
0.0157326
0.0172966
0.0176103
0.0178937
0.0184165
0.0189091
0.0197206
0.0206007
0.0207024
0.00205993
0.00711674
0.00904926
0.00756469
0.00952665
0.0134478
0.0126075
0.0129254
0.0158829
0.0160297
0.0145507
0.0156821
0.0173044
0.0175944
0.0178291
0.0183149
0.0187538
0.0195203
0.0203505
0.0203949
0.00223416
0.00719968
0.00905121
0.00759322
0.00959948
0.0134087
0.0126225
0.0129089
0.015849
0.0160369
0.0145157
0.0156245
0.017312
0.0175784
0.0177538
0.0182089
0.0185934
0.0193076
0.0201067
0.0201048
0.00241406
0.007281
0.00905789
0.00762593
0.0096681
0.0133704
0.012639
0.0128929
0.01581
0.016046
0.0144827
0.0155592
0.0173186
0.0175634
0.0176673
0.0180977
0.0184314
0.0190809
0.0198616
0.01984
0.00259952
0.00736092
0.00906917
0.00766332
0.00973222
0.0133326
0.0126573
0.0128771
0.0157657
0.0160566
0.0144521
0.0154853
0.0173231
0.017551
0.0175692
0.0179794
0.0182721
0.018843
0.0196048
0.0195999
0.00279034
0.00743972
0.00908491
0.00770587
0.00979171
0.0132952
0.0126782
0.0128615
0.0157154
0.0160687
0.0144246
0.0154018
0.017324
0.0175435
0.01746
0.0178505
0.0181184
0.0186015
0.0193286
0.0193717
0.00298631
0.00751776
0.00910501
0.00775406
0.00984658
0.0132574
0.0127023
0.0128465
0.0156583
0.0160822
0.0144012
0.0153075
0.0173188
0.0175429
0.0173413
0.0177075
0.0179699
0.0183651
0.0190336
0.0191377
0.00318718
0.00759547
0.00912939
0.00780823
0.00989716
0.0132183
0.01273
0.0128328
0.0155936
0.0160964
0.0143834
0.015202
0.0173046
0.0175503
0.0172158
0.0175483
0.017824
0.0181389
0.0187283
0.0188843
0.00339261
0.0076734
0.00915783
0.00786835
0.0099441
0.0131771
0.012761
0.0128217
0.0155206
0.0161099
0.0143733
0.0150856
0.0172774
0.0175657
0.0170865
0.0173718
0.0176793
0.0179247
0.0184209
0.0186078
0.0036022
0.00775209
0.0091902
0.0079343
0.00998825
0.013133
0.0127948
0.0128147
0.0154387
0.0161208
0.0143728
0.0149595
0.0172333
0.0175889
0.0169569
0.0171759
0.0175359
0.0177257
0.0181154
0.0183105
0.00381561
0.00783193
0.0092269
0.00800606
0.0100305
0.0130858
0.0128302
0.0128131
0.0153481
0.0161267
0.0143831
0.0148251
0.0171679
0.0176192
0.016832
0.0169573
0.0173911
0.0175492
0.0178156
0.0179933
0.00403242
0.00791321
0.00926845
0.00808314
0.0100715
0.0130356
0.0128658
0.0128182
0.0152503
0.016125
0.0144041
0.0146853
0.0170775
0.0176538
0.0167188
0.0167146
0.0172361
0.017402
0.017532
0.0176563
0.00425226
0.00799608
0.00931552
0.00816491
0.0101117
0.0129828
0.0128996
0.0128307
0.0151474
0.016113
0.0144347
0.014544
0.0169597
0.0176877
0.0166242
0.0164506
0.0170586
0.0172839
0.0172813
0.0173063
0.00447499
0.00808026
0.00936925
0.00825127
0.010151
0.0129284
0.0129296
0.0128497
0.0150421
0.0160885
0.0144728
0.0144053
0.0168133
0.017715
0.0165546
0.0161727
0.0168473
0.0171844
0.0170779
0.0169616
0.00470055
0.00816522
0.00943109
0.00834223
0.0101882
0.0128744
0.0129545
0.012874
0.0149373
0.016051
0.0145158
0.0142723
0.0166383
0.017729
0.0165147
0.0158912
0.0165948
0.0170882
0.0169283
0.0166457
0.00492892
0.00825017
0.00950311
0.0084382
0.0102217
0.0128234
0.0129748
0.0129008
0.0148349
0.0160013
0.0145609
0.0141469
0.0164356
0.0177225
0.0165067
0.0156189
0.0162975
0.0169777
0.0168305
0.0163798
0.00516035
0.00833408
0.00958632
0.0085405
0.0102491
0.012777
0.0129918
0.0129269
0.0147353
0.0159402
0.0146057
0.0140313
0.0162078
0.0176869
0.0165287
0.0153713
0.0159573
0.0168337
0.0167749
0.0161806
0.00539515
0.00841619
0.0096822
0.00865107
0.0102687
0.0127344
0.013008
0.0129505
0.0146376
0.0158688
0.0146497
0.0139284
0.0159581
0.0176128
0.0165739
0.015167
0.015585
0.0166352
0.0167426
0.0160592
0.00563369
0.00849603
0.0097878
0.0087725
0.0102794
0.0126947
0.0130264
0.0129706
0.0145402
0.0157877
0.014693
0.0138416
0.0156908
0.0174915
0.0166296
0.0150223
0.0152033
0.0163672
0.0167038
0.0160143
0.00587659
0.0085729
0.00989636
0.00890903
0.010282
0.0126544
0.01305
0.0129882
0.0144403
0.0156958
0.0147354
0.0137748
0.0154122
0.0173178
0.0166801
0.0149437
0.0148394
0.0160311
0.0166241
0.0160262
0.00612434
0.00864667
0.0100066
0.00906494
0.0102788
0.0126061
0.0130814
0.0130065
0.0143338
0.0155898
0.0147759
0.0137325
0.0151304
0.0170904
0.0167097
0.0149261
0.0145193
0.0156455
0.0164771
0.0160617
0.00637714
0.00871794
0.0101151
0.00924234
0.0102734
0.0125436
0.0131202
0.0130304
0.0142196
0.0154666
0.0148114
0.0137182
0.0148549
0.0168126
0.0167032
0.0149565
0.0142619
0.015237
0.016254
0.0160823
0.00663509
0.00878632
0.0102182
0.0094412
0.0102716
0.0124619
0.0131619
0.013068
0.0141023
0.0153219
0.0148353
0.0137335
0.0145981
0.0164936
0.0166463
0.0150173
0.0140782
0.0148327
0.0159612
0.0160562
0.00689796
0.00885651
0.0103129
0.00965925
0.0102805
0.0123588
0.0131999
0.0131247
0.0139871
0.0151533
0.0148397
0.0137744
0.0143738
0.0161493
0.0165299
0.0150848
0.0139687
0.0144597
0.0156152
0.015966
0.00716529
0.00892954
0.0103962
0.00989158
0.0103089
0.0122367
0.0132219
0.0132007
0.0138838
0.0149654
0.0148158
0.0138308
0.0141919
0.0157978
0.0163564
0.0151346
0.0139207
0.0141408
0.0152382
0.0158079
0.00743636
0.00900807
0.0104662
0.0101304
0.0103652
0.0120993
0.0132124
0.0132903
0.0138064
0.0147676
0.0147565
0.0138904
0.014055
0.0154565
0.0161369
0.0151509
0.0139133
0.0138874
0.0148554
0.0155855
0.0077102
0.00909502
0.0105214
0.0103662
0.0104549
0.0119535
0.0131615
0.0133848
0.0137643
0.0145713
0.0146606
0.0139396
0.0139588
0.0151398
0.0158845
0.0151286
0.013926
0.0136974
0.014492
0.0153087
0.00798563
0.00919331
0.0105626
0.0105899
0.0105791
0.011811
0.0130669
0.0134679
0.0137593
0.0143927
0.0145352
0.0139638
0.0138932
0.0148587
0.0156125
0.0150668
0.0139429
0.013561
0.0141695
0.0149986
0.00826082
0.00930532
0.010592
0.0107933
0.0107343
0.0116241
0.0129334
0.013518
0.0137843
0.014249
0.014393
0.0139542
0.0138447
0.0146173
0.0153365
0.0149672
0.0139516
0.0134647
0.0138994
0.0146859
0.00853366
0.00943232
0.0106145
0.01097
0.0109148
0.0115504
0.0127712
0.0135191
0.0138287
0.0141492
0.0142488
0.0139124
0.0137984
0.0144106
0.0150703
0.0148378
0.0139443
0.0133951
0.0136783
0.014397
0.00880227
0.00957457
0.010636
0.0111156
0.0111084
0.0115166
0.0125955
0.0134659
0.0138733
0.0140925
0.0141195
0.0138472
0.0137443
0.0142295
0.0148189
0.0146898
0.0139207
0.0133431
0.0134943
0.0141396
0.00906497
0.00973093
0.0106631
0.0112287
0.0113011
0.0115251
0.0124298
0.0133637
0.0138936
0.0140711
0.0140193
0.0137685
0.0136792
0.0140672
0.0145831
0.0145304
0.0138822
0.013305
0.0133398
0.0139066
0.0093204
0.00989951
0.0107006
0.0113102
0.0114806
0.0116484
0.0122975
0.0132234
0.0138715
0.0140709
0.0139538
0.0136893
0.0136034
0.0139188
0.0143653
0.014364
0.0138272
0.0132763
0.0132159
0.0136936
0.00956711
0.0100774
0.0107525
0.0113656
0.0116342
0.0117398
0.0122071
0.0130636
0.0138028
0.0140695
0.0139194
0.0136235
0.0135215
0.0137782
0.0141662
0.0141977
0.0137554
0.0132483
0.0131226
0.0135054
0.00980357
0.0102593
0.0108221
0.0114048
0.0117574
0.0118465
0.0121605
0.0129071
0.0136936
0.0140472
0.0139076
0.0135794
0.0134429
0.013642
0.0139812
0.0140389
0.0136741
0.0132139
0.0130519
0.0133473
0.0100296
0.0104417
0.0109088
0.0114361
0.0118488
0.0119553
0.0121533
0.0127724
0.0135545
0.0139933
0.0139042
0.0135565
0.0133766
0.0135143
0.0138043
0.0138867
0.0135936
0.0131758
0.0129943
0.0132184
0.0102456
0.0106212
0.0110099
0.0114675
0.0119124
0.012055
0.0121791
0.0126685
0.0134019
0.0139066
0.0138948
0.0135516
0.0133262
0.0134012
0.0136375
0.013734
0.0135145
0.0131426
0.0129484
0.0131167
0.0104517
0.0107946
0.0111225
0.0115049
0.0119517
0.0121391
0.0122268
0.0125972
0.0132539
0.0137939
0.0138679
0.0135591
0.0132942
0.0133047
0.0134873
0.0135813
0.0134271
0.0131134
0.0129157
0.0130397
0.0106482
0.0109605
0.011242
0.0115513
0.0119739
0.0122039
0.0122839
0.0125561
0.0131228
0.0136644
0.0138177
0.0135694
0.0132835
0.0132266
0.0133564
0.0134396
0.01333
0.0130794
0.0128928
0.0129822
0.0108354
0.0111181
0.0113633
0.0116072
0.0119874
0.0122486
0.0123414
0.0125414
0.0130153
0.013531
0.0137462
0.0135715
0.0132911
0.0131731
0.0132435
0.0133147
0.0132345
0.0130375
0.0128755
0.0129401
0.011013
0.0112664
0.0114829
0.0116721
0.0119988
0.0122753
0.0123925
0.0125463
0.0129334
0.0134053
0.0136612
0.0135602
0.0133079
0.013148
0.0131526
0.0132025
0.0131462
0.0129917
0.0128621
0.0129142
0.0111808
0.0114056
0.011597
0.0117431
0.0120139
0.0122883
0.0124329
0.0125622
0.0128757
0.0132945
0.0135701
0.0135367
0.0133258
0.0131478
0.0130943
0.0131073
0.0130664
0.0129463
0.0128493
0.0129029
0.0113379
0.0115349
0.0117039
0.0118171
0.0120337
0.0122914
0.0124606
0.0125835
0.0128406
0.0132028
0.0134796
0.0135043
0.0133414
0.013163
0.0130699
0.0130424
0.0130017
0.0129074
0.0128372
0.0129022
0.0114846
0.0116547
0.0118006
0.01189
0.0120583
0.0122887
0.0124749
0.0126041
0.0128241
0.013134
0.0133984
0.0134682
0.0133569
0.0131892
0.0130717
0.0130131
0.0129617
0.0128817
0.0128305
0.0129084
0.0116186
0.0117643
0.0118875
0.0119592
0.0120858
0.0122835
0.0124776
0.0126193
0.0128184
0.0130868
0.0133342
0.0134344
0.0133749
0.0132319
0.0130999
0.013018
0.0129545
0.0128779
0.0128369
0.012922
0.0117384
0.0118622
0.0119654
0.0120232
0.0121138
0.0122771
0.0124702
0.0126274
0.0128186
0.0130566
0.0132894
0.0134107
0.0133969
0.0132927
0.0131608
0.0130599
0.0129876
0.0129103
0.0128706
0.0129533
0.0118458
0.0119501
0.0120291
0.012071
0.0121394
0.0122702
0.0124523
0.0126245
0.0128207
0.0130392
0.0132636
0.0134058
0.0134284
0.0133705
0.0132603
0.0131486
0.0130693
0.0129929
0.0129506
0.0130219
0.0119361
0.0120242
0.0120837
0.0121108
0.0121591
0.0122626
0.0124277
0.012606
0.0128162
0.0130299
0.0132526
0.0134224
0.0134824
0.0134699
0.0134026
0.0132966
0.0132099
0.0131341
0.0130887
0.0131483
0.0120074
0.0120821
0.0121292
0.0121395
0.0121699
0.0122502
0.0123977
0.0125729
0.0127912
0.0130175
0.0132515
0.013461
0.0135802
0.0136166
0.0136027
0.0135185
0.0134161
0.0133307
0.0132787
0.013326
0.0120655
0.0121491
0.0121571
0.0121495
0.012169
0.0122308
0.012361
0.0125273
0.0127348
0.0129618
0.0132285
0.0135111
0.0137463
0.0138994
0.0139949
0.0139948
0.0138991
0.0137566
0.0135993
0.0135022
0.0121038
0.0121726
0.0121675
0.012148
0.0121617
0.0122072
0.012315
0.0124709
0.0126624
0.0128309
0.0130166
0.0132844
0.0136595
0.0140178
0.014296
0.0145069
0.0146965
0.014934
0.015209
0.0154364
0.012116
0.0121718
0.0121599
0.0121367
0.0121571
0.012201
0.0122847
0.0123995
0.0126214
0.0129702
0.0133867
0.0137649
0.0140633
0.0142966
0.0144974
0.0147051
0.0148959
0.015055
0.0151877
0.0152376
0.012098
0.0121493
0.0121178
0.0120753
0.012077
0.0121336
0.0123254
0.0126225
0.0129562
0.0132457
0.0134979
0.0137019
0.0138859
0.014085
0.0143052
0.0145613
0.0148693
0.0152055
0.0155258
0.0157426
0.0120412
0.0121243
0.0121539
0.0121834
0.0122711
0.01239
0.0125476
0.0127432
0.012984
0.0132384
0.0135082
0.0137839
0.0140315
0.0142403
0.0143928
0.0144404
0.0143729
0.0141847
0.0139276
0.0136891
0.0119006
0.0119702
0.0121007
0.0122434
0.0123781
0.012472
0.0125933
0.0127464
0.0129598
0.0132089
0.0134607
0.0137142
0.0139686
0.0142069
0.0144798
0.0147839
0.0151193
0.0154502
0.0157221
0.0158611
0.0118525
0.0119306
0.0120859
0.0122626
0.0124269
0.012536
0.0126653
0.0128214
0.013014
0.0132485
0.0135042
0.0137656
0.0140496
0.0143149
0.0145765
0.014829
0.0150515
0.0152218
0.0153114
0.0152744
0.0327964
0.0263349
0.0179306
0.0119742
0.0104007
0.0113141
0.0123631
0.0129238
0.0131446
0.0132741
0.0134543
0.0136375
0.0137621
0.0139383
0.0142257
0.0144525
0.0145002
0.0144466
0.0144347
0.0145978
0.0149065
0.015183
0.0153843
0.0156246
0.0159141
0.0161641
0.0163714
0.0165861
0.0167974
0.0169834
0.0171552
0.0173367
0.0175213
0.0177074
0.0179176
0.0181717
0.0184486
0.0187101
0.0189603
0.0192012
0.01942
0.0196567
0.0199297
0.0201813
0.0203909
0.0205964
0.02081
0.0210043
0.0211769
0.021398
0.0217063
0.022027
0.0223077
0.0226141
0.0229772
0.0233513
0.0237057
0.024022
0.0242396
0.0244236
0.024703
0.0251132
0.0255453
0.0259131
0.0262556
0.0266141
0.0269662
0.0273005
0.02768
0.0280754
0.0284884
0.0289077
0.0293485
0.0297718
0.0302077
0.0306442
0.0311059
0.0315841
0.0320808
0.032594
0.0331051
0.0336573
0.0341887
0.034736
0.0352572
0.0358235
0.0364083
0.0370075
0.0376134
0.0381921
0.0388034
0.0394241
0.0400428
0.0407109
0.0413364
0.042018
0.0426583
0.0432749
0.0439044
0.044349
0.032007
0.0261889
0.0180142
0.0121185
0.0104919
0.0113596
0.0123917
0.0129434
0.0131583
0.0132842
0.0134624
0.0136443
0.0137677
0.013943
0.0142301
0.0144568
0.0145042
0.01445
0.0144374
0.0146
0.0149086
0.0151851
0.0153861
0.0156262
0.0159157
0.0161655
0.0163727
0.0165873
0.0167985
0.0169844
0.0171562
0.0173377
0.0175222
0.0177083
0.0179185
0.0181726
0.0184495
0.018711
0.0189612
0.0192021
0.0194208
0.0196574
0.0199304
0.020182
0.0203916
0.020597
0.0208106
0.0210049
0.0211774
0.0213985
0.0217067
0.0220275
0.0223082
0.0226145
0.0229775
0.0233516
0.0237061
0.0240223
0.02424
0.0244239
0.0247032
0.0251134
0.0255456
0.0259134
0.0262558
0.0266143
0.0269664
0.0273007
0.0276802
0.0280756
0.0284886
0.0289079
0.0293487
0.029772
0.0302079
0.0306444
0.0311061
0.0315843
0.032081
0.0325941
0.0331052
0.0336575
0.0341888
0.0347361
0.0352573
0.0358236
0.0364084
0.0370076
0.0376135
0.0381922
0.0388035
0.0394242
0.0400429
0.040711
0.0413364
0.0420181
0.0426584
0.043275
0.0439045
0.0443491
0.0312922
0.0260668
0.0181934
0.0123852
0.0106438
0.0114131
0.0124173
0.0129648
0.0131768
0.0132987
0.0134734
0.0136529
0.0137744
0.0139484
0.0142347
0.014461
0.014508
0.0144534
0.0144402
0.0146023
0.0149107
0.0151872
0.0153879
0.0156279
0.0159173
0.0161669
0.0163738
0.0165884
0.0167996
0.0169854
0.0171571
0.0173385
0.017523
0.0177091
0.0179192
0.0181733
0.0184502
0.0187118
0.0189619
0.0192028
0.0194214
0.019658
0.0199311
0.0201826
0.0203922
0.0205976
0.0208111
0.0210055
0.0211779
0.0213989
0.0217072
0.0220279
0.0223086
0.0226149
0.0229779
0.023352
0.0237064
0.0240227
0.0242404
0.0244241
0.0247034
0.0251137
0.0255459
0.0259136
0.0262561
0.0266146
0.0269666
0.0273009
0.0276804
0.0280758
0.0284888
0.028908
0.0293489
0.0297721
0.0302081
0.0306445
0.0311062
0.0315844
0.0320811
0.0325942
0.0331054
0.0336576
0.034189
0.0347362
0.0352574
0.0358237
0.0364085
0.0370077
0.0376136
0.0381923
0.0388036
0.0394243
0.040043
0.0407111
0.0413365
0.0420182
0.0426585
0.043275
0.0439046
0.0443492
0.030619
0.0259402
0.0184115
0.0127144
0.0108468
0.0114849
0.0124514
0.0129957
0.0132056
0.0133221
0.0134905
0.0136655
0.0137846
0.0139567
0.014241
0.0144659
0.0145125
0.0144581
0.0144447
0.0146058
0.0149134
0.0151894
0.0153901
0.0156302
0.0159195
0.0161688
0.0163754
0.0165898
0.0168008
0.0169865
0.017158
0.0173394
0.0175238
0.0177097
0.0179198
0.018174
0.018451
0.0187125
0.0189626
0.0192035
0.0194222
0.0196587
0.0199317
0.0201833
0.0203928
0.0205982
0.0208117
0.021006
0.0211783
0.0213993
0.0217076
0.0220284
0.022309
0.0226152
0.0229782
0.0233523
0.0237068
0.0240232
0.0242408
0.0244243
0.0247035
0.0251139
0.0255462
0.0259139
0.0262563
0.0266148
0.0269668
0.0273011
0.0276806
0.028076
0.0284889
0.0289082
0.029349
0.0297723
0.0302082
0.0306447
0.0311063
0.0315845
0.0320812
0.0325944
0.0331055
0.0336577
0.0341891
0.0347363
0.0352575
0.0358238
0.0364086
0.0370078
0.0376137
0.0381924
0.0388037
0.0394244
0.040043
0.0407112
0.0413366
0.0420183
0.0426586
0.0432751
0.0439047
0.0443493
0.0299447
0.0257817
0.0186309
0.0130608
0.0110704
0.0115655
0.012489
0.0130332
0.013244
0.0133552
0.0135152
0.0136837
0.0137996
0.0139693
0.0142501
0.014472
0.0145182
0.0144653
0.0144524
0.0146118
0.014917
0.015192
0.0153931
0.0156335
0.0159226
0.0161713
0.0163776
0.0165918
0.0168027
0.0169881
0.0171593
0.0173404
0.0175245
0.0177103
0.0179204
0.0181747
0.0184517
0.0187132
0.0189633
0.0192043
0.0194229
0.0196594
0.0199324
0.020184
0.0203936
0.0205989
0.0208124
0.0210065
0.0211788
0.0213997
0.0217081
0.0220289
0.0223094
0.0226156
0.0229786
0.0233527
0.0237073
0.0240237
0.0242412
0.0244245
0.0247036
0.0251141
0.0255465
0.0259142
0.0262565
0.026615
0.0269671
0.0273013
0.0276808
0.0280762
0.0284891
0.0289083
0.0293492
0.0297725
0.0302084
0.0306448
0.0311065
0.0315847
0.0320814
0.0325945
0.0331056
0.0336578
0.0341892
0.0347365
0.0352576
0.0358239
0.0364088
0.0370079
0.0376138
0.0381925
0.0388038
0.0394245
0.0400431
0.0407113
0.0413367
0.0420183
0.0426587
0.0432752
0.0439049
0.0443494
0.0292657
0.0255892
0.0188422
0.0134108
0.011305
0.0116507
0.0125257
0.013072
0.0132875
0.0133948
0.0135455
0.0137061
0.0138186
0.0139856
0.0142617
0.0144794
0.0145253
0.0144752
0.014464
0.0146212
0.0149223
0.0151952
0.0153969
0.0156381
0.0159266
0.0161745
0.0163804
0.0165945
0.0168053
0.0169905
0.0171613
0.0173419
0.0175255
0.0177109
0.0179209
0.0181753
0.0184524
0.0187138
0.0189637
0.0192049
0.0194238
0.0196603
0.0199332
0.0201848
0.0203945
0.0205999
0.0208132
0.0210072
0.0211793
0.0214003
0.0217086
0.0220294
0.0223099
0.0226161
0.0229791
0.0233532
0.0237078
0.0240243
0.0242417
0.0244248
0.0247038
0.0251145
0.0255469
0.0259146
0.0262568
0.0266153
0.0269673
0.0273015
0.027681
0.0280764
0.0284893
0.0289085
0.0293494
0.0297726
0.0302085
0.030645
0.0311066
0.0315848
0.0320815
0.0325947
0.0331057
0.033658
0.0341894
0.0347366
0.0352578
0.035824
0.0364089
0.037008
0.0376139
0.0381926
0.0388039
0.0394246
0.0400432
0.0407114
0.0413368
0.0420184
0.0426589
0.0432753
0.0439052
0.0443496
0.0285891
0.0253683
0.0190424
0.0137601
0.0115487
0.0117408
0.0125614
0.0131108
0.0133339
0.0134384
0.0135794
0.0137314
0.0138401
0.0140043
0.014275
0.0144877
0.0145335
0.0144875
0.014479
0.0146337
0.0149294
0.0151995
0.0154018
0.0156437
0.0159314
0.0161782
0.0163836
0.0165977
0.0168084
0.0169936
0.0171642
0.0173442
0.0175271
0.0177117
0.0179215
0.018176
0.0184531
0.0187142
0.0189639
0.0192053
0.0194246
0.0196612
0.0199339
0.0201855
0.0203956
0.0206012
0.0208142
0.0210079
0.02118
0.021401
0.0217093
0.0220299
0.0223104
0.0226166
0.0229796
0.0233537
0.0237084
0.0240251
0.0242423
0.0244251
0.024704
0.0251148
0.0255474
0.025915
0.0262572
0.0266157
0.0269677
0.0273017
0.0276812
0.0280766
0.0284895
0.0289088
0.0293496
0.0297728
0.0302087
0.0306451
0.0311068
0.031585
0.0320817
0.0325948
0.0331059
0.0336581
0.0341895
0.0347368
0.0352579
0.0358241
0.036409
0.0370081
0.0376141
0.0381927
0.038804
0.0394247
0.0400433
0.0407115
0.0413369
0.0420185
0.042659
0.0432755
0.0439055
0.0443498
0.0279237
0.0251214
0.0192262
0.0141048
0.0118012
0.0118381
0.0125972
0.0131494
0.0133824
0.0134851
0.013616
0.0137587
0.0138632
0.0140244
0.0142895
0.0144968
0.0145425
0.0145011
0.0144961
0.0146484
0.0149381
0.0152048
0.0154077
0.0156502
0.0159369
0.0161823
0.0163871
0.016601
0.0168118
0.0169971
0.0171678
0.0173475
0.0175294
0.0177132
0.0179225
0.0181768
0.0184539
0.0187145
0.0189638
0.0192054
0.0194254
0.019662
0.0199343
0.0201861
0.0203969
0.0206028
0.0208155
0.0210088
0.021181
0.0214021
0.0217101
0.0220305
0.022311
0.0226172
0.0229801
0.0233541
0.0237091
0.0240259
0.024243
0.0244254
0.0247043
0.0251153
0.025548
0.0259155
0.0262577
0.0266161
0.0269681
0.0273021
0.0276816
0.0280769
0.0284898
0.028909
0.0293499
0.0297731
0.0302089
0.0306454
0.031107
0.0315851
0.0320818
0.032595
0.033106
0.0336583
0.0341897
0.0347369
0.035258
0.0358243
0.0364092
0.0370083
0.0376142
0.0381928
0.0388041
0.0394249
0.0400434
0.0407116
0.041337
0.0420186
0.0426593
0.0432757
0.0439058
0.0443501
0.0272756
0.0248479
0.0193886
0.0144434
0.0120637
0.0119449
0.0126344
0.0131873
0.0134324
0.0135346
0.0136551
0.0137875
0.0138874
0.0140457
0.014305
0.0145067
0.0145521
0.0145153
0.0145144
0.0146645
0.0149481
0.0152112
0.0154145
0.0156575
0.0159427
0.0161865
0.0163907
0.0166044
0.016815
0.0170006
0.0171717
0.0173514
0.0175327
0.0177155
0.017924
0.0181781
0.0184549
0.018715
0.0189636
0.0192054
0.0194261
0.0196627
0.0199344
0.0201862
0.020398
0.0206046
0.0208169
0.0210099
0.0211824
0.0214037
0.0217113
0.0220313
0.0223117
0.0226178
0.0229805
0.0233545
0.0237097
0.0240269
0.0242438
0.0244259
0.0247047
0.0251159
0.0255487
0.0259161
0.0262583
0.0266166
0.0269685
0.0273025
0.027682
0.0280773
0.0284902
0.0289094
0.0293502
0.0297733
0.0302092
0.0306456
0.0311072
0.0315853
0.032082
0.0325952
0.0331062
0.0336585
0.0341899
0.0347371
0.0352582
0.0358244
0.0364093
0.0370084
0.0376144
0.038193
0.0388042
0.039425
0.0400435
0.0407117
0.0413372
0.0420187
0.0426595
0.043276
0.0439062
0.0443505
0.0266476
0.0245485
0.0195278
0.014776
0.0123367
0.0120627
0.012673
0.0132236
0.0134833
0.0135866
0.0136964
0.0138177
0.0139125
0.0140679
0.0143215
0.0145174
0.014562
0.0145299
0.0145331
0.0146814
0.014959
0.0152185
0.0154221
0.0156654
0.015949
0.016191
0.0163945
0.0166077
0.016818
0.0170038
0.0171755
0.0173556
0.0175366
0.0177185
0.0179263
0.0181799
0.0184563
0.0187156
0.0189635
0.0192053
0.0194267
0.0196633
0.0199342
0.020186
0.020399
0.0206063
0.0208183
0.021011
0.021184
0.0214058
0.0217129
0.0220324
0.0223128
0.0226186
0.0229807
0.0233545
0.0237102
0.0240278
0.0242447
0.0244266
0.0247053
0.0251166
0.0255494
0.0259168
0.026259
0.0266173
0.0269691
0.0273031
0.0276826
0.0280778
0.0284906
0.0289099
0.0293506
0.0297737
0.0302095
0.0306459
0.0311074
0.0315855
0.0320822
0.0325954
0.0331064
0.0336587
0.03419
0.0347373
0.0352584
0.0358245
0.0364095
0.0370086
0.0376146
0.0381931
0.0388044
0.0394252
0.0400437
0.0407119
0.0413374
0.0420188
0.0426598
0.0432764
0.0439067
0.0443509
0.0260422
0.0242272
0.0196439
0.015102
0.0126191
0.012192
0.012714
0.0132581
0.0135343
0.0136411
0.0137399
0.0138491
0.0139384
0.014091
0.014339
0.0145288
0.0145723
0.0145446
0.0145522
0.014699
0.0149706
0.0152263
0.0154302
0.0156737
0.0159555
0.0161957
0.0163983
0.0166112
0.0168209
0.0170067
0.0171791
0.0173598
0.0175408
0.0177222
0.0179292
0.0181821
0.0184579
0.0187165
0.0189635
0.0192053
0.0194275
0.0196639
0.0199337
0.0201854
0.0203996
0.0206078
0.0208195
0.0210119
0.0211858
0.0214083
0.0217151
0.022034
0.0223143
0.0226198
0.0229809
0.0233541
0.0237101
0.0240283
0.0242456
0.0244273
0.0247061
0.0251175
0.0255501
0.0259175
0.0262597
0.026618
0.0269698
0.0273039
0.0276833
0.0280784
0.0284912
0.0289104
0.0293512
0.0297742
0.03021
0.0306463
0.0311077
0.0315858
0.0320824
0.0325956
0.0331066
0.0336589
0.0341902
0.0347374
0.0352585
0.0358247
0.0364096
0.0370088
0.0376148
0.0381933
0.0388045
0.0394253
0.0400438
0.040712
0.0413376
0.0420188
0.0426602
0.0432769
0.0439072
0.0443513
0.0254616
0.0238887
0.0197358
0.0154186
0.0129094
0.0123343
0.012759
0.0132908
0.0135849
0.0136975
0.0137857
0.0138819
0.0139651
0.0141149
0.0143575
0.014541
0.014583
0.0145595
0.0145716
0.0147172
0.014983
0.0152349
0.0154389
0.0156826
0.0159623
0.0162005
0.0164024
0.0166147
0.0168238
0.0170096
0.0171826
0.017364
0.0175452
0.0177263
0.0179326
0.0181847
0.0184598
0.0187174
0.0189635
0.0192054
0.0194284
0.0196646
0.0199331
0.0201845
0.0204
0.0206091
0.0208204
0.0210125
0.0211874
0.0214111
0.0217175
0.022036
0.0223165
0.0226215
0.0229813
0.0233535
0.0237096
0.0240283
0.024246
0.0244281
0.0247071
0.0251187
0.0255511
0.0259182
0.0262605
0.0266186
0.0269705
0.0273047
0.0276841
0.0280791
0.0284919
0.0289111
0.0293518
0.0297748
0.0302106
0.0306469
0.0311082
0.0315861
0.0320827
0.0325959
0.0331068
0.0336591
0.0341905
0.0347376
0.0352587
0.0358248
0.0364098
0.037009
0.037615
0.0381935
0.0388047
0.0394255
0.040044
0.0407122
0.0413379
0.0420189
0.0426606
0.0432775
0.0439078
0.0443518
0.0249072
0.0235371
0.0198015
0.0157228
0.0132064
0.0124916
0.01281
0.0133217
0.0136342
0.0137558
0.0138341
0.0139164
0.0139927
0.0141397
0.0143769
0.014554
0.0145941
0.0145747
0.0145917
0.0147364
0.0149963
0.0152443
0.0154484
0.0156919
0.0159695
0.0162055
0.0164066
0.0166183
0.0168267
0.0170124
0.017186
0.0173682
0.0175498
0.0177307
0.0179364
0.0181878
0.0184619
0.0187185
0.0189637
0.0192057
0.0194294
0.0196653
0.0199325
0.0201834
0.0204001
0.02061
0.0208209
0.0210127
0.0211889
0.0214138
0.0217201
0.0220383
0.0223191
0.0226238
0.0229821
0.0233527
0.0237084
0.0240274
0.0242457
0.0244285
0.0247083
0.0251203
0.0255522
0.025919
0.0262612
0.0266192
0.0269711
0.0273056
0.0276851
0.02808
0.0284928
0.028912
0.0293526
0.0297756
0.0302114
0.0306476
0.0311088
0.0315866
0.0320831
0.0325962
0.0331071
0.0336594
0.0341908
0.0347379
0.0352589
0.035825
0.03641
0.0370091
0.0376152
0.0381936
0.0388048
0.0394257
0.0400442
0.0407123
0.0413382
0.0420189
0.0426612
0.0432783
0.0439084
0.0443524
0.0243789
0.0231755
0.0198405
0.0160125
0.0135084
0.012665
0.0128692
0.0133514
0.0136815
0.0138155
0.0138853
0.0139529
0.0140213
0.0141654
0.0143973
0.0145677
0.0146057
0.0145905
0.0146127
0.0147569
0.0150109
0.0152546
0.0154586
0.0157019
0.015977
0.0162108
0.0164111
0.0166222
0.0168298
0.0170152
0.0171896
0.0173725
0.0175544
0.0177353
0.0179407
0.0181912
0.0184643
0.0187197
0.0189639
0.019206
0.0194306
0.0196662
0.0199318
0.0201821
0.0204
0.0206108
0.0208211
0.0210126
0.0211901
0.0214165
0.0217227
0.0220407
0.022322
0.0226266
0.0229832
0.023352
0.0237068
0.0240258
0.0242447
0.0244283
0.0247093
0.0251222
0.0255538
0.02592
0.0262619
0.0266197
0.0269717
0.0273064
0.027686
0.028081
0.0284938
0.0289129
0.0293534
0.0297764
0.0302123
0.0306486
0.0311096
0.0315872
0.0320836
0.0325966
0.0331074
0.0336597
0.0341911
0.0347382
0.0352591
0.0358251
0.0364101
0.0370093
0.0376154
0.0381938
0.038805
0.0394259
0.0400444
0.0407124
0.0413385
0.0420189
0.0426617
0.0432793
0.0439091
0.0443531
0.0238758
0.0228076
0.0198538
0.0162855
0.0138125
0.0128546
0.0129391
0.0133811
0.0137264
0.0138758
0.0139392
0.0139915
0.0140513
0.0141921
0.0144188
0.0145823
0.0146179
0.0146072
0.0146353
0.0147792
0.0150271
0.0152661
0.0154696
0.0157125
0.0159849
0.0162163
0.0164158
0.0166263
0.016833
0.0170183
0.0171934
0.0173771
0.0175593
0.0177402
0.0179453
0.0181951
0.0184669
0.0187209
0.0189641
0.0192064
0.0194319
0.0196673
0.0199311
0.0201808
0.0203996
0.0206113
0.0208211
0.0210123
0.0211911
0.021419
0.0217252
0.022043
0.022325
0.0226295
0.0229845
0.0233512
0.0237047
0.0240235
0.0242429
0.0244274
0.02471
0.0251241
0.0255556
0.0259212
0.0262627
0.0266202
0.026972
0.027307
0.0276869
0.028082
0.028495
0.0289141
0.0293543
0.0297772
0.0302133
0.0306498
0.0311106
0.031588
0.0320842
0.0325971
0.0331078
0.03366
0.0341915
0.0347386
0.0352595
0.0358253
0.0364102
0.0370094
0.0376156
0.0381941
0.0388052
0.0394261
0.0400445
0.0407125
0.0413389
0.0420188
0.0426623
0.0432803
0.0439098
0.0443539
0.0233977
0.0224375
0.0198424
0.0165391
0.0141149
0.0130597
0.0130221
0.0134127
0.0137682
0.0139355
0.0139952
0.0140325
0.0140829
0.0142201
0.0144415
0.0145978
0.0146309
0.014625
0.0146598
0.0148037
0.015045
0.0152788
0.0154816
0.0157237
0.0159932
0.0162221
0.0164208
0.0166307
0.0168365
0.0170216
0.0171975
0.0173819
0.0175644
0.0177455
0.0179504
0.0181994
0.0184698
0.0187223
0.0189642
0.0192067
0.0194333
0.0196684
0.0199305
0.0201793
0.0203992
0.0206117
0.020821
0.0210119
0.0211921
0.0214217
0.0217278
0.0220452
0.0223279
0.0226326
0.022986
0.0233504
0.0237022
0.0240206
0.0242407
0.0244261
0.0247103
0.025126
0.0255576
0.0259225
0.0262635
0.0266205
0.0269723
0.0273076
0.0276877
0.0280829
0.0284962
0.0289153
0.0293552
0.029778
0.0302144
0.0306511
0.0311119
0.031589
0.032085
0.0325977
0.0331082
0.0336603
0.0341918
0.034739
0.03526
0.0358256
0.0364103
0.0370094
0.0376158
0.0381943
0.0388054
0.0394263
0.0400447
0.0407125
0.0413392
0.0420187
0.042663
0.0432815
0.0439106
0.0443547
0.022945
0.0220687
0.0198071
0.0167711
0.0144127
0.0132788
0.0131202
0.013448
0.0138068
0.0139936
0.014053
0.014076
0.0141164
0.0142497
0.0144654
0.0146143
0.0146448
0.0146444
0.0146865
0.0148306
0.0150647
0.0152927
0.0154944
0.0157356
0.0160019
0.0162283
0.0164261
0.0166354
0.0168402
0.0170252
0.0172019
0.0173869
0.0175698
0.0177511
0.017956
0.0182041
0.018473
0.0187237
0.0189644
0.0192071
0.0194349
0.0196698
0.0199299
0.0201778
0.0203986
0.0206119
0.0208209
0.0210115
0.0211933
0.0214244
0.0217304
0.0220474
0.0223307
0.0226357
0.0229875
0.0233495
0.0236994
0.0240171
0.0242379
0.0244249
0.0247106
0.0251275
0.0255594
0.0259238
0.0262642
0.0266209
0.0269726
0.0273082
0.0276885
0.0280838
0.0284974
0.0289166
0.0293562
0.0297788
0.0302154
0.0306525
0.0311133
0.0315901
0.0320859
0.0325984
0.0331087
0.0336605
0.0341921
0.0347395
0.0352605
0.0358259
0.0364104
0.0370094
0.0376159
0.0381945
0.0388056
0.0394265
0.040045
0.0407126
0.0413396
0.0420185
0.0426636
0.0432829
0.0439114
0.0443555
0.0225172
0.0217031
0.0197485
0.0169813
0.0147033
0.0135084
0.0132341
0.0134893
0.0138429
0.0140494
0.014112
0.0141221
0.014152
0.0142809
0.0144907
0.0146319
0.0146598
0.0146655
0.0147155
0.0148598
0.0150862
0.0153077
0.0155081
0.0157482
0.0160112
0.0162348
0.0164317
0.0166404
0.0168443
0.0170291
0.0172066
0.0173923
0.0175755
0.0177571
0.017962
0.0182093
0.0184765
0.0187252
0.0189646
0.0192075
0.0194365
0.0196712
0.0199294
0.0201762
0.0203979
0.0206121
0.0208207
0.0210114
0.021195
0.0214275
0.0217332
0.0220496
0.0223335
0.0226387
0.022989
0.0233486
0.0236963
0.0240133
0.0242355
0.0244242
0.0247113
0.0251288
0.0255608
0.0259249
0.0262649
0.0266212
0.0269729
0.0273088
0.0276893
0.0280847
0.0284986
0.028918
0.0293573
0.0297796
0.0302164
0.0306539
0.0311148
0.0315913
0.0320869
0.0325993
0.0331093
0.0336607
0.0341923
0.0347399
0.0352612
0.0358264
0.0364106
0.0370093
0.0376159
0.0381947
0.0388059
0.0394267
0.0400452
0.0407125
0.04134
0.0420183
0.0426643
0.0432843
0.0439122
0.0443564
0.0221127
0.0213423
0.0196687
0.0171707
0.0149843
0.0137441
0.0133639
0.0135397
0.0138781
0.0141024
0.014171
0.0141701
0.0141898
0.014314
0.0145177
0.0146506
0.014676
0.014688
0.0147466
0.0148911
0.0151092
0.0153237
0.0155225
0.0157615
0.0160211
0.0162417
0.0164377
0.0166457
0.0168486
0.0170332
0.0172115
0.0173979
0.0175815
0.0177635
0.0179683
0.0182147
0.0184803
0.0187269
0.0189647
0.0192078
0.0194382
0.0196728
0.019929
0.0201747
0.0203972
0.0206124
0.0208208
0.0210118
0.0211972
0.0214312
0.0217362
0.0220519
0.0223363
0.0226417
0.0229905
0.0233478
0.023693
0.0240094
0.0242334
0.0244246
0.0247129
0.0251301
0.0255617
0.0259257
0.0262655
0.0266216
0.0269732
0.0273095
0.0276903
0.0280857
0.0284998
0.0289193
0.0293583
0.0297804
0.0302175
0.0306553
0.0311164
0.0315927
0.032088
0.0326002
0.03311
0.033661
0.0341925
0.0347403
0.0352619
0.0358271
0.0364108
0.0370091
0.0376158
0.0381948
0.0388062
0.039427
0.0400455
0.0407125
0.0413404
0.0420181
0.0426649
0.0432858
0.043913
0.0443572
0.0217304
0.0209889
0.0195696
0.0173392
0.0152532
0.0139818
0.0135092
0.0136016
0.0139143
0.0141521
0.0142289
0.0142196
0.0142298
0.0143494
0.0145467
0.0146709
0.0146931
0.0147119
0.0147794
0.0149241
0.0151335
0.0153405
0.0155376
0.0157756
0.0160316
0.016249
0.016444
0.0166513
0.0168533
0.0170376
0.0172166
0.0174038
0.0175879
0.0177702
0.017975
0.0182205
0.0184843
0.0187288
0.018965
0.0192082
0.01944
0.0196746
0.0199285
0.0201731
0.0203965
0.0206127
0.0208211
0.0210126
0.0212001
0.0214354
0.0217396
0.0220542
0.022339
0.0226447
0.022992
0.0233469
0.0236898
0.0240054
0.0242319
0.0244263
0.0247159
0.0251316
0.0255621
0.0259261
0.0262659
0.0266219
0.0269737
0.0273104
0.0276915
0.0280868
0.0285011
0.0289206
0.0293594
0.0297813
0.0302185
0.0306567
0.031118
0.0315941
0.0320892
0.0326013
0.0331108
0.0336613
0.0341927
0.0347406
0.0352627
0.0358278
0.0364111
0.0370089
0.0376157
0.038195
0.0388064
0.0394272
0.0400458
0.0407125
0.0413409
0.0420178
0.0426656
0.0432875
0.0439139
0.0443581
0.0213698
0.0206461
0.0194521
0.0174862
0.015509
0.0142186
0.0136685
0.0136771
0.0139537
0.0141987
0.0142846
0.0142695
0.0142718
0.0143873
0.014578
0.0146928
0.0147113
0.0147367
0.0148135
0.0149585
0.0151588
0.015358
0.0155534
0.0157904
0.0160427
0.0162569
0.0164507
0.0166574
0.0168582
0.0170422
0.0172219
0.0174099
0.0175944
0.0177771
0.0179818
0.0182264
0.0184886
0.0187309
0.0189654
0.0192087
0.0194419
0.0196764
0.0199282
0.0201715
0.0203958
0.0206131
0.0208218
0.0210141
0.0212039
0.0214403
0.0217433
0.0220567
0.0223417
0.0226476
0.0229936
0.0233461
0.0236865
0.0240016
0.024231
0.0244295
0.0247203
0.0251335
0.0255622
0.0259261
0.0262662
0.0266222
0.0269742
0.0273115
0.027693
0.0280883
0.0285025
0.0289218
0.0293604
0.0297822
0.0302196
0.0306582
0.0311197
0.0315956
0.0320904
0.0326024
0.0331117
0.0336616
0.0341928
0.034741
0.0352634
0.0358286
0.0364114
0.0370088
0.0376156
0.038195
0.0388067
0.0394275
0.0400462
0.0407125
0.0413414
0.0420176
0.0426663
0.0432892
0.0439149
0.0443591
0.0210298
0.0203173
0.0193172
0.0176105
0.0157515
0.0144522
0.0138386
0.0137672
0.0139989
0.0142432
0.0143374
0.0143188
0.0143155
0.0144281
0.014612
0.0147165
0.0147305
0.0147621
0.0148486
0.0149941
0.015185
0.015376
0.0155698
0.015806
0.0160546
0.0162652
0.0164577
0.0166637
0.0168636
0.0170472
0.0172275
0.0174162
0.0176013
0.0177842
0.0179888
0.0182326
0.018493
0.0187332
0.0189658
0.0192091
0.0194439
0.0196783
0.0199278
0.0201698
0.0203952
0.0206137
0.0208227
0.0210161
0.0212083
0.0214458
0.0217474
0.0220593
0.0223445
0.0226506
0.0229952
0.0233453
0.0236833
0.0239979
0.0242306
0.0244341
0.0247261
0.0251361
0.0255621
0.025926
0.0262664
0.0266226
0.0269749
0.0273129
0.0276947
0.0280899
0.0285039
0.0289231
0.0293615
0.0297831
0.0302208
0.0306597
0.0311214
0.0315972
0.0320917
0.0326036
0.0331126
0.0336621
0.0341929
0.0347412
0.0352642
0.0358295
0.0364119
0.0370086
0.0376154
0.0381951
0.038807
0.0394278
0.0400465
0.0407125
0.0413418
0.0420174
0.042667
0.043291
0.0439159
0.04436
0.0207062
0.0200066
0.0191681
0.0177103
0.0159812
0.0146813
0.0140156
0.0138721
0.0140529
0.0142872
0.0143869
0.0143664
0.01436
0.0144715
0.0146491
0.0147425
0.0147508
0.0147881
0.0148843
0.0150307
0.0152121
0.0153946
0.0155868
0.0158224
0.0160673
0.016274
0.0164652
0.0166705
0.0168693
0.0170525
0.0172334
0.0174229
0.0176083
0.0177914
0.0179958
0.0182388
0.0184977
0.0187357
0.0189664
0.0192097
0.0194459
0.0196804
0.0199275
0.0201682
0.0203947
0.0206145
0.0208239
0.0210186
0.0212134
0.0214519
0.0217518
0.0220621
0.0223473
0.0226535
0.0229968
0.0233446
0.0236802
0.0239943
0.0242306
0.0244397
0.0247329
0.0251391
0.025562
0.0259256
0.0262667
0.026623
0.0269758
0.0273146
0.0276968
0.0280919
0.0285055
0.0289243
0.0293625
0.0297842
0.030222
0.0306613
0.0311232
0.0315989
0.0320931
0.0326048
0.0331137
0.0336626
0.034193
0.0347415
0.035265
0.0358305
0.0364124
0.0370085
0.0376152
0.0381952
0.0388074
0.0394281
0.0400469
0.0407124
0.0413423
0.0420172
0.0426677
0.0432929
0.0439171
0.0443611
0.0203921
0.0197165
0.0190113
0.0177837
0.0161971
0.0149056
0.0141956
0.0139907
0.0141179
0.0143328
0.0144333
0.0144115
0.0144043
0.0145174
0.0146896
0.0147709
0.0147723
0.0148146
0.0149207
0.0150682
0.01524
0.0154137
0.0156044
0.0158397
0.0160807
0.0162835
0.016473
0.0166777
0.0168755
0.0170581
0.0172396
0.0174298
0.0176156
0.0177987
0.0180029
0.0182452
0.0185025
0.0187384
0.0189672
0.0192103
0.0194481
0.0196825
0.0199273
0.0201666
0.0203942
0.0206154
0.0208254
0.0210213
0.0212188
0.0214585
0.0217566
0.022065
0.0223502
0.0226565
0.0229983
0.0233438
0.0236773
0.023991
0.024231
0.0244459
0.0247404
0.0251425
0.0255618
0.0259252
0.0262669
0.0266235
0.0269767
0.0273165
0.0276991
0.028094
0.0285072
0.0289256
0.0293636
0.0297852
0.0302234
0.0306629
0.0311252
0.0316007
0.0320946
0.0326061
0.0331149
0.0336632
0.0341931
0.0347418
0.0352659
0.0358315
0.036413
0.0370084
0.037615
0.0381953
0.0388077
0.0394284
0.0400473
0.0407124
0.0413428
0.0420171
0.0426684
0.0432949
0.0439184
0.0443622
0.0200792
0.0194457
0.0188557
0.0178301
0.0163962
0.015126
0.0143762
0.0141207
0.0141958
0.0143824
0.0144771
0.0144533
0.0144473
0.0145651
0.0147337
0.0148023
0.0147952
0.0148416
0.0149575
0.0151064
0.0152687
0.0154334
0.0156227
0.0158578
0.016095
0.0162935
0.0164814
0.0166853
0.016882
0.0170642
0.0172462
0.0174371
0.0176231
0.0178061
0.0180101
0.0182517
0.0185076
0.0187414
0.018968
0.0192109
0.0194504
0.0196849
0.0199271
0.0201649
0.0203938
0.0206166
0.020827
0.0210244
0.0212246
0.0214654
0.0217617
0.022068
0.0223532
0.0226596
0.0229999
0.023343
0.0236744
0.0239878
0.0242316
0.0244524
0.0247483
0.0251462
0.0255617
0.0259248
0.0262672
0.026624
0.0269778
0.0273185
0.0277016
0.0280963
0.028509
0.0289269
0.0293647
0.0297864
0.0302248
0.0306647
0.0311272
0.0316025
0.0320961
0.0326074
0.0331161
0.0336639
0.0341933
0.0347421
0.0352667
0.0358325
0.0364136
0.0370084
0.0376148
0.0381955
0.038808
0.0394287
0.0400478
0.0407124
0.0413434
0.042017
0.0426691
0.0432971
0.0439199
0.0443634
0.0197604
0.0191864
0.0187108
0.0178538
0.016573
0.0153429
0.0145571
0.014258
0.0142873
0.0144391
0.0145195
0.0144914
0.0144881
0.0146138
0.0147814
0.0148371
0.0148196
0.0148692
0.0149951
0.0151455
0.0152981
0.0154538
0.0156416
0.0158769
0.0161102
0.0163042
0.0164901
0.0166934
0.016889
0.0170706
0.0172531
0.0174447
0.0176309
0.0178137
0.0180175
0.0182585
0.0185129
0.0187445
0.018969
0.0192116
0.0194527
0.0196874
0.019927
0.0201633
0.0203935
0.0206179
0.0208289
0.0210275
0.0212306
0.0214727
0.021767
0.0220711
0.0223562
0.0226627
0.0230015
0.0233423
0.0236717
0.0239847
0.0242323
0.0244591
0.0247564
0.02515
0.0255617
0.0259244
0.0262675
0.0266246
0.0269789
0.0273207
0.0277043
0.0280987
0.0285108
0.0289283
0.0293659
0.0297876
0.0302263
0.0306665
0.0311293
0.0316045
0.0320976
0.0326087
0.0331174
0.0336646
0.0341935
0.0347424
0.0352677
0.0358337
0.0364143
0.0370084
0.0376146
0.0381956
0.0388084
0.039429
0.0400482
0.0407124
0.0413439
0.042017
0.0426698
0.0432993
0.0439215
0.0443646
0.0194355
0.018926
0.0185814
0.0178647
0.0167219
0.0155539
0.0147401
0.0143988
0.0143912
0.0145059
0.0145623
0.0145257
0.0145259
0.0146625
0.0148323
0.0148755
0.0148459
0.0148975
0.0150335
0.0151855
0.0153282
0.0154747
0.0156614
0.0158969
0.0161263
0.0163156
0.0164995
0.0167019
0.0168965
0.0170776
0.0172604
0.0174527
0.017639
0.0178214
0.0180249
0.0182654
0.0185185
0.0187479
0.0189701
0.0192124
0.0194552
0.01969
0.019927
0.0201617
0.0203932
0.0206195
0.020831
0.0210308
0.0212367
0.0214802
0.0217725
0.0220743
0.0223594
0.0226659
0.0230031
0.0233416
0.023669
0.0239818
0.0242331
0.0244659
0.0247646
0.025154
0.0255618
0.0259241
0.0262679
0.0266252
0.0269801
0.027323
0.0277071
0.0281012
0.0285128
0.0289298
0.0293671
0.0297889
0.0302279
0.0306685
0.0311315
0.0316066
0.0320993
0.0326102
0.0331188
0.0336654
0.0341937
0.0347428
0.0352686
0.0358348
0.0364151
0.0370085
0.0376145
0.0381958
0.0388088
0.0394293
0.0400487
0.0407124
0.0413444
0.042017
0.0426705
0.0433016
0.0439233
0.044366
0.0191149
0.0186503
0.0184623
0.0178774
0.0168414
0.0157521
0.0149282
0.014541
0.0145044
0.0145852
0.014608
0.0145565
0.0145603
0.0147102
0.0148857
0.0149177
0.0148746
0.0149266
0.0150727
0.0152268
0.015359
0.0154959
0.0156818
0.015918
0.0161434
0.0163276
0.0165093
0.0167109
0.0169045
0.0170849
0.0172681
0.0174611
0.0176474
0.0178293
0.0180324
0.0182725
0.0185244
0.0187515
0.0189713
0.0192133
0.0194579
0.0196928
0.0199271
0.02016
0.0203931
0.0206213
0.0208333
0.021034
0.0212428
0.0214879
0.0217782
0.0220777
0.0223626
0.0226692
0.0230048
0.0233408
0.0236664
0.023979
0.024234
0.0244725
0.0247727
0.025158
0.0255619
0.0259238
0.0262684
0.0266258
0.0269814
0.0273254
0.02771
0.0281038
0.0285147
0.0289313
0.0293684
0.0297902
0.0302295
0.0306705
0.0311339
0.0316087
0.032101
0.0326117
0.0331202
0.0336663
0.0341941
0.0347432
0.0352696
0.035836
0.0364158
0.0370086
0.0376143
0.038196
0.0388092
0.0394297
0.0400492
0.0407124
0.041345
0.042017
0.0426712
0.0433041
0.0439252
0.0443674
0.0188168
0.018353
0.0183377
0.0179049
0.0169387
0.0159272
0.0151219
0.0146868
0.0146216
0.0146778
0.0146605
0.0145842
0.0145906
0.0147564
0.0149407
0.0149634
0.0149057
0.0149567
0.0151128
0.0152694
0.0153907
0.0155173
0.0157028
0.0159403
0.0161616
0.0163404
0.0165196
0.0167205
0.016913
0.0170927
0.0172763
0.0174699
0.017656
0.0178374
0.0180402
0.0182798
0.0185306
0.0187554
0.0189727
0.0192142
0.0194607
0.0196959
0.0199272
0.0201584
0.0203931
0.0206233
0.0208358
0.0210373
0.021249
0.0214957
0.0217841
0.0220812
0.022366
0.0226727
0.0230065
0.0233401
0.0236639
0.0239764
0.024235
0.0244791
0.0247807
0.025162
0.0255622
0.0259237
0.0262689
0.0266266
0.0269827
0.0273278
0.0277129
0.0281064
0.0285168
0.0289329
0.0293698
0.0297916
0.0302312
0.0306725
0.0311362
0.0316109
0.0321028
0.0326132
0.0331217
0.0336671
0.0341944
0.0347437
0.0352706
0.0358372
0.0364166
0.0370086
0.0376142
0.0381962
0.0388096
0.03943
0.0400497
0.0407124
0.0413455
0.0420171
0.042672
0.0433067
0.0439274
0.0443688
0.0185578
0.0180444
0.018188
0.0179503
0.0170295
0.0160699
0.0153159
0.0148417
0.0147383
0.014781
0.0147243
0.0146102
0.0146159
0.0148008
0.0149967
0.0150121
0.0149394
0.014988
0.0151538
0.0153135
0.0154237
0.015539
0.0157239
0.0159638
0.0161812
0.016354
0.0165304
0.0167306
0.0169222
0.017101
0.0172848
0.0174791
0.0176651
0.0178457
0.018048
0.0182874
0.0185371
0.0187597
0.0189742
0.0192152
0.0194636
0.0196991
0.0199275
0.0201568
0.0203931
0.0206255
0.0208384
0.0210406
0.0212551
0.0215037
0.0217902
0.0220848
0.0223694
0.0226762
0.0230084
0.0233394
0.0236615
0.0239739
0.024236
0.0244855
0.0247885
0.025166
0.0255625
0.0259235
0.0262695
0.0266273
0.026984
0.0273303
0.027716
0.0281091
0.0285189
0.0289346
0.0293712
0.0297931
0.030233
0.0306747
0.0311387
0.0316132
0.0321047
0.0326148
0.0331232
0.0336681
0.0341948
0.0347442
0.0352717
0.0358384
0.0364173
0.0370088
0.0376141
0.0381964
0.0388101
0.0394303
0.0400503
0.0407125
0.0413461
0.0420173
0.0426727
0.0433094
0.0439297
0.0443704
0.0183434
0.0177476
0.0179978
0.0180006
0.0171342
0.0161796
0.0154967
0.0150111
0.0148549
0.0148894
0.0148028
0.0146384
0.0146352
0.0148428
0.0150537
0.0150631
0.0149753
0.0150204
0.0151961
0.0153592
0.0154581
0.0155612
0.0157451
0.015988
0.0162021
0.0163685
0.0165418
0.0167412
0.0169319
0.0171099
0.0172938
0.0174886
0.0176745
0.0178542
0.0180561
0.0182951
0.0185438
0.0187642
0.0189759
0.0192162
0.0194667
0.0197026
0.0199278
0.0201551
0.0203933
0.0206281
0.0208413
0.0210439
0.0212611
0.0215118
0.0217965
0.0220884
0.0223729
0.0226799
0.0230102
0.0233387
0.0236592
0.0239717
0.0242371
0.0244918
0.0247963
0.0251701
0.0255629
0.0259235
0.0262701
0.0266282
0.0269854
0.0273328
0.0277191
0.0281118
0.0285211
0.0289364
0.0293728
0.0297947
0.0302349
0.0306769
0.0311412
0.0316155
0.0321066
0.0326165
0.0331248
0.033669
0.0341952
0.0347447
0.0352727
0.0358397
0.0364181
0.0370089
0.037614
0.0381967
0.0388106
0.0394306
0.0400509
0.0407125
0.0413467
0.0420176
0.0426734
0.0433122
0.0439323
0.044372
0.0181628
0.0174868
0.017767
0.0180316
0.0172687
0.0162691
0.0156482
0.0151946
0.0149779
0.0149957
0.0148954
0.0146745
0.014648
0.014881
0.0151119
0.015116
0.0150128
0.0150538
0.0152397
0.0154069
0.015494
0.015584
0.0157664
0.0160128
0.0162245
0.0163843
0.0165537
0.0167523
0.0169423
0.0171194
0.0173033
0.0174986
0.0176842
0.0178629
0.0180643
0.0183031
0.018551
0.0187691
0.0189778
0.0192174
0.01947
0.0197063
0.0199283
0.0201536
0.0203936
0.0206309
0.0208444
0.0210472
0.0212672
0.0215201
0.0218029
0.0220922
0.0223764
0.0226837
0.0230122
0.0233381
0.0236571
0.0239696
0.0242382
0.024498
0.0248039
0.0251742
0.0255635
0.0259236
0.0262709
0.0266291
0.0269869
0.0273354
0.0277223
0.0281146
0.0285234
0.0289382
0.0293744
0.0297963
0.0302369
0.0306793
0.0311439
0.0316179
0.0321086
0.0326183
0.0331265
0.0336701
0.0341957
0.0347453
0.0352739
0.035841
0.036419
0.037009
0.0376139
0.038197
0.0388111
0.0394309
0.0400515
0.0407126
0.0413472
0.042018
0.0426741
0.0433151
0.043935
0.0443737
0.0179974
0.0172784
0.0175138
0.0180167
0.0174314
0.0163621
0.0157593
0.0153806
0.015117
0.0150962
0.0149969
0.014725
0.0146566
0.0149125
0.0151716
0.015171
0.0150511
0.0150876
0.0152846
0.0154572
0.0155318
0.0156076
0.0157879
0.0160379
0.0162479
0.0164015
0.0165664
0.0167638
0.0169533
0.0171296
0.0173133
0.017509
0.0176944
0.017872
0.0180726
0.0183114
0.0185584
0.0187743
0.0189799
0.0192186
0.0194734
0.0197102
0.019929
0.020152
0.020394
0.0206339
0.0208477
0.0210506
0.0212731
0.0215284
0.0218096
0.0220961
0.0223801
0.0226876
0.0230143
0.0233375
0.0236551
0.0239678
0.0242395
0.0245041
0.0248114
0.0251783
0.0255642
0.0259238
0.0262717
0.0266301
0.0269884
0.0273381
0.0277256
0.0281175
0.0285257
0.0289402
0.0293761
0.029798
0.0302389
0.0306817
0.0311465
0.0316204
0.0321107
0.0326201
0.0331282
0.0336711
0.0341962
0.0347459
0.035275
0.0358423
0.0364198
0.0370092
0.0376139
0.0381972
0.0388116
0.0394312
0.0400522
0.0407127
0.0413478
0.0420185
0.0426748
0.0433182
0.0439381
0.0443755
0.0178308
0.0171251
0.0172652
0.0179372
0.0175996
0.0164852
0.0158347
0.0155495
0.0152777
0.0151955
0.0150988
0.0147929
0.0146667
0.0149348
0.0152316
0.0152296
0.0150895
0.0151209
0.0153301
0.0155103
0.0155722
0.0156317
0.0158098
0.0160636
0.0162721
0.0164199
0.0165801
0.0167759
0.0169648
0.0171404
0.0173239
0.0175199
0.0177049
0.0178813
0.0180812
0.0183198
0.0185662
0.0187799
0.0189822
0.01922
0.0194769
0.0197144
0.0199298
0.0201506
0.0203946
0.0206373
0.0208513
0.0210539
0.021279
0.0215369
0.0218165
0.0221001
0.0223838
0.0226917
0.0230164
0.0233369
0.0236532
0.0239662
0.0242408
0.02451
0.0248187
0.0251825
0.025565
0.0259241
0.0262726
0.0266312
0.02699
0.0273409
0.0277289
0.0281205
0.0285281
0.0289423
0.0293779
0.0297998
0.030241
0.0306842
0.0311493
0.0316229
0.0321128
0.032622
0.03313
0.0336723
0.0341967
0.0347465
0.0352762
0.0358437
0.0364207
0.0370094
0.0376138
0.0381975
0.0388121
0.0394315
0.0400528
0.0407128
0.0413483
0.0420191
0.0426755
0.0433213
0.0439414
0.0443774
0.0176508
0.0170181
0.0170486
0.0177959
0.0177413
0.0166519
0.0158959
0.0156821
0.0154542
0.0153049
0.015194
0.0148749
0.0146859
0.0149476
0.0152889
0.0152932
0.0151284
0.0151525
0.0153756
0.0155659
0.0156162
0.015657
0.0158315
0.0160901
0.0162971
0.016439
0.0165949
0.0167887
0.0169768
0.0171518
0.0173351
0.0175312
0.0177157
0.017891
0.0180901
0.0183284
0.0185743
0.0187858
0.0189848
0.0192214
0.0194807
0.0197189
0.0199309
0.0201492
0.0203953
0.0206409
0.0208552
0.0210572
0.0212848
0.0215455
0.0218236
0.0221041
0.0223876
0.0226959
0.0230187
0.0233365
0.0236515
0.0239648
0.0242423
0.0245158
0.0248259
0.0251866
0.0255659
0.0259245
0.0262737
0.0266324
0.0269916
0.0273437
0.0277324
0.0281235
0.0285306
0.0289444
0.0293798
0.0298017
0.0302432
0.0306868
0.0311522
0.0316255
0.032115
0.0326239
0.0331318
0.0336734
0.0341973
0.0347472
0.0352774
0.0358451
0.0364215
0.0370096
0.0376138
0.0381978
0.0388127
0.0394319
0.0400536
0.040713
0.0413488
0.0420198
0.0426763
0.0433245
0.0439449
0.0443795
0.0174456
0.0169415
0.0168855
0.0176165
0.0178253
0.0168503
0.0159722
0.015773
0.0156283
0.0154342
0.0152836
0.0149633
0.0147198
0.0149544
0.0153396
0.0153623
0.0151695
0.0151809
0.0154201
0.0156236
0.0156642
0.0156843
0.0158528
0.0161173
0.0163234
0.0164587
0.0166106
0.0168026
0.0169895
0.0171638
0.0173468
0.0175431
0.0177269
0.0179008
0.0180992
0.0183374
0.0185827
0.0187922
0.0189877
0.019223
0.0194847
0.0197237
0.0199321
0.0201479
0.0203961
0.0206449
0.0208593
0.0210606
0.0212905
0.0215541
0.0218309
0.0221083
0.0223914
0.0227002
0.0230211
0.0233361
0.02365
0.0239637
0.0242438
0.0245214
0.0248329
0.0251908
0.025567
0.0259251
0.0262748
0.0266336
0.0269933
0.0273466
0.0277359
0.0281266
0.0285331
0.0289467
0.0293819
0.0298037
0.0302455
0.0306895
0.0311551
0.0316282
0.0321173
0.032626
0.0331337
0.0336747
0.034198
0.034748
0.0352786
0.0358466
0.0364225
0.0370099
0.0376138
0.0381982
0.0388133
0.0394322
0.0400543
0.0407132
0.0413493
0.0420207
0.0426771
0.0433278
0.0439487
0.0443817
0.0172039
0.0168746
0.0167849
0.0174307
0.0178357
0.0170498
0.0160876
0.0158375
0.0157787
0.0155827
0.0153775
0.0150507
0.0147683
0.0149615
0.0153812
0.0154353
0.015215
0.0152057
0.0154623
0.0156831
0.0157157
0.0157146
0.015874
0.0161444
0.0163515
0.0164791
0.0166265
0.0168176
0.0170032
0.0171763
0.0173592
0.0175555
0.0177387
0.0179109
0.0181085
0.0183467
0.0185914
0.0187988
0.0189909
0.0192247
0.0194888
0.0197288
0.0199336
0.0201466
0.0203971
0.0206492
0.0208637
0.0210639
0.0212961
0.0215629
0.0218384
0.0221126
0.0223953
0.0227047
0.0230236
0.0233359
0.0236488
0.0239629
0.0242455
0.0245269
0.0248398
0.025195
0.0255682
0.0259257
0.0262761
0.026635
0.0269951
0.0273496
0.0277396
0.0281297
0.0285357
0.0289491
0.029384
0.0298057
0.0302479
0.0306923
0.0311582
0.0316309
0.0321197
0.0326281
0.0331357
0.033676
0.0341987
0.0347488
0.0352799
0.0358481
0.0364234
0.0370102
0.0376138
0.0381985
0.0388139
0.0394325
0.0400551
0.0407135
0.0413498
0.0420217
0.0426779
0.0433311
0.0439528
0.044384
0.0169203
0.016793
0.0167412
0.0172708
0.0177808
0.0172167
0.0162427
0.0159021
0.015894
0.0157356
0.015486
0.0151363
0.0148259
0.0149739
0.0154142
0.0155096
0.0152671
0.015227
0.0155002
0.0157443
0.0157706
0.015748
0.0158961
0.016171
0.0163811
0.0165012
0.0166422
0.0168332
0.0170183
0.0171896
0.0173719
0.0175684
0.0177508
0.0179214
0.018118
0.0183562
0.0186006
0.0188059
0.0189944
0.0192266
0.0194931
0.0197343
0.0199354
0.0201455
0.0203983
0.0206539
0.0208685
0.0210673
0.0213016
0.0215717
0.0218461
0.022117
0.0223993
0.0227093
0.0230262
0.0233357
0.0236477
0.0239623
0.0242473
0.0245323
0.0248465
0.0251993
0.0255695
0.0259266
0.0262775
0.0266365
0.0269969
0.0273527
0.0277433
0.0281329
0.0285385
0.0289516
0.0293862
0.0298079
0.0302505
0.0306952
0.0311613
0.0316337
0.0321222
0.0326303
0.0331377
0.0336773
0.0341995
0.0347497
0.0352812
0.0358496
0.0364243
0.0370105
0.0376139
0.0381989
0.0388146
0.0394329
0.0400558
0.0407139
0.0413503
0.0420228
0.0426788
0.0433345
0.0439572
0.0443865
0.0166006
0.0166729
0.0167361
0.0171617
0.017686
0.017325
0.0164137
0.0159919
0.0159839
0.0158733
0.0156097
0.0152283
0.0148879
0.0149923
0.015441
0.015583
0.0153273
0.0152465
0.0155314
0.0158067
0.0158293
0.0157838
0.0159201
0.0161975
0.0164114
0.0165255
0.016658
0.0168484
0.0170348
0.0172042
0.017385
0.0175817
0.0177635
0.0179323
0.0181277
0.018366
0.0186102
0.0188135
0.0189981
0.0192286
0.0194976
0.0197402
0.0199375
0.0201444
0.0203995
0.0206589
0.0208736
0.0210707
0.0213069
0.0215806
0.0218541
0.0221214
0.0224033
0.0227141
0.023029
0.0233357
0.0236468
0.0239621
0.0242492
0.0245375
0.024853
0.0252036
0.025571
0.0259275
0.026279
0.026638
0.0269988
0.0273558
0.0277471
0.0281362
0.0285413
0.0289542
0.0293886
0.0298102
0.0302531
0.0306982
0.0311645
0.0316366
0.0321247
0.0326326
0.0331398
0.0336787
0.0342003
0.0347506
0.0352825
0.0358512
0.0364253
0.0370109
0.037614
0.0381993
0.0388153
0.0394333
0.0400567
0.0407143
0.0413507
0.0420241
0.0426798
0.043338
0.0439618
0.0443893
0.0162624
0.0164972
0.0167425
0.017115
0.0175832
0.0173695
0.0165698
0.0161136
0.0160718
0.015984
0.0157355
0.0153354
0.0149557
0.0150138
0.0154629
0.0156539
0.0153965
0.0152665
0.0155534
0.0158686
0.0158935
0.0158213
0.0159452
0.0162254
0.0164419
0.0165515
0.0166752
0.0168628
0.0170521
0.0172206
0.0173987
0.0175951
0.0177766
0.0179437
0.0181378
0.0183759
0.0186201
0.0188216
0.0190021
0.0192307
0.0195023
0.0197465
0.01994
0.0201435
0.0204008
0.0206643
0.0208792
0.0210742
0.0213121
0.0215896
0.0218623
0.022126
0.0224073
0.022719
0.023032
0.0233358
0.0236462
0.0239621
0.0242513
0.0245426
0.0248594
0.0252079
0.0255727
0.0259287
0.0262807
0.0266397
0.0270008
0.0273591
0.0277511
0.0281396
0.0285441
0.0289569
0.0293911
0.0298126
0.0302558
0.0307013
0.0311678
0.0316396
0.0321274
0.032635
0.033142
0.0336802
0.0342012
0.0347516
0.0352839
0.0358528
0.0364263
0.0370112
0.0376141
0.0381997
0.038816
0.0394337
0.0400575
0.0407148
0.0413511
0.0420254
0.0426809
0.0433414
0.0439668
0.0443922
0.015931
0.016261
0.0167289
0.0171257
0.0175056
0.0173656
0.0166842
0.0162487
0.0161805
0.0160768
0.0158443
0.0154556
0.0150384
0.0150378
0.0154784
0.0157207
0.0154758
0.0152911
0.0155645
0.0159263
0.0159648
0.0158615
0.0159693
0.0162555
0.0164739
0.0165782
0.0166941
0.016877
0.0170689
0.017239
0.0174138
0.0176084
0.01779
0.0179555
0.0181482
0.0183861
0.0186303
0.0188302
0.0190067
0.0192327
0.0195072
0.0197533
0.019943
0.0201428
0.0204021
0.0206699
0.0208852
0.0210778
0.0213171
0.0215986
0.0218708
0.0221307
0.0224113
0.0227241
0.0230352
0.023336
0.0236458
0.0239625
0.0242535
0.0245476
0.0248655
0.0252122
0.0255745
0.0259299
0.0262825
0.0266415
0.0270029
0.0273625
0.0277551
0.028143
0.0285471
0.0289598
0.0293937
0.029815
0.0302587
0.0307045
0.0311712
0.0316426
0.0321301
0.0326375
0.0331442
0.0336818
0.0342021
0.0347527
0.0352853
0.0358544
0.0364274
0.0370117
0.0376143
0.0382001
0.0388167
0.0394341
0.0400583
0.0407154
0.0413515
0.042027
0.0426821
0.0433449
0.043972
0.0443954
0.0156352
0.0159753
0.0166644
0.0171722
0.017478
0.0173395
0.0167457
0.0163685
0.0163167
0.0161759
0.0159255
0.0155729
0.0151437
0.0150712
0.0154849
0.015779
0.0155647
0.0153262
0.0155654
0.0159742
0.0160433
0.0159078
0.0159906
0.0162862
0.0165096
0.0166054
0.0167137
0.0168922
0.0170848
0.0172583
0.017431
0.0176221
0.0178031
0.0179678
0.018159
0.0183966
0.0186408
0.0188394
0.0190118
0.019235
0.019512
0.0197605
0.0199465
0.0201422
0.0204036
0.0206758
0.0208917
0.0210817
0.0213219
0.0216075
0.0218795
0.0221355
0.0224153
0.0227294
0.0230386
0.0233365
0.0236457
0.0239631
0.0242559
0.0245525
0.0248716
0.0252166
0.0255765
0.0259314
0.0262845
0.0266434
0.027005
0.027366
0.0277592
0.0281465
0.0285502
0.0289628
0.0293965
0.0298176
0.0302616
0.0307079
0.0311746
0.0316457
0.0321329
0.03264
0.0331465
0.0336834
0.0342032
0.0347539
0.0352867
0.0358561
0.0364284
0.0370121
0.0376145
0.0382005
0.0388175
0.0394345
0.0400591
0.0407162
0.0413518
0.0420286
0.0426835
0.0433484
0.0439775
0.0443988
0.0154038
0.0156657
0.0165296
0.0172216
0.0175096
0.0173229
0.0167638
0.0164474
0.0164624
0.016305
0.0159904
0.0156655
0.0152665
0.0151265
0.0154851
0.0158221
0.0156591
0.0153782
0.0155608
0.0160059
0.0161258
0.0159647
0.0160093
0.0163136
0.0165505
0.0166354
0.0167323
0.0169083
0.017101
0.0172775
0.0174504
0.017637
0.0178159
0.0179805
0.0181703
0.0184074
0.0186517
0.0188491
0.0190175
0.0192374
0.0195168
0.0197681
0.0199506
0.020142
0.0204051
0.020682
0.0208985
0.0210856
0.0213265
0.0216165
0.0218885
0.0221404
0.0224193
0.0227347
0.0230422
0.0233371
0.0236458
0.0239641
0.0242585
0.0245573
0.0248774
0.0252211
0.0255786
0.025933
0.0262867
0.0266454
0.0270072
0.0273696
0.0277635
0.02815
0.0285533
0.028966
0.0293993
0.0298204
0.0302647
0.0307113
0.0311782
0.0316488
0.0321358
0.0326427
0.0331489
0.0336852
0.0342043
0.0347551
0.0352882
0.0358579
0.0364296
0.0370126
0.0376148
0.038201
0.0388183
0.039435
0.04006
0.040717
0.0413522
0.0420304
0.0426851
0.0433518
0.0439832
0.0444025
0.0152589
0.0153668
0.0163236
0.0172371
0.0175886
0.0173454
0.0167614
0.0164731
0.0165876
0.0164722
0.0160675
0.0157202
0.0153859
0.0152137
0.0154915
0.0158451
0.0157494
0.0154506
0.0155602
0.0160175
0.0162049
0.016036
0.0160293
0.0163337
0.0165947
0.016672
0.0167502
0.0169234
0.0171185
0.0172964
0.0174708
0.017654
0.0178286
0.0179927
0.0181823
0.0184185
0.0186628
0.0188594
0.0190237
0.0192401
0.0195217
0.019776
0.0199553
0.020142
0.0204067
0.0206884
0.0209058
0.0210898
0.0213311
0.0216254
0.0218977
0.0221455
0.0224234
0.0227403
0.0230461
0.023338
0.0236462
0.0239654
0.0242613
0.024562
0.0248832
0.0252255
0.0255809
0.0259348
0.026289
0.0266476
0.0270096
0.0273733
0.0277678
0.0281537
0.0285566
0.0289693
0.0294024
0.0298232
0.030268
0.0307149
0.0311818
0.0316521
0.0321388
0.0326455
0.0331514
0.033687
0.0342054
0.0347564
0.0352897
0.0358596
0.0364307
0.0370132
0.0376152
0.0382015
0.0388192
0.0394356
0.0400608
0.040718
0.0413525
0.0420323
0.042687
0.0433553
0.0439892
0.0444066
0.0152068
0.015116
0.0160657
0.017188
0.0176857
0.0174238
0.0167685
0.0164523
0.0166635
0.0166593
0.0161864
0.0157495
0.0154741
0.0153266
0.0155219
0.0158516
0.0158231
0.0155399
0.0155754
0.0160116
0.0162698
0.016121
0.0160578
0.0163446
0.016637
0.0167178
0.0167706
0.0169351
0.0171367
0.0173166
0.0174911
0.0176729
0.0178425
0.0180041
0.0181945
0.0184302
0.0186742
0.0188703
0.0190306
0.019243
0.0195266
0.0197843
0.0199605
0.0201424
0.0204083
0.0206952
0.0209135
0.021094
0.0213354
0.0216345
0.0219073
0.0221506
0.0224273
0.022746
0.0230502
0.0233391
0.0236468
0.0239669
0.0242642
0.0245667
0.0248888
0.0252301
0.0255833
0.0259367
0.0262915
0.02665
0.027012
0.0273771
0.0277723
0.0281573
0.02856
0.0289727
0.0294055
0.0298262
0.0302713
0.0307186
0.0311856
0.0316554
0.0321419
0.0326483
0.0331539
0.0336888
0.0342067
0.0347577
0.0352912
0.0358614
0.0364319
0.0370137
0.0376156
0.0382021
0.03882
0.0394362
0.0400616
0.0407192
0.0413529
0.0420342
0.0426891
0.0433588
0.0439954
0.0444109
0.015232
0.0149449
0.0157893
0.0170611
0.017764
0.0175541
0.0168157
0.016407
0.0166734
0.0168328
0.0163613
0.0157872
0.0155126
0.0154397
0.0155902
0.0158584
0.015871
0.0156325
0.0156158
0.0159996
0.0163111
0.0162124
0.0161025
0.0163493
0.0166711
0.0167715
0.0167983
0.0169432
0.0171525
0.0173395
0.0175119
0.0176922
0.0178583
0.0180155
0.018206
0.0184426
0.0186859
0.0188816
0.0190383
0.0192461
0.0195316
0.019793
0.0199664
0.0201431
0.02041
0.0207023
0.0209219
0.0210985
0.0213393
0.0216434
0.0219172
0.0221559
0.0224312
0.0227519
0.0230546
0.0233404
0.0236477
0.0239688
0.0242674
0.0245712
0.0248942
0.0252348
0.025586
0.0259388
0.0262942
0.0266524
0.0270145
0.0273811
0.0277768
0.0281611
0.0285635
0.0289763
0.0294088
0.0298293
0.0302748
0.0307224
0.0311894
0.0316588
0.0321452
0.0326513
0.0331565
0.0336908
0.034208
0.0347592
0.0352929
0.0358633
0.0364331
0.0370143
0.037616
0.0382027
0.0388209
0.0394369
0.0400624
0.0407204
0.0413533
0.0420362
0.0426915
0.0433623
0.0440017
0.0444156
0.015302
0.0148674
0.0155337
0.0168654
0.0177886
0.0177112
0.0169242
0.0163683
0.0166184
0.0169584
0.0165783
0.0158701
0.0155116
0.0155189
0.0156912
0.0158887
0.0158959
0.0157107
0.0156799
0.0159983
0.016327
0.0162964
0.016167
0.0163558
0.0166919
0.0168279
0.0168378
0.0169512
0.0171628
0.0173638
0.0175354
0.0177111
0.0178755
0.0180281
0.0182165
0.018455
0.0186985
0.0188933
0.0190467
0.0192496
0.0195365
0.0198023
0.019973
0.0201441
0.0204117
0.0207097
0.0209311
0.0211032
0.0213429
0.0216523
0.0219277
0.0221614
0.0224349
0.0227579
0.0230594
0.023342
0.0236488
0.023971
0.0242708
0.0245757
0.0248996
0.0252395
0.0255888
0.0259411
0.0262971
0.0266551
0.0270171
0.0273852
0.0277815
0.0281649
0.0285671
0.0289801
0.0294123
0.0298325
0.0302785
0.0307263
0.0311933
0.0316623
0.0321485
0.0326544
0.0331592
0.0336928
0.0342094
0.0347607
0.0352945
0.0358651
0.0364344
0.037015
0.0376165
0.0382033
0.0388217
0.0394377
0.0400632
0.0407218
0.0413538
0.0420382
0.0426942
0.0433658
0.0440081
0.0444207
0.0153809
0.0148735
0.0153335
0.0166286
0.0177396
0.0178601
0.0170948
0.0163713
0.0165185
0.0170097
0.0168029
0.016022
0.0155071
0.0155389
0.0157956
0.0159614
0.0159181
0.0157602
0.0157518
0.0160224
0.0163292
0.0163586
0.0162463
0.0163749
0.0166996
0.0168794
0.0168897
0.0169646
0.0171666
0.017386
0.017563
0.0177308
0.0178924
0.0180428
0.018227
0.0184663
0.0187119
0.018906
0.0190556
0.0192535
0.0195414
0.019812
0.0199805
0.0201453
0.0204132
0.0207173
0.020941
0.0211084
0.021346
0.0216608
0.0219386
0.0221673
0.0224385
0.022764
0.0230646
0.023344
0.0236502
0.0239735
0.0242744
0.0245802
0.0249048
0.0252444
0.0255918
0.0259434
0.0263002
0.0266579
0.0270199
0.0273894
0.0277863
0.0281688
0.0285708
0.0289841
0.0294159
0.0298359
0.0302823
0.0307304
0.0311973
0.0316658
0.0321519
0.0326575
0.033162
0.033695
0.034211
0.0347624
0.0352963
0.035867
0.0364358
0.0370157
0.0376171
0.038204
0.0388226
0.0394386
0.0400639
0.0407233
0.0413545
0.0420403
0.0426972
0.0433694
0.0440147
0.044426
0.0154396
0.0149371
0.0152065
0.0163845
0.0176174
0.0179656
0.0173048
0.0164443
0.0164079
0.0169776
0.0169967
0.0162375
0.015541
0.0155051
0.0158648
0.0160729
0.0159656
0.0157821
0.0158088
0.0160739
0.0163381
0.0163924
0.0163252
0.0164153
0.0167015
0.016918
0.0169503
0.016989
0.0171662
0.0174023
0.0175939
0.0177538
0.0179081
0.0180582
0.0182389
0.0184762
0.0187249
0.0189203
0.0190654
0.0192575
0.0195462
0.0198221
0.0199891
0.0201469
0.0204142
0.020725
0.0209518
0.0211142
0.0213488
0.0216689
0.0219498
0.0221735
0.0224421
0.0227701
0.0230701
0.0233462
0.0236517
0.0239763
0.0242783
0.0245846
0.0249099
0.0252493
0.0255951
0.025946
0.0263034
0.0266609
0.0270228
0.0273938
0.0277912
0.0281727
0.0285747
0.0289882
0.0294197
0.0298394
0.0302863
0.0307346
0.0312013
0.0316694
0.0321555
0.0326608
0.0331648
0.0336972
0.0342126
0.0347641
0.035298
0.035869
0.0364372
0.0370165
0.0376177
0.0382049
0.0388235
0.0394396
0.0400647
0.0407249
0.0413553
0.0420423
0.0427005
0.043373
0.0440212
0.0444318
0.0154607
0.015032
0.0151525
0.0161638
0.0174404
0.0180055
0.0175192
0.0165942
0.0163275
0.0168739
0.0171244
0.0164861
0.0156452
0.0154529
0.0158677
0.0161919
0.016062
0.0157995
0.0158312
0.0161349
0.0163741
0.0164084
0.016385
0.0164753
0.0167105
0.0169399
0.017012
0.0170276
0.0171666
0.0174105
0.0176246
0.017782
0.0179241
0.0180728
0.018253
0.018486
0.0187362
0.0189359
0.019077
0.0192614
0.0195506
0.0198327
0.0199989
0.0201491
0.0204148
0.0207326
0.0209636
0.0211208
0.0213513
0.0216765
0.0219612
0.0221802
0.0224456
0.0227762
0.023076
0.0233488
0.0236535
0.0239794
0.0242826
0.0245892
0.0249148
0.0252543
0.0255985
0.0259488
0.0263069
0.026664
0.0270258
0.0273983
0.0277962
0.0281767
0.0285787
0.0289924
0.0294236
0.0298431
0.0302904
0.0307388
0.0312055
0.0316732
0.0321591
0.0326642
0.0331678
0.0336995
0.0342143
0.0347659
0.0352999
0.035871
0.0364386
0.0370173
0.0376184
0.0382058
0.0388243
0.0394407
0.0400655
0.0407265
0.0413563
0.0420443
0.0427041
0.0433768
0.0440278
0.0444378
0.0154311
0.0151371
0.015161
0.015987
0.017234
0.017976
0.0177031
0.0168019
0.0163129
0.016731
0.0171642
0.0167284
0.015825
0.015426
0.0158047
0.0162764
0.0162061
0.0158455
0.0158176
0.0161771
0.0164431
0.0164304
0.016414
0.0165396
0.0167389
0.0169496
0.017065
0.0170802
0.0171734
0.0174109
0.0176516
0.0178148
0.0179428
0.0180859
0.0182681
0.0184973
0.0187455
0.0189511
0.0190913
0.0192659
0.0195539
0.0198437
0.0200102
0.0201522
0.0204148
0.0207397
0.0209763
0.0211283
0.0213537
0.0216837
0.0219729
0.0221873
0.0224492
0.0227825
0.0230822
0.0233517
0.0236555
0.0239827
0.0242871
0.0245937
0.0249198
0.0252594
0.025602
0.0259517
0.0263107
0.0266674
0.0270289
0.027403
0.0278013
0.0281808
0.0285828
0.0289969
0.0294277
0.0298469
0.0302947
0.0307433
0.0312097
0.031677
0.0321629
0.0326677
0.0331708
0.0337019
0.0342161
0.0347678
0.0353018
0.035873
0.03644
0.0370183
0.0376191
0.0382068
0.0388251
0.0394419
0.0400664
0.0407282
0.0413575
0.0420463
0.042708
0.0433808
0.0440344
0.0444442
0.0153401
0.0152311
0.0152185
0.015864
0.0170232
0.0178869
0.0178336
0.0170333
0.0163799
0.0165917
0.0171161
0.0169243
0.0160586
0.0154619
0.0157086
0.0162906
0.0163655
0.0159489
0.0157932
0.0161747
0.0165262
0.0164841
0.0164208
0.0165868
0.0167898
0.01696
0.0171017
0.0171413
0.0171921
0.017406
0.0176724
0.0178506
0.0179655
0.0180982
0.0182825
0.0185107
0.0187542
0.0189645
0.0191078
0.0192724
0.0195559
0.0198543
0.0200231
0.0201563
0.0204144
0.0207464
0.0209897
0.0211369
0.0213558
0.0216904
0.0219848
0.0221947
0.0224527
0.0227888
0.0230889
0.023355
0.0236576
0.0239863
0.0242919
0.0245983
0.0249246
0.0252646
0.0256058
0.0259547
0.0263146
0.0266709
0.0270321
0.0274078
0.0278066
0.028185
0.0285871
0.0290015
0.029432
0.0298509
0.0302991
0.0307478
0.0312141
0.0316808
0.0321668
0.0326713
0.0331739
0.0337043
0.0342181
0.0347698
0.0353038
0.0358751
0.0364415
0.0370193
0.0376198
0.038208
0.038826
0.0394432
0.0400674
0.0407298
0.041359
0.0420483
0.0427122
0.043385
0.0440409
0.0444508
0.0151891
0.0152899
0.0153077
0.015797
0.016828
0.0177536
0.0179025
0.0172556
0.0165189
0.0164972
0.0170035
0.0170437
0.0163093
0.0155744
0.0156227
0.0162289
0.0164958
0.0161133
0.0157962
0.0161215
0.0165899
0.0165807
0.016431
0.0166001
0.0168499
0.0169864
0.017122
0.0172012
0.0172266
0.0173994
0.0176848
0.0178877
0.0179925
0.0181108
0.018296
0.0185256
0.0187636
0.0189757
0.0191249
0.0192818
0.0195574
0.0198638
0.0200378
0.0201619
0.0204136
0.0207523
0.0210036
0.0211467
0.021358
0.0216964
0.021997
0.0222027
0.0224561
0.0227951
0.0230961
0.0233587
0.0236598
0.0239901
0.024297
0.024603
0.0249295
0.02527
0.0256096
0.0259579
0.0263188
0.0266748
0.0270354
0.0274127
0.0278119
0.0281892
0.0285916
0.0290063
0.0294364
0.029855
0.0303037
0.0307524
0.0312185
0.0316848
0.0321709
0.032675
0.0331771
0.0337069
0.0342201
0.0347719
0.0353058
0.0358773
0.036443
0.0370205
0.0376206
0.0382092
0.0388269
0.0394446
0.0400685
0.0407315
0.0413608
0.0420503
0.0427165
0.0433895
0.0440474
0.0444577
0.0149982
0.0152961
0.0154061
0.0157826
0.0166637
0.0175932
0.0179107
0.0174439
0.016703
0.0164723
0.0168649
0.0170757
0.0165377
0.015751
0.0155855
0.0161192
0.0165575
0.0163077
0.0158624
0.0160429
0.0166007
0.016703
0.0164752
0.0165832
0.016896
0.0170364
0.0171364
0.0172497
0.0172766
0.0173973
0.0176864
0.0179245
0.0180247
0.0181237
0.0183084
0.0185418
0.0187744
0.0189853
0.0191412
0.0192937
0.0195595
0.0198717
0.0200535
0.0201695
0.0204125
0.0207573
0.021018
0.0211576
0.0213603
0.0217017
0.0220095
0.0222112
0.0224593
0.0228013
0.023104
0.0233628
0.023662
0.0239942
0.0243025
0.0246077
0.0249344
0.0252756
0.0256137
0.0259611
0.0263232
0.0266789
0.0270389
0.0274177
0.0278173
0.0281936
0.0285962
0.0290112
0.029441
0.0298593
0.0303086
0.0307572
0.031223
0.0316889
0.0321751
0.0326788
0.0331804
0.0337096
0.0342222
0.0347741
0.0353079
0.0358795
0.0364445
0.0370218
0.0376214
0.0382106
0.0388278
0.0394459
0.0400698
0.0407331
0.0413629
0.0420523
0.042721
0.0433943
0.0440538
0.0444647
0.0147943
0.0152498
0.0154901
0.0158115
0.0165416
0.0174244
0.0178652
0.017583
0.0169017
0.0165183
0.0167407
0.0170326
0.0167119
0.0159633
0.0156156
0.0160014
0.0165377
0.0164859
0.0160033
0.0159816
0.0165451
0.0168144
0.0165717
0.0165619
0.0169074
0.0171009
0.0171603
0.0172811
0.0173352
0.0174077
0.0176769
0.0179569
0.0180643
0.0181371
0.0183181
0.0185597
0.0187871
0.018994
0.0191563
0.0193072
0.0195632
0.0198785
0.0200693
0.0201794
0.0204117
0.0207612
0.0210328
0.0211698
0.0213628
0.0217062
0.022022
0.0222207
0.0224623
0.0228072
0.0231125
0.0233676
0.0236642
0.0239985
0.0243084
0.0246126
0.0249392
0.0252813
0.025618
0.0259644
0.0263278
0.0266833
0.0270425
0.0274227
0.0278229
0.0281981
0.0286009
0.0290163
0.0294457
0.0298638
0.0303135
0.0307621
0.0312276
0.0316931
0.0321794
0.0326827
0.0331837
0.0337124
0.0342244
0.0347765
0.03531
0.0358818
0.036446
0.0370232
0.0376223
0.0382121
0.0388288
0.0394473
0.0400714
0.0407347
0.0413653
0.0420546
0.0427255
0.0433993
0.0440601
0.0444719
0.0145937
0.0151669
0.0155442
0.0158677
0.0164667
0.0172664
0.0177793
0.0176662
0.0170877
0.0166184
0.0166605
0.0169427
0.0168147
0.0161789
0.0157102
0.0159131
0.0164558
0.0166045
0.0161926
0.0159792
0.0164443
0.0168757
0.0167092
0.0165689
0.0168817
0.0171585
0.0172052
0.0173003
0.0173909
0.0174362
0.0176608
0.0179779
0.0181125
0.0181546
0.0183223
0.0185783
0.0188036
0.0190021
0.0191698
0.0193213
0.0195683
0.0198852
0.0200849
0.0201909
0.0204116
0.020764
0.0210478
0.0211835
0.0213654
0.0217097
0.0220347
0.0222311
0.0224654
0.0228125
0.0231214
0.0233731
0.0236665
0.0240027
0.0243147
0.0246177
0.024944
0.025287
0.0256225
0.0259678
0.0263325
0.0266881
0.0270464
0.0274275
0.0278284
0.0282027
0.0286059
0.0290215
0.0294506
0.0298683
0.0303186
0.0307671
0.0312323
0.0316975
0.0321839
0.0326868
0.0331872
0.0337153
0.0342267
0.034779
0.0353122
0.0358842
0.0364475
0.0370247
0.0376233
0.0382136
0.03883
0.0394486
0.0400731
0.0407362
0.0413678
0.042057
0.04273
0.0434047
0.0440665
0.0444792
0.0143993
0.0150646
0.0155646
0.0159321
0.0164351
0.0171338
0.0176704
0.0176955
0.0172416
0.016748
0.016636
0.0168391
0.0168452
0.0163662
0.015851
0.0158771
0.0163482
0.016645
0.0163847
0.0160548
0.0163409
0.0168643
0.0168521
0.0166285
0.0168401
0.0171872
0.0172688
0.0173209
0.0174338
0.0174817
0.0176479
0.0179809
0.0181653
0.018183
0.0183196
0.0185932
0.0188261
0.0190113
0.0191809
0.0193355
0.0195743
0.0198923
0.0201007
0.0202034
0.0204124
0.0207658
0.0210624
0.0211988
0.0213685
0.0217121
0.0220475
0.0222427
0.0224686
0.0228172
0.0231307
0.0233793
0.0236689
0.024007
0.0243211
0.0246231
0.0249489
0.0252928
0.0256272
0.0259714
0.0263374
0.026693
0.0270505
0.0274328
0.0278342
0.0282074
0.028611
0.0290269
0.0294558
0.0298732
0.0303239
0.0307722
0.031237
0.0317018
0.0321884
0.0326909
0.0331907
0.0337184
0.034229
0.0347817
0.0353144
0.0358867
0.036449
0.0370264
0.0376243
0.0382151
0.0388313
0.0394498
0.0400752
0.0407377
0.0413706
0.0420596
0.0427345
0.0434104
0.0440729
0.0444865
0.0142095
0.0149518
0.0155565
0.0159893
0.0164366
0.0170332
0.0175557
0.0176807
0.017353
0.0168822
0.0166614
0.0167522
0.0168187
0.016502
0.016011
0.0158972
0.016251
0.0166197
0.0165373
0.0161917
0.016279
0.0167916
0.0169593
0.016738
0.016813
0.0171782
0.0173343
0.0173559
0.0174624
0.017535
0.0176494
0.0179658
0.0182125
0.0182281
0.0183147
0.0185974
0.0188538
0.0190263
0.0191893
0.0193486
0.019581
0.0198995
0.0201175
0.020217
0.0204135
0.020767
0.0210767
0.0212158
0.0213722
0.0217127
0.0220601
0.022256
0.022472
0.0228212
0.0231402
0.0233863
0.0236717
0.0240114
0.0243278
0.0246287
0.0249539
0.0252986
0.0256321
0.0259752
0.0263425
0.0266983
0.0270546
0.0274379
0.02784
0.0282123
0.0286162
0.0290323
0.0294611
0.0298781
0.0303293
0.0307774
0.0312419
0.0317064
0.032193
0.0326951
0.0331943
0.0337216
0.0342314
0.0347846
0.0353167
0.0358894
0.0364505
0.0370281
0.0376256
0.0382165
0.0388329
0.039451
0.0400775
0.0407393
0.0413734
0.0420626
0.0427389
0.0434163
0.0440794
0.0444939
0.0140263
0.0148298
0.0155269
0.0160317
0.0164596
0.0169654
0.0174476
0.0176351
0.0174205
0.017002
0.0167201
0.0167015
0.0167624
0.0165779
0.016162
0.0159597
0.0161859
0.0165567
0.0166283
0.0163526
0.0162845
0.0166953
0.0170027
0.0168691
0.0168264
0.0171434
0.0173817
0.0174083
0.0174843
0.0175839
0.0176706
0.0179417
0.0182424
0.0182896
0.0183188
0.0185866
0.0188796
0.0190513
0.0191975
0.0193578
0.0195878
0.0199068
0.0201356
0.0202325
0.0204145
0.020767
0.0210908
0.0212347
0.021377
0.0217115
0.0220721
0.0222711
0.0224759
0.0228242
0.0231497
0.0233939
0.0236747
0.024016
0.0243347
0.0246344
0.024959
0.0253045
0.0256372
0.025979
0.0263479
0.026704
0.027059
0.0274431
0.027846
0.0282173
0.0286214
0.0290378
0.0294666
0.0298832
0.0303347
0.0307827
0.0312468
0.0317112
0.0321979
0.0326996
0.0331979
0.0337249
0.0342338
0.0347875
0.0353191
0.035892
0.0364521
0.0370299
0.0376271
0.0382179
0.0388348
0.0394521
0.0400799
0.0407411
0.0413762
0.042066
0.0427433
0.0434224
0.0440861
0.0445012
0.0138552
0.0146985
0.0154787
0.0160567
0.0164936
0.0169284
0.0173537
0.0175702
0.0174487
0.0170965
0.0167919
0.0166895
0.0167048
0.0166029
0.0162831
0.0160441
0.0161577
0.0164831
0.0166591
0.0164999
0.0163522
0.0166173
0.0169841
0.0169851
0.0168863
0.0171072
0.0173989
0.0174694
0.0175114
0.0176218
0.017707
0.0179212
0.0182479
0.0183562
0.0183432
0.0185653
0.0188931
0.0190866
0.0192126
0.0193624
0.0195923
0.0199143
0.0201547
0.0202509
0.0204156
0.0207647
0.0211047
0.021256
0.0213828
0.0217082
0.0220829
0.0222882
0.0224811
0.0228261
0.023159
0.0234024
0.0236779
0.0240206
0.024342
0.0246405
0.024964
0.0253104
0.0256426
0.025983
0.0263533
0.02671
0.0270634
0.0274481
0.0278522
0.0282228
0.0286269
0.0290434
0.0294723
0.0298885
0.0303403
0.0307881
0.0312517
0.031716
0.0322026
0.032704
0.0332016
0.0337286
0.0342363
0.0347907
0.0353215
0.0358947
0.0364538
0.0370317
0.0376289
0.0382192
0.0388369
0.0394533
0.0400824
0.0407431
0.041379
0.0420697
0.0427476
0.0434285
0.0440929
0.0445086
0.0137037
0.0145625
0.0154123
0.0160615
0.016528
0.0169176
0.017279
0.0174953
0.0174426
0.0171605
0.0168591
0.0167034
0.0166651
0.0165968
0.0163677
0.0161329
0.0161607
0.0164184
0.0166448
0.0166077
0.0164547
0.0165854
0.0169309
0.0170576
0.0169762
0.0170933
0.0173886
0.0175241
0.0175497
0.0176505
0.0177494
0.0179149
0.0182327
0.0184122
0.0183913
0.0185465
0.0188865
0.0191233
0.0192414
0.0193665
0.0195905
0.0199209
0.0201757
0.0202726
0.0204178
0.0207589
0.0211176
0.0212807
0.0213902
0.0217026
0.0220922
0.0223069
0.0224877
0.0228272
0.0231679
0.0234117
0.0236814
0.0240252
0.0243496
0.024647
0.0249689
0.0253162
0.0256484
0.025987
0.0263589
0.0267165
0.0270681
0.0274526
0.0278582
0.0282286
0.0286325
0.029049
0.0294783
0.029894
0.0303459
0.0307936
0.0312569
0.0317211
0.0322075
0.0327086
0.0332051
0.0337322
0.0342387
0.034794
0.0353242
0.0358974
0.0364558
0.0370334
0.037631
0.0382203
0.0388392
0.0394546
0.0400849
0.0407454
0.0413817
0.0420738
0.0427522
0.0434346
0.0440999
0.044516
0.0135777
0.0144316
0.015332
0.0160454
0.0165531
0.0169247
0.017228
0.0174206
0.0174097
0.0171928
0.0169112
0.0167256
0.016645
0.0165786
0.0164183
0.0162137
0.0161855
0.0163736
0.0166058
0.0166687
0.0165616
0.0166006
0.0168759
0.0170796
0.017068
0.0171137
0.0173658
0.0175606
0.0175971
0.0176763
0.0177896
0.0179252
0.018209
0.0184471
0.0184553
0.0185444
0.0188623
0.0191478
0.0192839
0.019379
0.0195809
0.0199219
0.0201993
0.0202991
0.020422
0.020749
0.0211276
0.0213096
0.0214007
0.0216942
0.0220994
0.0223275
0.0224959
0.0228275
0.0231763
0.0234215
0.0236852
0.0240296
0.0243576
0.0246541
0.0249737
0.0253218
0.0256545
0.0259913
0.0263645
0.0267234
0.027073
0.0274572
0.0278644
0.0282346
0.0286381
0.0290545
0.0294843
0.0298997
0.0303516
0.0307993
0.0312619
0.0317263
0.0322124
0.0327135
0.033209
0.0337361
0.0342413
0.0347972
0.0353268
0.0358999
0.0364578
0.037035
0.0376333
0.0382215
0.0388416
0.0394562
0.0400873
0.040748
0.0413843
0.0420781
0.0427568
0.0434407
0.044107
0.0445235
0.0134766
0.0143132
0.0152456
0.0160118
0.0165629
0.0169389
0.0172009
0.0173574
0.0173604
0.0171959
0.016944
0.0167436
0.0166337
0.0165571
0.0164399
0.0162772
0.0162211
0.0163508
0.016562
0.0166902
0.0166527
0.0166482
0.0168432
0.0170667
0.0171349
0.017161
0.0173475
0.0175747
0.0176463
0.0177048
0.0178241
0.0179482
0.0181876
0.018459
0.0185206
0.018567
0.0188343
0.0191503
0.0193298
0.0194094
0.0195695
0.0199108
0.020223
0.0203331
0.0204291
0.0207352
0.0211329
0.0213418
0.0214161
0.0216832
0.0221031
0.02235
0.0225061
0.0228269
0.0231842
0.0234324
0.0236893
0.0240335
0.0243658
0.0246619
0.0249785
0.0253269
0.0256608
0.0259959
0.0263702
0.0267308
0.0270782
0.0274613
0.0278707
0.0282413
0.0286441
0.0290601
0.0294904
0.0299054
0.0303571
0.0308051
0.031267
0.0317317
0.0322172
0.0327183
0.0332127
0.0337401
0.0342442
0.0348007
0.03533
0.0359023
0.0364602
0.0370366
0.0376358
0.0382227
0.038844
0.0394581
0.0400896
0.040751
0.0413871
0.0420825
0.0427616
0.0434466
0.0441141
0.044531
0.0133966
0.0142099
0.0151584
0.0159656
0.0165551
0.0169484
0.0171893
0.0173113
0.0173061
0.0171742
0.0169559
0.0167527
0.0166233
0.0165351
0.0164408
0.0163183
0.0162562
0.0163431
0.0165239
0.0166836
0.0167172
0.0167108
0.0168408
0.017045
0.0171686
0.0172175
0.017346
0.0175701
0.0176876
0.0177374
0.0178523
0.0179773
0.0181747
0.0184537
0.0185752
0.0186106
0.0188183
0.0191322
0.0193631
0.0194581
0.0195691
0.0198849
0.020239
0.0203769
0.0204422
0.020717
0.0211321
0.0213759
0.0214383
0.0216713
0.0221017
0.0223737
0.0225192
0.0228251
0.0231911
0.0234444
0.0236939
0.0240368
0.0243742
0.0246707
0.0249834
0.0253316
0.0256673
0.0260006
0.0263758
0.0267385
0.0270838
0.0274651
0.0278767
0.0282482
0.02865
0.029066
0.0294969
0.0299115
0.0303628
0.0308111
0.0312722
0.0317373
0.0322222
0.0327232
0.0332166
0.0337439
0.0342468
0.0348037
0.0353333
0.0359047
0.0364628
0.0370384
0.0376386
0.0382242
0.0388463
0.0394604
0.0400918
0.0407541
0.0413899
0.042087
0.0427668
0.0434525
0.0441214
0.0445386
0.013337
0.0141241
0.0150742
0.0159108
0.0165309
0.0169447
0.01718
0.0172783
0.0172558
0.0171348
0.0169453
0.0167493
0.0166089
0.0165123
0.0164295
0.0163389
0.0162841
0.0163439
0.0164954
0.0166611
0.0167506
0.0167698
0.0168599
0.0170321
0.0171786
0.017266
0.0173653
0.0175593
0.0177156
0.0177736
0.0178756
0.0180069
0.0181714
0.0184379
0.0186121
0.0186631
0.0188231
0.0191079
0.0193729
0.0195125
0.0195927
0.0198523
0.0202364
0.0204278
0.0204679
0.0206946
0.0211226
0.0214103
0.0214678
0.0216605
0.0220947
0.0223974
0.0225361
0.0228224
0.0231966
0.0234579
0.0236992
0.0240388
0.0243823
0.0246806
0.0249887
0.0253359
0.025674
0.0260055
0.0263814
0.0267466
0.0270896
0.0274685
0.0278828
0.0282556
0.0286558
0.0290716
0.0295033
0.0299177
0.0303684
0.0308175
0.0312777
0.031743
0.0322272
0.0327282
0.0332208
0.033748
0.0342503
0.0348069
0.0353367
0.0359067
0.0364652
0.03704
0.0376411
0.0382258
0.0388485
0.039463
0.0400939
0.0407575
0.0413931
0.0420915
0.042772
0.0434583
0.0441285
0.0445463
0.0132975
0.0140565
0.0149961
0.0158503
0.0164945
0.0169256
0.017164
0.0172492
0.0172123
0.0170865
0.0169134
0.0167286
0.016584
0.0164836
0.0164076
0.0163416
0.0163002
0.0163467
0.0164769
0.0166362
0.0167599
0.016815
0.0168886
0.017031
0.0171777
0.0172951
0.0173945
0.0175525
0.017729
0.0178119
0.0178991
0.0180349
0.0181793
0.0184193
0.0186312
0.0187127
0.0188442
0.0190908
0.019361
0.0195537
0.0196409
0.0198306
0.0202095
0.0204739
0.0205134
0.0206742
0.0211004
0.0214431
0.0215057
0.0216524
0.0220817
0.0224193
0.0225567
0.0228195
0.0231999
0.0234729
0.0237062
0.0240399
0.0243896
0.0246914
0.0249943
0.0253398
0.0256809
0.0260107
0.0263869
0.0267554
0.0270958
0.027471
0.0278888
0.0282634
0.0286617
0.0290774
0.0295099
0.0299238
0.0303736
0.0308234
0.031283
0.0317486
0.0322323
0.0327331
0.033225
0.0337516
0.0342537
0.0348102
0.0353407
0.0359093
0.0364682
0.0370422
0.0376437
0.0382278
0.0388506
0.0394659
0.0400959
0.0407607
0.0413964
0.0420959
0.0427775
0.0434641
0.0441355
0.0445537
0.0132771
0.0140074
0.0149273
0.0157852
0.0164471
0.0168903
0.0171344
0.0172134
0.0171687
0.0170355
0.0168663
0.0166921
0.0165476
0.0164468
0.0163747
0.0163273
0.0163018
0.0163433
0.0164618
0.0166133
0.0167547
0.0168434
0.0169182
0.0170394
0.0171776
0.0173083
0.0174207
0.017553
0.0177286
0.0178436
0.017924
0.0180579
0.0181965
0.0184066
0.0186384
0.0187566
0.0188754
0.0190881
0.0193424
0.01957
0.0196963
0.0198352
0.020167
0.0204969
0.0205767
0.0206671
0.021062
0.021468
0.0215544
0.0216497
0.0220628
0.0224385
0.0225814
0.022817
0.0232006
0.0234888
0.0237153
0.0240401
0.0243956
0.0247029
0.0250006
0.0253434
0.0256877
0.0260157
0.0263919
0.0267646
0.0271028
0.0274736
0.0278951
0.028272
0.0286676
0.0290832
0.029517
0.0299304
0.0303793
0.0308298
0.0312888
0.0317542
0.0322374
0.0327378
0.0332294
0.0337554
0.0342573
0.0348131
0.035344
0.0359113
0.0364706
0.0370445
0.0376463
0.0382301
0.0388529
0.0394692
0.0400985
0.0407642
0.0414003
0.0421004
0.042783
0.04347
0.0441425
0.0445614
0.013274
0.0139783
0.0148728
0.0157195
0.0163893
0.0168397
0.0170861
0.0171612
0.0171112
0.0169749
0.0168037
0.0166385
0.0164989
0.0164019
0.0163353
0.0163013
0.0162942
0.0163345
0.0164454
0.0165913
0.0167404
0.0168554
0.0169395
0.0170498
0.0171798
0.017313
0.0174378
0.0175597
0.0177226
0.0178631
0.017949
0.018075
0.0182152
0.0184008
0.0186352
0.0187907
0.0189102
0.0190974
0.0193316
0.0195699
0.0197419
0.0198693
0.0201321
0.0204876
0.0206437
0.0206876
0.0210126
0.0214736
0.021613
0.021657
0.0220361
0.0224523
0.0226103
0.0228158
0.0231979
0.023505
0.0237271
0.0240398
0.0243995
0.0247146
0.0250076
0.0253472
0.025695
0.0260211
0.0263965
0.0267742
0.0271103
0.0274732
0.0279013
0.0282808
0.0286733
0.0290885
0.0295237
0.0299367
0.0303846
0.0308356
0.0312947
0.03176
0.0322428
0.0327426
0.0332338
0.0337589
0.0342614
0.0348166
0.0353479
0.035914
0.0364732
0.0370467
0.0376484
0.0382321
0.0388545
0.039472
0.0401006
0.0407671
0.041404
0.0421046
0.0427884
0.0434757
0.0441491
0.0445687
0.0132841
0.0139678
0.0148345
0.0156584
0.0163218
0.0167738
0.0170175
0.017087
0.01703
0.0168934
0.0167211
0.0165612
0.0164306
0.0163419
0.0162883
0.0162666
0.0162791
0.0163257
0.0164304
0.0165731
0.0167239
0.0168577
0.0169534
0.0170589
0.0171829
0.0173115
0.017443
0.017565
0.0177156
0.0178701
0.0179715
0.0180913
0.0182327
0.0184036
0.0186269
0.0188107
0.0189427
0.0191102
0.0193266
0.0195628
0.0197657
0.0199145
0.0201231
0.0204537
0.0206938
0.0207421
0.0209697
0.0214522
0.0216772
0.0216845
0.0220044
0.0224581
0.0226446
0.0228181
0.0231918
0.0235207
0.0237427
0.0240405
0.0244015
0.0247262
0.0250154
0.0253509
0.0257023
0.0260265
0.0264002
0.0267843
0.0271204
0.0274904
0.0279085
0.0282909
0.0286798
0.0290943
0.0295313
0.0299439
0.0303907
0.0308417
0.0313009
0.0317658
0.0322484
0.0327477
0.0332387
0.0337627
0.0342655
0.0348201
0.0353513
0.0359169
0.0364763
0.0370502
0.0376515
0.0382354
0.0388575
0.0394759
0.0401039
0.0407707
0.0414085
0.0421093
0.0427939
0.0434818
0.0441558
0.0445761
0.0133081
0.013973
0.0148099
0.0156031
0.016244
0.0166863
0.0169218
0.0169822
0.0169162
0.0167788
0.0166103
0.0164552
0.0163369
0.0162608
0.0162271
0.0162239
0.0162555
0.0163164
0.0164164
0.0165568
0.0167067
0.0168526
0.0169631
0.0170681
0.0171893
0.0173091
0.0174407
0.0175674
0.0177091
0.0178681
0.0179865
0.0181077
0.018249
0.0184122
0.0186213
0.0188202
0.0189724
0.0191292
0.0193277
0.0195577
0.0197724
0.0199506
0.0201381
0.0204122
0.0207049
0.0208125
0.0209475
0.0213963
0.0217273
0.021735
0.0219702
0.0224476
0.0226814
0.0228249
0.0231807
0.0235333
0.0237607
0.0240416
0.0244002
0.0247366
0.0250242
0.025355
0.02571
0.0260321
0.0264027
0.0267935
0.0271299
0.0274853
0.0279128
0.0282996
0.0286855
0.0290985
0.0295375
0.0299499
0.030396
0.0308468
0.0313066
0.0317712
0.0322532
0.0327519
0.0332424
0.0337659
0.0342692
0.0348236
0.035354
0.035919
0.036478
0.037052
0.037653
0.0382371
0.0388591
0.0394784
0.0401062
0.0407732
0.0414123
0.0421135
0.042799
0.0434873
0.044162
0.044583
0.0133582
0.0139983
0.0147992
0.0155517
0.0161539
0.0165684
0.0167851
0.0168306
0.0167544
0.016614
0.0164548
0.0163111
0.016211
0.0161561
0.0161487
0.016175
0.016228
0.0163063
0.0164041
0.0165391
0.016686
0.016835
0.0169633
0.0170729
0.0171936
0.0173057
0.0174329
0.0175681
0.0177045
0.0178644
0.0179977
0.0181262
0.0182691
0.0184257
0.0186219
0.0188236
0.0189948
0.0191547
0.0193369
0.0195601
0.0197781
0.0199769
0.0201744
0.0203961
0.0206908
0.0208848
0.020973
0.0213302
0.021752
0.0218147
0.0219513
0.0224202
0.0227201
0.0228431
0.0231674
0.0235433
0.0237839
0.0240467
0.0243976
0.0247454
0.025034
0.0253595
0.0257181
0.0260384
0.0264044
0.0268024
0.0271415
0.0274892
0.0279178
0.02831
0.0286932
0.0291043
0.0295449
0.0299577
0.0304028
0.0308528
0.0313131
0.0317778
0.0322595
0.0327578
0.0332476
0.0337701
0.034274
0.034828
0.0353578
0.035923
0.0364821
0.0370562
0.0376566
0.0382407
0.0388626
0.0394822
0.04011
0.040777
0.0414168
0.0421184
0.0428044
0.0434933
0.0441682
0.0445901
0.0134588
0.0140649
0.0148186
0.0155131
0.0160543
0.0164156
0.0165943
0.0166142
0.0165259
0.0163834
0.0162373
0.016115
0.0160407
0.0160194
0.016046
0.01611
0.0161899
0.0162861
0.0163866
0.0165123
0.0166549
0.0167998
0.016943
0.0170627
0.017183
0.0172931
0.017413
0.0175559
0.0176914
0.0178504
0.0179978
0.0181346
0.0182839
0.0184359
0.0186209
0.01882
0.0190011
0.019174
0.0193454
0.0195564
0.0197769
0.0199811
0.0201972
0.0203973
0.0206561
0.0209184
0.0210259
0.0212697
0.0217271
0.0218983
0.0219573
0.0223714
0.0227453
0.0228721
0.0231505
0.0235441
0.023808
0.0240532
0.024392
0.0247519
0.0250436
0.0253642
0.0257267
0.0260448
0.026404
0.0268083
0.0271439
0.0274883
0.02792
0.028318
0.0287
0.0291085
0.0295504
0.0299642
0.0304087
0.0308574
0.0313184
0.0317831
0.0322636
0.0327615
0.0332505
0.033773
0.0342777
0.0348312
0.0353593
0.0359244
0.0364835
0.0370577
0.0376582
0.0382426
0.0388649
0.0394848
0.0401128
0.0407798
0.0414207
0.0421228
0.0428091
0.0434985
0.0441737
0.0445963
0.0136182
0.0141905
0.0148892
0.0155093
0.015969
0.0162537
0.0163748
0.0163612
0.0162664
0.0161371
0.0160183
0.0159349
0.0159004
0.0159196
0.0159771
0.0160657
0.0161633
0.0162679
0.0163725
0.0164884
0.016624
0.0167632
0.0169124
0.0170456
0.0171682
0.017286
0.0174029
0.0175481
0.0176872
0.0178426
0.0180021
0.0181442
0.0182995
0.0184513
0.0186253
0.0188231
0.0190075
0.0191941
0.0193683
0.0195637
0.0197871
0.0199922
0.0202126
0.0204219
0.0206415
0.0209214
0.0210914
0.0212524
0.0216711
0.0219657
0.0220061
0.0223217
0.0227495
0.0229174
0.023142
0.0235362
0.0238359
0.0240665
0.0243867
0.0247566
0.0250532
0.025369
0.0257364
0.0260536
0.0264034
0.0268135
0.0271605
0.0274934
0.0279226
0.0283266
0.0287084
0.0291138
0.0295561
0.0299713
0.030415
0.0308626
0.0313244
0.0317901
0.0322699
0.0327673
0.0332552
0.0337772
0.0342827
0.0348358
0.0353632
0.0359286
0.0364879
0.0370615
0.0376614
0.0382456
0.0388679
0.039488
0.040116
0.0407832
0.0414247
0.0421274
0.0428142
0.0435039
0.0441798
0.0446033
0.0136223
0.0140091
0.0145352
0.0150136
0.0153721
0.0156009
0.0157257
0.015775
0.0157815
0.0157673
0.0157553
0.0157644
0.015798
0.0158626
0.0159447
0.0160417
0.0161423
0.0162442
0.0163491
0.0164563
0.0165806
0.0167137
0.0168593
0.0170024
0.0171323
0.0172659
0.0173896
0.0175308
0.0176766
0.0178306
0.0179999
0.0181503
0.0183074
0.0184643
0.0186274
0.0188215
0.0190064
0.0191974
0.0193835
0.0195684
0.0197882
0.0199989
0.0202114
0.0204397
0.0206478
0.0209069
0.0211393
0.0212776
0.021613
0.0219898
0.0220802
0.022291
0.0227224
0.0229625
0.0231468
0.023515
0.023857
0.0240853
0.0243795
0.0247574
0.025059
0.0253705
0.0257443
0.0260635
0.026401
0.0268127
0.0271722
0.0274984
0.0279226
0.028334
0.028718
0.0291199
0.0295623
0.0299795
0.030422
0.0308678
0.0313305
0.031796
0.0322744
0.0327712
0.0332583
0.0337809
0.0342872
0.0348391
0.0353646
0.0359304
0.0364905
0.037064
0.0376641
0.0382489
0.0388715
0.0394916
0.0401198
0.040787
0.041429
0.0421319
0.0428185
0.0435089
0.0441813
0.0446066
0.0154466
0.0151983
0.0148435
0.0145588
0.0144158
0.0144176
0.0145455
0.0147543
0.0149936
0.0152249
0.0154254
0.0155947
0.0157315
0.0158467
0.015943
0.0160331
0.0161227
0.0162171
0.0163207
0.0164246
0.0165402
0.0166698
0.0168092
0.0169536
0.0170938
0.0172427
0.0173794
0.0175154
0.0176636
0.0178182
0.017989
0.01815
0.0183076
0.0184719
0.0186316
0.0188193
0.0190084
0.0191985
0.0193978
0.0195825
0.0197916
0.0200064
0.0202074
0.0204435
0.0206617
0.0208888
0.021149
0.0213129
0.0215697
0.0219656
0.0221463
0.0222946
0.0226772
0.0229928
0.0231731
0.0234924
0.0238667
0.0241124
0.0243768
0.024754
0.0250699
0.0253741
0.0257516
0.0260781
0.0264024
0.0268119
0.0271867
0.0275083
0.0279216
0.0283377
0.0287263
0.0291234
0.0295646
0.029985
0.0304259
0.0308704
0.0313356
0.0318022
0.032279
0.0327751
0.0332612
0.0337838
0.0342914
0.0348424
0.0353672
0.0359337
0.0364939
0.0370663
0.0376658
0.0382507
0.0388732
0.0394935
0.0401219
0.0407896
0.041432
0.0421357
0.0428235
0.0435143
0.044194
0.044613
0.0150696
0.0146503
0.0141554
0.0137815
0.0136013
0.0136217
0.0138134
0.0141198
0.0144691
0.0148108
0.0151102
0.0153644
0.0155704
0.0157362
0.0158676
0.0159771
0.0160796
0.0161825
0.0162921
0.0163976
0.0165098
0.0166354
0.0167697
0.0169113
0.0170566
0.0172116
0.0173584
0.0174992
0.0176506
0.0178114
0.0179805
0.0181533
0.0183145
0.0184813
0.0186443
0.01882
0.0190135
0.019201
0.0194068
0.0196025
0.0197984
0.0200166
0.0202121
0.0204457
0.0206859
0.0208961
0.0211538
0.0213598
0.0215744
0.0219331
0.0221943
0.0223366
0.0226412
0.0229984
0.0232113
0.0234791
0.0238596
0.0241401
0.0243822
0.0247455
0.0250799
0.0253776
0.0257504
0.0260917
0.0264036
0.0268028
0.0271965
0.0275213
0.0279211
0.0283427
0.0287395
0.0291324
0.0295717
0.0299963
0.0304348
0.0308755
0.0313435
0.0318108
0.0322846
0.0327792
0.0332656
0.0337891
0.0342971
0.034846
0.035369
0.0359364
0.0364975
0.0370702
0.0376698
0.0382551
0.0388782
0.0394982
0.0401267
0.0407943
0.0414366
0.0421405
0.042827
0.0435184
0.0441959
0.0446177
0.0157058
0.0153807
0.0149166
0.0144982
0.0142032
0.0140496
0.0140289
0.0141271
0.0143087
0.0145427
0.0147915
0.0150371
0.0152666
0.0154756
0.015664
0.0158276
0.0159775
0.0161143
0.0162472
0.0163704
0.0164925
0.0166193
0.0167493
0.0168873
0.0170263
0.0171727
0.0173168
0.0174682
0.017625
0.01779
0.0179593
0.0181369
0.0183082
0.0184742
0.0186453
0.0188155
0.019009
0.0192017
0.0194045
0.0196131
0.0197992
0.0200127
0.0202106
0.0204316
0.0206884
0.0208969
0.0211376
0.0213754
0.0215834
0.0218912
0.0221937
0.0223779
0.0226243
0.0229771
0.0232445
0.023484
0.0238383
0.0241612
0.0243986
0.0247323
0.025088
0.0253864
0.0257486
0.0261109
0.0264148
0.0267924
0.0272067
0.0275377
0.0279175
0.028341
0.0287475
0.0291343
0.0295709
0.0300011
0.0304374
0.0308743
0.0313465
0.0318168
0.0322879
0.0327801
0.0332667
0.0337917
0.0343006
0.034848
0.0353705
0.0359389
0.0365
0.0370714
0.0376704
0.038256
0.0388791
0.039499
0.0401277
0.040796
0.0414387
0.0421431
0.0428312
0.0435224
0.044201
0.0446225
0.0136336
0.0138061
0.0140726
0.0142937
0.0144281
0.0144829
0.0144833
0.014476
0.0144943
0.0145621
0.0146837
0.0148529
0.0150591
0.0152804
0.0155029
0.0157057
0.0158916
0.0160579
0.0162124
0.0163578
0.0164916
0.0166226
0.0167483
0.0168801
0.0170062
0.0171392
0.0172831
0.017447
0.0176168
0.0177842
0.0179571
0.018133
0.0183098
0.0184762
0.0186488
0.018823
0.0190088
0.0192115
0.0194102
0.0196229
0.0198135
0.0200123
0.0202237
0.0204362
0.020694
0.0209182
0.0211378
0.021394
0.0216156
0.0218805
0.0221857
0.0224135
0.0226405
0.0229541
0.0232595
0.023509
0.0238138
0.0241674
0.0244276
0.0247181
0.0250899
0.0254002
0.0257333
0.0261215
0.0264299
0.0267752
0.0272078
0.0275594
0.0279179
0.0283415
0.0287636
0.0291449
0.0295773
0.0300141
0.0304485
0.0308788
0.0313537
0.0318266
0.0322951
0.0327837
0.03327
0.0337971
0.0343062
0.0348512
0.0353717
0.0359419
0.0365038
0.0370758
0.0376752
0.0382607
0.0388847
0.0395042
0.040133
0.0408011
0.0414432
0.0421474
0.0428342
0.0435255
0.044203
0.0446263
0.0157157
0.0152571
0.0146355
0.0140651
0.0136418
0.0133983
0.0133347
0.0134262
0.0136346
0.0139174
0.0142417
0.0145706
0.0148846
0.0151672
0.0154197
0.0156396
0.0158343
0.0160106
0.0161718
0.016327
0.0164664
0.0165984
0.016721
0.0168455
0.0169656
0.0170926
0.0172448
0.0174191
0.0175992
0.0177702
0.0179451
0.0181217
0.0182964
0.0184685
0.0186408
0.018823
0.0190065
0.0192107
0.0194145
0.0196198
0.0198202
0.0200067
0.0202208
0.0204393
0.0206824
0.0209239
0.021132
0.0213878
0.0216338
0.0218749
0.0221698
0.0224225
0.0226604
0.0229454
0.0232528
0.0235381
0.023806
0.0241553
0.0244589
0.0247136
0.0250803
0.0254199
0.0257251
0.0261233
0.0264545
0.0267668
0.0272017
0.0275788
0.0279197
0.0283327
0.0287698
0.0291489
0.0295738
0.0300169
0.0304524
0.0308773
0.031354
0.0318309
0.0322985
0.0327849
0.0332701
0.0337986
0.0343095
0.0348533
0.0353727
0.0359434
0.0365055
0.0370766
0.0376754
0.0382611
0.0388853
0.0395046
0.0401333
0.040802
0.0414443
0.0421489
0.0428368
0.0435283
0.0442061
0.0446284
0.0149786
0.0144001
0.0137051
0.0131132
0.0127201
0.0125545
0.01261
0.01284
0.0131863
0.013593
0.01402
0.0144297
0.0148021
0.0151241
0.0153949
0.0156214
0.0158143
0.0159872
0.0161456
0.0162987
0.0164392
0.0165711
0.0166937
0.0168147
0.016934
0.0170616
0.0172195
0.0174012
0.017586
0.0177617
0.017937
0.0181144
0.0182854
0.0184588
0.0186312
0.0188147
0.0190007
0.0192012
0.01941
0.0196127
0.0198162
0.0200054
0.0202149
0.0204438
0.0206816
0.0209261
0.0211398
0.0213868
0.0216448
0.0218823
0.0221652
0.0224243
0.0226692
0.0229479
0.0232434
0.0235462
0.0238135
0.0241431
0.0244698
0.0247221
0.025069
0.0254284
0.0257267
0.0261154
0.0264661
0.0267694
0.0271936
0.0275891
0.0279317
0.0283347
0.0287791
0.0291628
0.0295826
0.0300263
0.030464
0.0308851
0.0313603
0.0318379
0.0323049
0.0327896
0.0332736
0.0338022
0.0343131
0.0348564
0.0353743
0.035946
0.0365092
0.037081
0.0376807
0.0382661
0.0388908
0.0395098
0.0401385
0.0408068
0.0414485
0.0421523
0.0428387
0.0435306
0.0442076
0.0446323
)
;

boundaryField
{
    ZeroGradientPlanes
    {
        type            zeroGradient;
    }
    inlet
    {
        type            zeroGradient;
    }
    plate
    {
        type            zeroGradient;
    }
    frontAndBack
    {
        type            empty;
    }
}


// ************************************************************************* //
