/*--------------------------------*- C++ -*----------------------------------*\
| =========                 |                                                 |
| \\      /  F ield         | OpenFOAM: The Open Source CFD Toolbox           |
|  \\    /   O peration     | Version:  2506                                  |
|   \\  /    A nd           | Website:  www.openfoam.com                      |
|    \\/     M anipulation  |                                                 |
\*---------------------------------------------------------------------------*/
FoamFile
{
    version     2.0;
    format      ascii;
    arch        "LSB;label=32;scalar=64";
    class       volScalarField;
    location    "8.1";
    object      p;
}
// * * * * * * * * * * * * * * * * * * * * * * * * * * * * * * * * * * * * * //

dimensions      [0 2 -2 0 0 0 0];

internalField   nonuniform List<scalar> 
9600
(
-1.87687e-10
0.00327208
0.0080576
0.00275433
-0.00309149
0.00483122
0.006429
0.00505455
0.00943881
0.0108039
0.00978601
0.0109384
0.0104965
0.0125289
0.0122015
0.0139179
0.014415
0.0167131
0.0191773
0.0220884
2.55082e-06
0.00327252
0.00805109
0.00276967
-0.00307578
0.00481215
0.00641392
0.00506096
0.00943768
0.0108225
0.0097984
0.0109295
0.0104931
0.0125121
0.01224
0.0139022
0.014428
0.0166823
0.0191904
0.0217565
5.70527e-06
0.00328295
0.0080477
0.00278669
-0.00305972
0.00478102
0.00639402
0.00509816
0.00944583
0.0108561
0.0098148
0.010902
0.0104941
0.0124811
0.0122807
0.0138763
0.014444
0.0166361
0.0191839
0.0213511
1.22281e-05
0.00331396
0.00803589
0.00280926
-0.00302438
0.00476325
0.00637589
0.00516807
0.00945627
0.0108982
0.00984145
0.0108669
0.0105061
0.012441
0.0123228
0.0138445
0.0144579
0.016583
0.0191462
0.0209753
2.64503e-05
0.00336129
0.00800579
0.00283812
-0.00295523
0.00476437
0.00635587
0.00525923
0.00946937
0.0109466
0.00987918
0.0108321
0.0105295
0.0123987
0.0123669
0.0138083
0.0144712
0.0165208
0.0190874
0.0206351
5.0816e-05
0.00341582
0.00795227
0.00287389
-0.00284476
0.00478273
0.00633104
0.00536479
0.00948848
0.0109975
0.00992765
0.0108034
0.0105643
0.0123599
0.0124129
0.0137703
0.0144836
0.0164509
0.0190123
0.0203194
8.57527e-05
0.00347029
0.00787702
0.00291558
-0.00269617
0.00481607
0.00630205
0.00548002
0.00951583
0.0110478
0.00998508
0.0107817
0.0106095
0.0123271
0.0124607
0.0137317
0.0144938
0.0163763
0.0189194
0.0200204
0.000130121
0.00352089
0.00778625
0.00296157
-0.00251954
0.00486124
0.00626921
0.00559975
0.00955054
0.0110944
0.0100482
0.0107659
0.0106639
0.0123007
0.0125099
0.0136932
0.0145007
0.0162987
0.018806
0.0197353
0.000181967
0.00356689
0.00768669
0.00301111
-0.00232562
0.0049113
0.00623109
0.00571877
0.00958892
0.0111342
0.0101125
0.0107541
0.0107257
0.0122801
0.0125605
0.013655
0.0145025
0.0162188
0.0186715
0.0194628
0.000239401
0.00360953
0.00758712
0.00306457
-0.00212091
0.00495756
0.00618653
0.00583283
0.00962629
0.0111641
0.0101734
0.0107447
0.0107929
0.0122644
0.01261
0.0136172
0.0144977
0.0161377
0.0185172
0.0192016
0.000301088
0.00365054
0.00749235
0.00312247
-0.00190705
0.00499466
0.00613649
0.00593947
0.00965889
0.0111823
0.0102272
0.0107365
0.0108634
0.012253
0.0126586
0.0135806
0.0144855
0.0160568
0.0183458
0.0189496
0.000366287
0.00369129
0.007401
0.00318493
-0.00168361
0.00502036
0.00608411
0.00603837
0.00968518
0.0111881
0.0102719
0.0107291
0.0109356
0.0122457
0.0127055
0.0135464
0.0144662
0.0159773
0.0181616
0.0187056
0.000434652
0.00373261
0.00731236
0.00325148
-0.00145009
0.00503864
0.00603333
0.00613106
0.00970549
0.0111822
0.0103068
0.0107223
0.0110084
0.0122425
0.0127504
0.0135161
0.01444
0.0158998
0.01797
0.0184696
0.000506044
0.00377479
0.00722544
0.00332146
-0.00120694
0.00505199
0.00598856
0.00621941
0.00972146
0.0111661
0.0103325
0.0107166
0.0110805
0.0122434
0.0127932
0.01349
0.0144075
0.0158247
0.0177762
0.0182421
0.000580397
0.00381772
0.00713984
0.00339449
-0.000955639
0.00506251
0.00595061
0.00630451
0.0097354
0.0111416
0.0103501
0.0107124
0.0111511
0.0122482
0.0128332
0.0134674
0.0143695
0.0157519
0.0175837
0.0180221
0.000657657
0.00386121
0.00705557
0.00347031
-0.000698238
0.00507191
0.00591959
0.00638676
0.00974963
0.0111108
0.0103612
0.0107103
0.0112197
0.0122565
0.0128697
0.0134467
0.0143267
0.0156803
0.017393
0.0178073
0.000737804
0.00390518
0.00697294
0.00354854
-0.000436687
0.00508128
0.00589509
0.00646613
0.00976615
0.0110757
0.0103669
0.0107109
0.0112863
0.012268
0.0129018
0.0134267
0.014279
0.0156082
0.0172039
0.0175953
0.00082087
0.00394962
0.00689236
0.00362874
-0.000172342
0.00509136
0.00587647
0.00654238
0.00978668
0.0110381
0.010368
0.0107144
0.0113509
0.0122821
0.0129293
0.0134062
0.0142265
0.0155342
0.0170168
0.0173841
0.000906932
0.00399449
0.00681428
0.00371053
9.4015e-05
0.00510276
0.00586319
0.00661533
0.00981158
0.0109996
0.0103651
0.0107209
0.0114135
0.0122983
0.0129523
0.0133848
0.0141676
0.0154576
0.0168336
0.0171718
0.000996078
0.00403968
0.00673923
0.00379367
0.000361748
0.00511608
0.00585502
0.00668497
0.0098403
0.0109617
0.0103582
0.0107304
0.0114742
0.0123159
0.0129709
0.0133624
0.0141023
0.0153784
0.0166563
0.0169575
0.00108842
0.00408504
0.0066678
0.00387808
0.000630208
0.00513176
0.005852
0.00675138
0.00987238
0.0109257
0.0103476
0.0107424
0.0115335
0.0123346
0.0129846
0.0133387
0.0140311
0.0152953
0.0164858
0.0167422
0.00118412
0.00413042
0.00660058
0.00396387
0.00089884
0.00515024
0.00585418
0.00681473
0.00990716
0.0108928
0.0103335
0.0107563
0.0115918
0.0123539
0.0129933
0.0133136
0.0139544
0.0152073
0.0163223
0.0165273
0.00128335
0.00417567
0.00653809
0.00405116
0.00116709
0.00517186
0.00586158
0.00687528
0.00994395
0.0108641
0.0103162
0.0107713
0.0116495
0.0123734
0.0129967
0.013287
0.0138731
0.0151137
0.0161661
0.0163135
0.00138631
0.00422067
0.00648077
0.00414012
0.00143435
0.00519696
0.00587425
0.00693328
0.00998221
0.0108401
0.010296
0.0107869
0.0117072
0.012393
0.0129941
0.0132589
0.0137881
0.0150142
0.0160186
0.0161013
0.00149325
0.00426522
0.00642901
0.00423102
0.00169997
0.00522579
0.00589234
0.00698909
0.0100213
0.0108216
0.0102734
0.0108023
0.0117651
0.0124125
0.0129848
0.0132291
0.0136999
0.0149072
0.0158815
0.0158949
0.00160439
0.00430915
0.00638321
0.00432419
0.00196328
0.00525862
0.00591591
0.00704316
0.0100606
0.010809
0.0102491
0.0108165
0.0118232
0.0124323
0.0129688
0.0131973
0.0136096
0.0147902
0.0157544
0.015703
0.00171997
0.00435234
0.0063438
0.00441999
0.00222369
0.00529568
0.00594493
0.0070958
0.0100994
0.0108029
0.0102241
0.0108284
0.0118816
0.0124527
0.0129452
0.013163
0.01352
0.0146615
0.0156317
0.0155341
0.00184022
0.00439472
0.00631308
0.00451885
0.00248074
0.00533715
0.00597947
0.0071474
0.0101369
0.0108034
0.0101994
0.0108372
0.0119402
0.0124746
0.0129137
0.0131251
0.0134345
0.0145224
0.015504
0.0153898
0.00196537
0.00443627
0.00628709
0.00462119
0.00273408
0.00538316
0.00601984
0.00719843
0.0101724
0.0108105
0.0101756
0.0108418
0.0119982
0.0124992
0.0128753
0.0130823
0.0133546
0.0143776
0.0153636
0.015264
0.00209562
0.00447713
0.00626494
0.00472738
0.00298347
0.00543362
0.00606629
0.00724965
0.0102051
0.0108243
0.010154
0.0108415
0.0120544
0.0125268
0.0128311
0.0130333
0.0132798
0.0142321
0.0152103
0.0151467
0.00223115
0.0045176
0.00624779
0.00483769
0.00322885
0.00548834
0.00611878
0.00730192
0.0102343
0.0108443
0.0101357
0.0108358
0.0121079
0.0125576
0.0127825
0.0129774
0.0132086
0.0140899
0.0150483
0.0150297
0.00237209
0.00455808
0.00623563
0.00495234
0.00347044
0.0055472
0.0061769
0.00735601
0.0102596
0.01087
0.0101218
0.0108244
0.0121574
0.0125921
0.0127306
0.0129144
0.0131403
0.0139527
0.0148805
0.0149092
0.00251857
0.00459911
0.00622806
0.00507137
0.00370877
0.00561011
0.00624013
0.00741264
0.010281
0.0109004
0.0101136
0.0108072
0.0122013
0.0126303
0.0126765
0.0128435
0.0130709
0.0138233
0.0147082
0.0147832
0.00267065
0.00464126
0.00622459
0.00519471
0.00394442
0.00567703
0.00630801
0.00747244
0.0102988
0.0109346
0.0101115
0.0107842
0.0122381
0.0126722
0.0126218
0.0127639
0.013013
0.0137062
0.0145339
0.0146489
0.00282834
0.00468525
0.00622479
0.00532207
0.00417798
0.00574816
0.00638008
0.00753591
0.0103134
0.0109715
0.0101158
0.0107556
0.0122663
0.0127176
0.0125689
0.0126752
0.0129593
0.0136043
0.0143626
0.0145027
0.00299163
0.00473187
0.00622821
0.005453
0.00441007
0.00582378
0.00645547
0.00760316
0.0103256
0.0110108
0.0101267
0.0107214
0.0122847
0.0127658
0.0125202
0.0125781
0.012904
0.0135187
0.0142012
0.0143439
0.00316049
0.00478167
0.00623495
0.00558707
0.0046411
0.00590447
0.00653319
0.00767381
0.0103359
0.0110523
0.0101449
0.0106816
0.0122914
0.0128157
0.012478
0.0124736
0.0128436
0.013449
0.0140567
0.0141765
0.00333483
0.00483515
0.00624544
0.00572377
0.0048712
0.00599154
0.00661269
0.0077467
0.0103446
0.0110961
0.0101713
0.0106368
0.0122842
0.0128663
0.0124447
0.0123629
0.0127753
0.0133933
0.0139344
0.0140098
0.00351448
0.00489273
0.00626028
0.00586307
0.00509992
0.00608586
0.00669408
0.00782083
0.0103518
0.0111419
0.0102069
0.0105878
0.0122604
0.0129153
0.0124237
0.0122483
0.0126966
0.0133481
0.0138373
0.013855
0.00369943
0.00495454
0.00628007
0.00600544
0.00532615
0.00618764
0.00677838
0.00789589
0.0103572
0.0111886
0.0102531
0.0105368
0.0122176
0.0129591
0.0124177
0.0121339
0.012605
0.0133089
0.0137658
0.013722
0.00388971
0.00502084
0.00630495
0.0061513
0.00554872
0.00629682
0.00686716
0.00797147
0.01036
0.011235
0.0103112
0.0104877
0.0121548
0.0129922
0.0124282
0.0120257
0.0124973
0.0132692
0.0137195
0.0136185
0.00408516
0.00509234
0.00633484
0.00630116
0.00576741
0.00641268
0.00696205
0.00804732
0.0103592
0.0112798
0.0103811
0.0104447
0.012073
0.0130087
0.0124548
0.011932
0.0123715
0.0132189
0.0136958
0.0135516
0.00428553
0.00517006
0.00636889
0.00645549
0.00598342
0.00653318
0.00706361
0.00812483
0.0103545
0.011321
0.0104616
0.0104112
0.0119743
0.0130041
0.0124951
0.0118608
0.0122318
0.0131465
0.0136859
0.013525
0.00449055
0.0052552
0.00640587
0.00661433
0.00619923
0.00665584
0.0071706
0.00820657
0.0103471
0.0113555
0.010551
0.0103908
0.011862
0.012975
0.0125436
0.0118187
0.0120833
0.0130426
0.0136765
0.0135352
0.00469979
0.0053492
0.00644456
0.0067767
0.00641827
0.00677954
0.00728134
0.0082936
0.0103378
0.011381
0.0106467
0.0103867
0.0117415
0.0129206
0.0125942
0.0118088
0.0119415
0.0129036
0.0136518
0.013573
0.00491263
0.00545375
0.00648446
0.0069405
0.00664408
0.00690495
0.00739269
0.00838578
0.0103286
0.0113968
0.010745
0.0104005
0.0116192
0.0128425
0.0126405
0.0118294
0.0118202
0.0127351
0.0135969
0.0136266
0.00512825
0.00557031
0.00652579
0.00710284
0.00687903
0.00703372
0.00750045
0.0084825
0.0103232
0.0114027
0.0108418
0.0104322
0.0115017
0.0127442
0.0126772
0.0118751
0.0117292
0.0125505
0.0135001
0.0136799
0.00534577
0.00569995
0.00656994
0.0072598
0.00712351
0.00716953
0.00760146
0.00858179
0.010326
0.0114008
0.0109332
0.0104801
0.0113944
0.0126302
0.0127007
0.0119401
0.0116738
0.0123659
0.0133571
0.0137127
0.00556438
0.00584337
0.00661958
0.00740697
0.0073753
0.00731834
0.00769485
0.00867813
0.0103392
0.0113965
0.0110177
0.0105409
0.0113016
0.0125049
0.0127081
0.0120174
0.0116546
0.0121969
0.0131754
0.013705
0.00578319
0.00600093
0.00667827
0.00754032
0.00763036
0.00748692
0.0077821
0.00876387
0.010362
0.0113975
0.0110967
0.0106113
0.0112258
0.0123734
0.0126971
0.0120992
0.0116682
0.0120572
0.012974
0.0136431
0.0060014
0.00617256
0.00674971
0.00765756
0.00788315
0.00767973
0.00786707
0.00883241
0.0103901
0.0114092
0.0111749
0.0106896
0.0111678
0.0122401
0.0126664
0.012179
0.0117091
0.0119537
0.0127751
0.0135285
0.00621842
0.00635763
0.00683744
0.00775919
0.00812594
0.00789731
0.00795974
0.00888127
0.0104128
0.0114321
0.0112599
0.0107777
0.0111284
0.0121084
0.0126158
0.0122517
0.0117723
0.0118972
0.0125986
0.0133789
0.00643405
0.00655542
0.0069437
0.00784644
0.00835008
0.00813598
0.00807431
0.00891437
0.0104174
0.0114616
0.011357
0.0108794
0.011109
0.0119814
0.0125463
0.0123127
0.011852
0.0118794
0.0124571
0.0132171
0.00664783
0.00676486
0.00707192
0.0079231
0.00854766
0.00838788
0.00821991
0.00894079
0.0103969
0.0114882
0.0114679
0.0109994
0.0111133
0.0118645
0.0124598
0.0123565
0.0119413
0.0118929
0.0123556
0.0130629
0.00686023
0.0069812
0.0072228
0.00799738
0.00871636
0.00864177
0.00839939
0.00897609
0.0103516
0.0114965
0.0115888
0.011141
0.0111458
0.0117653
0.0123603
0.0123783
0.012033
0.0119325
0.0122938
0.012933
0.00707301
0.00720112
0.00739468
0.00807374
0.00885343
0.00888654
0.00861159
0.00904007
0.0102918
0.0114743
0.0117064
0.0113041
0.0112096
0.011691
0.0122554
0.0123751
0.0121187
0.0119921
0.0122665
0.0128365
0.00728803
0.00742351
0.00758674
0.00815523
0.008956
0.00911139
0.00885026
0.00914451
0.0102394
0.0114218
0.0118019
0.0114829
0.0113082
0.0116487
0.0121557
0.0123488
0.0121899
0.0120665
0.0122728
0.0127748
0.00750654
0.00765342
0.00779297
0.00824559
0.00902554
0.009309
0.00910495
0.00928863
0.0102122
0.0113461
0.0118603
0.0116628
0.0114417
0.0116456
0.0120716
0.0123061
0.0122404
0.0121475
0.0123083
0.0127448
0.00772671
0.00787226
0.00801037
0.00836183
0.00908367
0.00947349
0.00936138
0.00946912
0.0102213
0.011264
0.0118784
0.011824
0.0116028
0.0116868
0.0120135
0.0122575
0.012269
0.012222
0.0123578
0.0127444
0.00794824
0.00808697
0.00823012
0.00850584
0.00914569
0.00960584
0.00960239
0.0096734
0.0102698
0.0111946
0.0118617
0.0119514
0.0117752
0.0117709
0.011992
0.0122145
0.0122812
0.0122836
0.0124191
0.0127724
0.00817008
0.00829676
0.00845098
0.00867402
0.00921845
0.00970841
0.00981792
0.00989073
0.0103575
0.0111546
0.0118271
0.0120408
0.0119409
0.0118899
0.0120138
0.0121893
0.0122864
0.0123332
0.0124819
0.0128294
0.00839196
0.00850464
0.00866551
0.00885686
0.00930886
0.00979515
0.0100063
0.0101114
0.0104802
0.0111508
0.0117919
0.0120953
0.0120859
0.0120282
0.0120767
0.0121922
0.012293
0.0123742
0.0125359
0.0128763
0.00861322
0.00870763
0.00887327
0.00905082
0.00942148
0.00987736
0.0101668
0.0103224
0.0106273
0.0111834
0.0117715
0.0121268
0.012204
0.0121704
0.0121733
0.0122304
0.0123112
0.0124127
0.0125869
0.0129265
0.00883288
0.00891244
0.00907306
0.00924493
0.00955251
0.00996352
0.0103028
0.010517
0.0107912
0.0112516
0.0117748
0.0121506
0.0122979
0.0123054
0.0122923
0.0123036
0.0123508
0.0124545
0.0126396
0.0129782
0.0090494
0.00911289
0.00926761
0.00943604
0.00969776
0.0100604
0.0104231
0.0106918
0.0109624
0.0113516
0.0118062
0.0121791
0.0123763
0.0124271
0.0124203
0.0124068
0.012419
0.0125073
0.0126966
0.0130334
0.00926135
0.00931328
0.00945555
0.00962199
0.00985426
0.0101712
0.0105346
0.0108462
0.0111294
0.0114744
0.0118674
0.0122211
0.0124495
0.0125395
0.0125488
0.0125304
0.0125176
0.01258
0.012762
0.0130954
0.00946699
0.00950696
0.00963998
0.00980073
0.0100131
0.0102937
0.0106463
0.0109858
0.0112904
0.0116122
0.0119569
0.012284
0.0125262
0.0126489
0.0126763
0.0126635
0.0126424
0.0126793
0.0128425
0.0131669
0.00966585
0.0096994
0.0098194
0.00997172
0.0101696
0.0104241
0.0107599
0.0111131
0.011442
0.0117581
0.0120688
0.0123714
0.0126167
0.0127638
0.0128103
0.0128043
0.0127852
0.012805
0.0129433
0.0132525
0.00985528
0.00988428
0.00999415
0.0101369
0.0103231
0.0105601
0.0108779
0.0112326
0.0115829
0.0119079
0.0121981
0.0124793
0.0127233
0.0128889
0.0129594
0.0129637
0.0129489
0.0129599
0.013072
0.0133583
0.0100331
0.0100554
0.0101623
0.0102961
0.010471
0.0106977
0.0110012
0.0113489
0.0117127
0.0120574
0.0123463
0.0126129
0.0128507
0.0130245
0.0131168
0.013141
0.013134
0.0131442
0.0132356
0.0134936
0.0102014
0.0102239
0.0103212
0.0104435
0.0106081
0.0108302
0.0111277
0.0114682
0.0118322
0.0121911
0.0125014
0.012777
0.0130184
0.013198
0.0133037
0.0133474
0.0133482
0.0133565
0.0134314
0.0136546
0.0103549
0.0103784
0.0104726
0.0105818
0.0107322
0.0109497
0.0112492
0.0115945
0.0119614
0.0123172
0.0126376
0.0129408
0.0132109
0.0134208
0.013551
0.0136207
0.0136425
0.0136529
0.0137153
0.0139063
0.0104892
0.010514
0.0106129
0.0107157
0.0108537
0.0110609
0.0113482
0.0116928
0.0120815
0.0124579
0.0127804
0.0130871
0.0133825
0.0136342
0.0138066
0.013911
0.0139677
0.0139946
0.0140466
0.0142123
0.0106087
0.0106356
0.0107402
0.0108387
0.0109762
0.0111835
0.0114559
0.0117752
0.0121574
0.0125914
0.0130029
0.013381
0.0137247
0.0140143
0.0142265
0.0143738
0.0144659
0.0144923
0.0144901
0.0145463
0.0107065
0.0107148
0.0108003
0.0109099
0.0110655
0.011284
0.0115711
0.0118626
0.0121463
0.0124499
0.0128463
0.0133667
0.0138893
0.0143203
0.0146591
0.0149573
0.0152749
0.0156382
0.0160257
0.0163781
0.0108101
0.0108463
0.010951
0.0110356
0.0111504
0.0113171
0.0115975
0.0120021
0.0124605
0.0129353
0.0133731
0.0137808
0.0141513
0.0145071
0.0148669
0.015214
0.0155417
0.0158599
0.0161456
0.0163484
0.0107268
0.0107236
0.0109305
0.0111816
0.0114025
0.0116299
0.0119143
0.0122597
0.0126262
0.0129805
0.0133087
0.0136701
0.0140706
0.014478
0.0149055
0.0153436
0.015837
0.0163634
0.0168378
0.0171554
0.0109073
0.0109911
0.0111565
0.0113407
0.0115394
0.0117547
0.0120353
0.0123736
0.0127277
0.0131279
0.013566
0.0140073
0.0144362
0.0147935
0.0150696
0.0152614
0.0152982
0.0152178
0.0150877
0.0150121
0.0107867
0.0108099
0.0110956
0.0114297
0.0117045
0.0119273
0.0121836
0.0125023
0.0128341
0.0131835
0.0135612
0.0139319
0.0143423
0.0147802
0.0152023
0.0156334
0.0160922
0.0165572
0.0169597
0.0172226
0.010862
0.0109608
0.0112844
0.0116165
0.0118771
0.0120817
0.0123109
0.0126127
0.0129338
0.0132676
0.0136711
0.0141034
0.014541
0.0149952
0.0154216
0.0158178
0.0161653
0.0164497
0.0166574
0.0167496
0.0259764
0.0216884
0.013941
0.00789706
0.0066194
0.00834463
0.0104071
0.0118482
0.0127151
0.0133161
0.0138157
0.0142753
0.0148104
0.0154144
0.0159385
0.0163845
0.0168632
0.0173614
0.0178192
0.0182403
0.018675
0.019178
0.0197322
0.0202447
0.0206672
0.0210915
0.0216296
0.0222151
0.022714
0.0231691
0.0237023
0.0242923
0.0248567
0.0253873
0.0259145
0.0264583
0.0270315
0.0276491
0.0283014
0.0289621
0.0296402
0.0303503
0.031049
0.0316975
0.032302
0.0329221
0.0335822
0.0342655
0.0349549
0.0356789
0.0364498
0.0372325
0.0379926
0.0387501
0.0395713
0.0404178
0.0412368
0.0420499
0.0428933
0.0437224
0.0445584
0.0454299
0.0463499
0.047296
0.0482714
0.0492805
0.0503028
0.0512734
0.0522416
0.053249
0.0542995
0.055401
0.0565138
0.0576353
0.0587519
0.0599045
0.0610599
0.0622644
0.0634919
0.0647413
0.0660008
0.0672876
0.0686247
0.069973
0.0713521
0.0727578
0.0741968
0.0756915
0.0771828
0.0787097
0.0802139
0.0817828
0.0833811
0.085004
0.0866127
0.0882191
0.0898171
0.0913119
0.0927758
0.0940814
0.0252588
0.0215166
0.0140176
0.00804673
0.00671498
0.00839108
0.0104354
0.0118675
0.0127291
0.0133271
0.0138246
0.0142825
0.0148165
0.0154201
0.0159437
0.016389
0.0168672
0.0173651
0.0178226
0.0182433
0.0186776
0.0191803
0.0197344
0.0202469
0.0206691
0.021093
0.021631
0.0222165
0.0227153
0.0231702
0.0237033
0.0242933
0.0248577
0.0253882
0.0259153
0.0264591
0.0270322
0.0276498
0.0283021
0.0289627
0.0296408
0.0303509
0.0310496
0.0316982
0.0323026
0.0329227
0.0335827
0.034266
0.0349554
0.0356794
0.0364502
0.037233
0.037993
0.0387505
0.0395717
0.0404182
0.0412371
0.0420502
0.0428936
0.0437227
0.0445587
0.0454302
0.0463502
0.0472963
0.0482717
0.0492808
0.050303
0.0512737
0.0522418
0.0532492
0.0542997
0.0554012
0.056514
0.0576355
0.0587521
0.0599047
0.0610601
0.0622645
0.0634921
0.0647415
0.066001
0.0672878
0.0686249
0.0699731
0.0713522
0.0727579
0.0741969
0.0756916
0.077183
0.0787098
0.080214
0.0817829
0.0833812
0.0850041
0.0866128
0.0882191
0.0898172
0.0913119
0.0927758
0.0940813
0.0245596
0.0213403
0.0141863
0.00832959
0.0068809
0.00845318
0.0104651
0.0118893
0.0127461
0.0133408
0.0138359
0.0142915
0.0148234
0.0154259
0.0159487
0.0163935
0.0168712
0.0173687
0.0178257
0.0182461
0.0186802
0.0191826
0.0197365
0.0202489
0.0206709
0.0210945
0.0216323
0.0222178
0.0227166
0.0231712
0.0237042
0.0242942
0.0248585
0.025389
0.0259161
0.0264597
0.0270328
0.0276503
0.0283026
0.0289633
0.0296413
0.0303514
0.0310502
0.0316987
0.0323031
0.0329232
0.0335832
0.0342665
0.0349558
0.0356798
0.0364506
0.0372334
0.0379934
0.0387509
0.039572
0.0404185
0.0412375
0.0420505
0.0428939
0.043723
0.0445589
0.0454304
0.0463504
0.0472965
0.0482719
0.049281
0.0503032
0.0512739
0.052242
0.0532494
0.0542998
0.0554013
0.0565142
0.0576356
0.0587522
0.0599048
0.0610602
0.0622646
0.0634922
0.0647416
0.0660011
0.0672879
0.068625
0.0699732
0.0713523
0.072758
0.074197
0.0756917
0.0771831
0.0787099
0.0802141
0.081783
0.0833812
0.0850042
0.0866129
0.0882192
0.0898172
0.091312
0.0927758
0.0940814
0.0239039
0.0211649
0.0144051
0.00868838
0.00710855
0.0085415
0.0105084
0.0119215
0.0127713
0.0133607
0.0138526
0.0143052
0.0148336
0.0154331
0.0159548
0.0163992
0.0168766
0.0173732
0.0178296
0.0182497
0.0186835
0.0191855
0.0197391
0.0202513
0.0206732
0.0210966
0.0216342
0.0222195
0.022718
0.0231724
0.0237053
0.0242953
0.0248595
0.0253899
0.0259169
0.0264604
0.0270334
0.0276509
0.0283032
0.0289638
0.0296418
0.030352
0.0310508
0.0316993
0.0323036
0.0329236
0.0335836
0.0342669
0.0349562
0.0356802
0.036451
0.0372338
0.0379938
0.0387512
0.0395723
0.0404189
0.0412378
0.0420509
0.0428943
0.0437233
0.0445592
0.0454307
0.0463506
0.0472967
0.0482721
0.0492812
0.0503035
0.0512741
0.0522421
0.0532495
0.0543
0.0554015
0.0565143
0.0576358
0.0587524
0.0599049
0.0610603
0.0622648
0.0634923
0.0647417
0.0660012
0.067288
0.0686251
0.0699733
0.0713524
0.0727581
0.0741971
0.0756918
0.0771832
0.07871
0.0802142
0.0817831
0.0833813
0.0850043
0.086613
0.0882193
0.0898173
0.0913121
0.092776
0.0940816
0.0232568
0.0209605
0.0146294
0.00907223
0.00736441
0.00864432
0.010559
0.0119613
0.0128042
0.0133876
0.0138759
0.0143253
0.0148486
0.015443
0.0159624
0.016407
0.016884
0.0173792
0.0178345
0.0182547
0.0186885
0.0191897
0.0197421
0.020254
0.0206764
0.0211
0.0216371
0.0222218
0.02272
0.0231743
0.0237071
0.0242968
0.0248608
0.025391
0.0259179
0.0264613
0.0270341
0.0276515
0.0283039
0.0289645
0.0296424
0.0303526
0.0310514
0.0316999
0.0323041
0.0329241
0.0335841
0.0342674
0.0349567
0.0356806
0.0364515
0.0372343
0.0379943
0.0387516
0.0395727
0.0404193
0.0412382
0.0420512
0.0428946
0.0437236
0.0445595
0.0454309
0.0463509
0.047297
0.0482723
0.0492814
0.0503038
0.0512744
0.0522423
0.0532497
0.0543001
0.0554017
0.0565145
0.057636
0.0587525
0.0599051
0.0610605
0.0622649
0.0634925
0.0647418
0.0660013
0.0672881
0.0686252
0.0699734
0.0713525
0.0727583
0.0741972
0.0756919
0.0771833
0.0787101
0.0802143
0.0817832
0.0833814
0.0850044
0.0866131
0.0882194
0.0898175
0.0913123
0.0927762
0.0940819
0.0226082
0.0207165
0.0148449
0.00946683
0.00763813
0.00875571
0.0106112
0.0120036
0.0128415
0.0134192
0.0139043
0.0143508
0.0148682
0.0154556
0.0159718
0.0164168
0.0168936
0.0173869
0.0178408
0.0182613
0.0186956
0.0191956
0.0197459
0.0202571
0.0206806
0.021105
0.0216413
0.0222247
0.0227226
0.0231772
0.0237098
0.0242989
0.0248625
0.0253927
0.0259195
0.0264625
0.0270349
0.0276522
0.0283045
0.0289652
0.0296431
0.0303533
0.0310521
0.0317006
0.0323048
0.0329247
0.0335845
0.0342678
0.0349572
0.0356812
0.036452
0.0372347
0.0379948
0.0387521
0.0395732
0.0404197
0.0412386
0.0420516
0.042895
0.0437239
0.0445598
0.0454312
0.0463512
0.0472973
0.0482726
0.0492817
0.0503042
0.0512747
0.0522425
0.0532499
0.0543003
0.0554019
0.0565147
0.0576362
0.0587527
0.0599053
0.0610606
0.062265
0.0634926
0.064742
0.0660015
0.0672882
0.0686253
0.0699736
0.0713526
0.0727584
0.0741973
0.075692
0.0771834
0.0787102
0.0802144
0.0817833
0.0833815
0.0850045
0.0866133
0.0882195
0.0898177
0.0913125
0.0927766
0.0940824
0.0219625
0.0204371
0.0150495
0.00986909
0.00792855
0.0088758
0.0106639
0.0120466
0.0128815
0.0134543
0.0139362
0.0143798
0.0148907
0.0154702
0.0159828
0.0164282
0.0169048
0.0173958
0.0178482
0.0182695
0.0187048
0.0192033
0.0197505
0.0202606
0.0206858
0.0211116
0.0216467
0.0222283
0.022726
0.0231812
0.0237136
0.0243018
0.0248649
0.0253951
0.0259217
0.0264643
0.0270361
0.027653
0.0283052
0.0289659
0.0296439
0.0303541
0.0310529
0.0317013
0.0323056
0.0329254
0.033585
0.0342682
0.0349577
0.0356818
0.0364526
0.0372352
0.0379953
0.0387527
0.0395737
0.0404202
0.0412391
0.0420521
0.0428954
0.0437243
0.0445601
0.0454315
0.0463515
0.0472976
0.0482729
0.0492821
0.0503046
0.0512751
0.0522428
0.0532501
0.0543006
0.0554022
0.056515
0.0576364
0.0587529
0.0599055
0.0610608
0.0622652
0.0634928
0.0647421
0.0660016
0.0672883
0.0686255
0.0699737
0.0713528
0.0727585
0.0741974
0.0756922
0.0771835
0.0787104
0.0802145
0.0817834
0.0833817
0.0850047
0.0866134
0.0882197
0.0898179
0.091313
0.0927773
0.0940829
0.0213305
0.0201284
0.0152391
0.0102751
0.00823513
0.00900642
0.0107181
0.0120899
0.0129239
0.0134924
0.0139707
0.014411
0.0149151
0.0154863
0.0159951
0.016441
0.0169171
0.0174055
0.0178563
0.0182787
0.0187156
0.0192125
0.0197561
0.0202645
0.0206917
0.0211194
0.0216531
0.0222323
0.0227299
0.0231863
0.0237184
0.0243054
0.0248679
0.0253983
0.0259249
0.0264669
0.027038
0.0276542
0.028306
0.0289667
0.0296448
0.0303549
0.0310536
0.0317022
0.0323067
0.0329264
0.0335856
0.0342686
0.0349584
0.0356826
0.0364531
0.0372357
0.0379959
0.0387533
0.0395743
0.0404207
0.0412397
0.0420527
0.042896
0.0437247
0.0445605
0.0454319
0.0463518
0.0472979
0.0482733
0.0492824
0.050305
0.0512755
0.0522431
0.0532504
0.0543009
0.0554025
0.0565153
0.0576367
0.0587532
0.0599057
0.061061
0.0622654
0.063493
0.0647423
0.0660018
0.0672885
0.0686256
0.0699738
0.0713529
0.0727586
0.0741975
0.0756923
0.0771837
0.0787105
0.0802146
0.0817835
0.0833818
0.0850048
0.0866136
0.0882199
0.0898182
0.0913136
0.0927782
0.0940837
0.0207214
0.0197942
0.0154079
0.0106804
0.00855698
0.00914926
0.0107746
0.012133
0.012968
0.0135332
0.0140076
0.0144443
0.0149414
0.0155039
0.0160086
0.0164548
0.0169304
0.017416
0.017865
0.0182887
0.0187273
0.0192228
0.0197624
0.0202691
0.0206985
0.0211281
0.0216601
0.0222366
0.0227343
0.0231922
0.023724
0.0243094
0.0248712
0.0254021
0.025929
0.0264703
0.0270406
0.0276559
0.0283072
0.0289675
0.0296455
0.0303555
0.0310541
0.0317031
0.032308
0.0329278
0.0335865
0.0342692
0.0349592
0.0356835
0.0364538
0.0372361
0.0379965
0.0387541
0.039575
0.0404213
0.0412404
0.0420535
0.0428966
0.0437253
0.044561
0.0454323
0.0463521
0.0472983
0.0482736
0.0492828
0.0503056
0.0512761
0.0522435
0.0532507
0.0543012
0.0554029
0.0565156
0.057637
0.0587535
0.059906
0.0610613
0.0622656
0.0634933
0.0647425
0.066002
0.0672887
0.0686258
0.069974
0.071353
0.0727588
0.0741976
0.0756924
0.0771838
0.0787106
0.0802147
0.0817836
0.083382
0.085005
0.0866139
0.0882202
0.0898186
0.0913145
0.0927794
0.0940846
0.0201425
0.0194391
0.0155516
0.0110808
0.00889212
0.00930507
0.0108339
0.012175
0.0130128
0.0135764
0.014047
0.0144796
0.0149693
0.0155229
0.0160232
0.0164696
0.0169446
0.0174271
0.0178741
0.0182992
0.0187397
0.0192339
0.0197694
0.0202742
0.0207058
0.0211375
0.0216676
0.022241
0.0227389
0.0231986
0.0237302
0.0243136
0.0248746
0.0254062
0.0259336
0.0264746
0.0270439
0.0276583
0.0283088
0.0289687
0.0296463
0.0303559
0.0310543
0.0317038
0.0323096
0.0329296
0.0335877
0.03427
0.0349603
0.0356848
0.0364545
0.0372364
0.0379971
0.038755
0.0395756
0.0404217
0.041241
0.0420544
0.0428974
0.0437259
0.0445616
0.0454329
0.0463525
0.0472986
0.0482739
0.0492832
0.0503061
0.0512767
0.0522439
0.0532511
0.0543016
0.0554033
0.056516
0.0576375
0.0587539
0.0599064
0.0610616
0.062266
0.0634936
0.0647428
0.0660022
0.0672889
0.068626
0.0699742
0.0713532
0.0727589
0.0741978
0.0756926
0.077184
0.0787108
0.0802149
0.0817837
0.0833822
0.0850051
0.0866142
0.0882205
0.0898191
0.0913157
0.092781
0.0940857
0.0196
0.0190705
0.0156684
0.0114719
0.00923725
0.00947388
0.0108968
0.0122155
0.0130575
0.0136217
0.0140888
0.0145171
0.0149991
0.0155432
0.0160388
0.0164855
0.0169599
0.017439
0.0178838
0.0183101
0.0187527
0.0192455
0.0197769
0.0202797
0.0207136
0.0211474
0.0216755
0.0222457
0.0227437
0.0232054
0.0237368
0.0243181
0.0248781
0.0254103
0.0259385
0.0264794
0.0270479
0.0276613
0.0283109
0.0289702
0.0296473
0.030356
0.031054
0.0317041
0.0323112
0.0329317
0.0335893
0.0342712
0.0349617
0.0356863
0.0364555
0.0372369
0.0379977
0.0387559
0.0395761
0.0404219
0.0412416
0.0420552
0.0428982
0.0437267
0.0445625
0.0454338
0.0463532
0.0472989
0.0482741
0.0492834
0.0503066
0.0512773
0.0522444
0.0532515
0.0543022
0.0554038
0.0565165
0.0576379
0.0587544
0.0599069
0.061062
0.0622664
0.063494
0.0647432
0.0660025
0.0672892
0.0686263
0.0699744
0.0713534
0.0727591
0.074198
0.0756928
0.0771842
0.0787109
0.080215
0.0817839
0.0833824
0.0850053
0.0866146
0.0882209
0.0898196
0.0913173
0.0927832
0.094087
0.0190989
0.018697
0.0157579
0.0118495
0.00958871
0.00965555
0.0109642
0.0122543
0.0131012
0.0136685
0.0141331
0.0145567
0.0150305
0.0155648
0.0160556
0.0165026
0.0169762
0.0174517
0.0178939
0.0183215
0.0187663
0.0192577
0.0197847
0.0202855
0.0207217
0.0211579
0.0216839
0.0222506
0.0227487
0.0232125
0.0237437
0.0243227
0.0248815
0.0254144
0.0259435
0.0264844
0.0270523
0.0276648
0.0283135
0.0289721
0.0296484
0.030356
0.0310533
0.031704
0.0323126
0.032934
0.0335912
0.0342727
0.0349635
0.0356881
0.0364566
0.0372374
0.0379984
0.0387569
0.0395767
0.040422
0.0412419
0.0420559
0.0428988
0.0437274
0.0445636
0.045435
0.0463541
0.0472995
0.0482743
0.0492835
0.0503069
0.0512778
0.0522449
0.0532521
0.0543028
0.0554044
0.0565169
0.0576384
0.058755
0.0599074
0.0610625
0.062267
0.0634946
0.0647436
0.066003
0.0672896
0.0686267
0.0699746
0.0713536
0.0727593
0.0741981
0.075693
0.0771844
0.0787111
0.0802152
0.081784
0.0833827
0.0850055
0.0866151
0.0882214
0.0898203
0.0913193
0.0927858
0.0940886
0.0186426
0.0183267
0.0158207
0.0122103
0.00994321
0.00984979
0.0110373
0.0122915
0.0131429
0.0137162
0.0141798
0.0145985
0.0150635
0.0155876
0.0160735
0.0165208
0.0169936
0.0174652
0.0179046
0.0183333
0.0187804
0.0192705
0.0197929
0.0202913
0.02073
0.0211686
0.0216926
0.0222559
0.022754
0.0232199
0.0237509
0.0243276
0.0248851
0.0254186
0.0259485
0.0264895
0.0270569
0.0276686
0.0283165
0.0289744
0.0296498
0.030356
0.0310522
0.0317035
0.0323138
0.0329364
0.0335934
0.0342745
0.0349656
0.0356902
0.0364579
0.037238
0.0379993
0.0387581
0.0395773
0.0404219
0.0412421
0.0420564
0.0428992
0.0437279
0.0445647
0.0454364
0.0463554
0.0473005
0.0482746
0.0492833
0.0503069
0.0512782
0.0522454
0.0532526
0.0543035
0.0554051
0.0565174
0.0576389
0.0587555
0.059908
0.0610631
0.0622676
0.0634952
0.0647442
0.0660035
0.0672902
0.0686272
0.069975
0.0713539
0.0727595
0.0741984
0.0756933
0.0771846
0.0787113
0.0802153
0.0817842
0.083383
0.0850057
0.0866156
0.088222
0.089821
0.0913217
0.0927891
0.0940905
0.0182312
0.0179661
0.0158581
0.0125519
0.0102981
0.0100562
0.0111173
0.0123276
0.0131822
0.0137643
0.0142285
0.0146422
0.0150977
0.0156112
0.0160921
0.0165399
0.017012
0.0174794
0.0179157
0.0183457
0.0187952
0.0192839
0.0198015
0.0202973
0.0207384
0.0211797
0.0217018
0.0222615
0.0227596
0.0232276
0.0237584
0.0243328
0.0248889
0.0254229
0.0259536
0.0264947
0.0270617
0.0276726
0.0283198
0.028977
0.0296514
0.0303559
0.0310509
0.0317026
0.0323148
0.0329387
0.0335957
0.0342765
0.034968
0.0356926
0.0364594
0.0372387
0.0380003
0.0387594
0.039578
0.0404218
0.041242
0.0420567
0.0428994
0.0437282
0.0445656
0.0454378
0.0463571
0.0473019
0.0482752
0.049283
0.0503066
0.0512781
0.0522456
0.0532532
0.0543044
0.0554059
0.0565179
0.0576393
0.0587561
0.0599086
0.0610638
0.0622683
0.0634959
0.0647448
0.0660042
0.0672909
0.0686278
0.0699755
0.0713543
0.0727598
0.0741986
0.0756936
0.0771849
0.0787115
0.0802155
0.0817843
0.0833832
0.0850059
0.0866161
0.0882227
0.0898218
0.0913246
0.0927929
0.0940925
0.0178621
0.0176195
0.0158717
0.0128726
0.0106513
0.0102743
0.0112059
0.0123641
0.0132189
0.0138118
0.0142787
0.0146875
0.0151327
0.0156351
0.0161111
0.0165597
0.0170311
0.0174942
0.0179274
0.0183586
0.0188107
0.019298
0.0198106
0.0203035
0.0207469
0.0211911
0.0217114
0.0222675
0.0227654
0.0232355
0.0237663
0.0243383
0.0248931
0.0254274
0.0259587
0.0265
0.0270667
0.0276771
0.0283234
0.0289799
0.0296533
0.030356
0.0310494
0.0317015
0.0323156
0.0329411
0.0335981
0.0342787
0.0349706
0.0356952
0.036461
0.0372394
0.0380013
0.0387609
0.0395788
0.0404217
0.0412419
0.0420568
0.0428993
0.0437283
0.0445663
0.0454391
0.0463588
0.0473036
0.0482762
0.0492827
0.0503059
0.0512777
0.0522456
0.0532537
0.0543055
0.0554069
0.0565185
0.0576397
0.0587565
0.0599091
0.0610644
0.0622691
0.0634966
0.0647455
0.066005
0.0672918
0.0686286
0.0699762
0.0713549
0.0727602
0.0741989
0.0756939
0.0771853
0.0787118
0.0802158
0.0817845
0.0833835
0.0850061
0.0866168
0.0882236
0.0898227
0.091328
0.0927973
0.0940948
0.0175313
0.01729
0.0158631
0.013171
0.0110011
0.0105037
0.0113051
0.0124029
0.0132531
0.0138577
0.0143297
0.0147341
0.0151683
0.0156591
0.0161303
0.01658
0.0170507
0.0175096
0.0179397
0.0183722
0.0188271
0.0193132
0.0198204
0.0203101
0.0207557
0.0212028
0.0217214
0.0222737
0.0227715
0.0232438
0.0237744
0.0243441
0.0248976
0.0254323
0.0259641
0.0265055
0.0270721
0.0276819
0.0283273
0.0289832
0.0296555
0.0303562
0.0310478
0.0317002
0.0323165
0.0329435
0.0336006
0.034281
0.0349733
0.0356981
0.0364627
0.0372402
0.0380024
0.0387625
0.0395796
0.0404215
0.0412416
0.0420567
0.0428992
0.0437283
0.044567
0.0454404
0.0463604
0.0473055
0.0482773
0.0492825
0.0503049
0.0512769
0.0522452
0.053254
0.0543065
0.0554081
0.0565192
0.0576401
0.0587569
0.0599096
0.0610651
0.0622699
0.0634974
0.0647462
0.0660058
0.0672928
0.0686296
0.069977
0.0713557
0.0727608
0.0741993
0.0756941
0.0771857
0.0787122
0.0802162
0.0817847
0.0833838
0.0850062
0.0866174
0.0882245
0.0898238
0.0913318
0.0928022
0.0940974
0.0172349
0.0169798
0.015833
0.0134454
0.011346
0.0107439
0.0114165
0.012446
0.0132851
0.0139013
0.0143809
0.014782
0.0152048
0.0156835
0.0161497
0.0166007
0.0170709
0.0175254
0.0179524
0.0183864
0.0188443
0.0193293
0.019831
0.0203171
0.0207647
0.021215
0.0217318
0.0222804
0.0227779
0.0232525
0.023783
0.0243503
0.0249024
0.0254374
0.0259697
0.0265115
0.0270782
0.0276874
0.0283317
0.0289869
0.0296581
0.0303565
0.0310462
0.0316989
0.0323173
0.032946
0.0336031
0.0342834
0.0349762
0.0357011
0.0364645
0.0372411
0.0380035
0.0387642
0.0395806
0.0404213
0.0412412
0.0420566
0.0428989
0.0437282
0.0445676
0.0454416
0.046362
0.0473073
0.0482785
0.0492822
0.0503036
0.0512758
0.0522447
0.0532542
0.0543076
0.0554093
0.0565201
0.0576405
0.0587572
0.05991
0.0610657
0.0622707
0.0634982
0.0647469
0.0660066
0.0672939
0.0686306
0.0699779
0.0713565
0.0727615
0.0741997
0.0756944
0.077186
0.0787126
0.0802167
0.0817849
0.0833841
0.0850063
0.0866181
0.0882256
0.089825
0.0913359
0.0928077
0.0941002
0.0169678
0.0166897
0.0157826
0.013695
0.0116847
0.0109937
0.0115409
0.0124954
0.013316
0.0139423
0.014432
0.0148315
0.0152428
0.0157086
0.0161696
0.016622
0.0170919
0.0175419
0.0179657
0.0184014
0.0188624
0.0193463
0.0198424
0.0203245
0.0207742
0.0212277
0.0217429
0.0222874
0.0227846
0.0232615
0.0237919
0.0243567
0.0249074
0.0254428
0.0259757
0.0265181
0.027085
0.0276934
0.0283366
0.028991
0.029661
0.0303571
0.0310446
0.0316975
0.0323183
0.0329485
0.0336058
0.034286
0.0349793
0.0357042
0.0364665
0.0372419
0.0380047
0.038766
0.0395817
0.0404212
0.0412408
0.0420564
0.0428986
0.0437281
0.0445683
0.0454428
0.0463635
0.047309
0.0482797
0.0492819
0.0503022
0.0512745
0.0522441
0.0532544
0.0543086
0.0554106
0.0565209
0.057641
0.0587576
0.0599103
0.0610663
0.0622716
0.063499
0.0647475
0.0660074
0.0672951
0.0686317
0.0699788
0.0713575
0.0727624
0.0742003
0.0756946
0.0771863
0.0787129
0.0802172
0.0817853
0.0833844
0.0850064
0.0866187
0.0882268
0.0898263
0.0913404
0.0928136
0.0941032
0.0167232
0.0164196
0.0157151
0.0139201
0.012016
0.0112507
0.011678
0.0125534
0.013348
0.0139811
0.0144824
0.0148826
0.0152828
0.0157352
0.0161906
0.0166443
0.0171137
0.0175593
0.0179797
0.018417
0.0188814
0.0193642
0.0198544
0.0203324
0.020784
0.0212409
0.0217545
0.0222949
0.0227916
0.0232709
0.0238013
0.0243634
0.0249125
0.0254482
0.0259821
0.0265254
0.0270925
0.0277002
0.0283419
0.0289954
0.0296643
0.030358
0.0310431
0.0316961
0.0323193
0.0329513
0.0336086
0.0342888
0.0349826
0.0357076
0.0364686
0.0372428
0.0380059
0.0387679
0.039583
0.0404211
0.0412403
0.0420561
0.0428984
0.0437282
0.0445693
0.0454442
0.0463651
0.0473106
0.0482808
0.0492816
0.0503005
0.0512731
0.0522436
0.0532547
0.0543097
0.0554118
0.0565217
0.0576414
0.0587579
0.0599106
0.0610669
0.0622725
0.0634999
0.0647481
0.0660082
0.0672963
0.0686329
0.0699798
0.0713586
0.0727635
0.074201
0.0756949
0.0771866
0.0787133
0.0802179
0.0817859
0.0833848
0.0850065
0.0866193
0.088228
0.0898278
0.0913452
0.0928199
0.0941064
0.0164945
0.0161694
0.0156347
0.0141215
0.0123379
0.0115126
0.0118277
0.0126219
0.0133833
0.0140178
0.0145314
0.014935
0.0153253
0.015764
0.0162133
0.0166678
0.0171367
0.0175776
0.0179945
0.0184334
0.0189013
0.019383
0.0198671
0.0203408
0.0207944
0.0212548
0.0217667
0.0223028
0.0227991
0.0232808
0.0238111
0.0243704
0.0249177
0.0254538
0.0259891
0.0265335
0.0271009
0.0277075
0.0283477
0.0290003
0.029668
0.030359
0.0310417
0.0316949
0.0323204
0.0329541
0.0336116
0.0342917
0.0349861
0.0357112
0.0364708
0.0372437
0.0380071
0.0387699
0.0395843
0.0404211
0.0412398
0.0420559
0.0428982
0.0437285
0.0445705
0.045446
0.0463668
0.0473121
0.048282
0.0492813
0.0502988
0.0512718
0.0522435
0.0532554
0.0543109
0.0554129
0.0565224
0.0576418
0.0587583
0.0599111
0.0610676
0.0622734
0.0635008
0.0647488
0.066009
0.0672975
0.0686342
0.0699809
0.0713597
0.0727646
0.0742018
0.0756952
0.0771868
0.0787136
0.0802186
0.0817865
0.0833852
0.0850066
0.0866199
0.0882294
0.0898294
0.0913502
0.0928267
0.0941099
0.0162777
0.015939
0.0155447
0.0142988
0.012649
0.0117779
0.0119891
0.0127021
0.0134237
0.0140535
0.0145785
0.0149883
0.0153705
0.0157956
0.016238
0.016693
0.0171609
0.0175967
0.01801
0.0184505
0.018922
0.0194027
0.0198805
0.0203496
0.0208053
0.0212694
0.0217796
0.0223112
0.0228069
0.0232913
0.0238214
0.0243775
0.0249229
0.0254596
0.0259964
0.0265423
0.02711
0.0277154
0.0283538
0.0290054
0.0296719
0.0303603
0.0310405
0.0316936
0.0323216
0.0329571
0.0336148
0.0342948
0.0349898
0.035715
0.0364731
0.0372447
0.0380084
0.038772
0.0395857
0.0404211
0.0412394
0.0420558
0.0428982
0.0437291
0.044572
0.045448
0.0463687
0.0473137
0.0482831
0.0492811
0.0502972
0.0512706
0.0522438
0.0532565
0.0543122
0.055414
0.056523
0.0576421
0.0587587
0.0599116
0.0610685
0.0622744
0.0635018
0.0647495
0.0660098
0.0672987
0.0686355
0.0699819
0.0713608
0.0727658
0.0742026
0.0756956
0.077187
0.0787139
0.0802193
0.0817872
0.0833857
0.0850067
0.0866205
0.0882308
0.0898312
0.0913555
0.0928338
0.0941136
0.016071
0.0157286
0.0154468
0.0144513
0.0129487
0.0120462
0.0121605
0.0127941
0.0134714
0.0140896
0.0146235
0.0150414
0.0154182
0.0158302
0.0162653
0.0167201
0.0171864
0.0176167
0.0180262
0.0184685
0.0189436
0.0194232
0.0198946
0.020359
0.0208167
0.0212846
0.0217932
0.0223201
0.0228152
0.0233022
0.0238322
0.024385
0.0249282
0.0254655
0.0260043
0.0265517
0.0271195
0.0277237
0.0283603
0.0290109
0.029676
0.0303617
0.0310393
0.0316925
0.0323229
0.0329603
0.0336181
0.0342981
0.0349937
0.0357189
0.0364756
0.0372457
0.0380096
0.0387742
0.0395873
0.0404211
0.041239
0.0420557
0.0428984
0.0437299
0.0445737
0.0454503
0.0463709
0.0473154
0.0482843
0.049281
0.0502957
0.0512697
0.0522446
0.0532581
0.0543137
0.055415
0.0565235
0.0576423
0.0587591
0.0599123
0.0610696
0.0622755
0.0635027
0.0647502
0.0660108
0.0672999
0.0686368
0.069983
0.071362
0.072767
0.0742036
0.075696
0.0771872
0.0787141
0.0802201
0.081788
0.0833863
0.0850069
0.0866212
0.0882323
0.0898331
0.091361
0.0928413
0.0941177
0.0158716
0.0155389
0.0153444
0.0145781
0.0132364
0.0123167
0.0123396
0.0128977
0.0135285
0.0141282
0.0146667
0.0150933
0.0154674
0.0158678
0.0162953
0.0167492
0.0172133
0.0176376
0.0180431
0.0184873
0.0189662
0.0194448
0.0199095
0.0203689
0.0208286
0.0213005
0.0218075
0.0223295
0.0228239
0.0233136
0.0238434
0.0243929
0.0249338
0.0254718
0.0260127
0.0265616
0.0271295
0.0277323
0.028367
0.0290165
0.0296804
0.0303633
0.0310383
0.0316915
0.0323243
0.0329635
0.0336216
0.0343015
0.0349977
0.035723
0.0364782
0.0372468
0.038011
0.0387764
0.039589
0.0404212
0.0412386
0.0420557
0.0428987
0.0437309
0.0445758
0.0454529
0.0463733
0.0473172
0.0482855
0.049281
0.0502942
0.0512689
0.0522457
0.05326
0.0543154
0.0554159
0.0565239
0.0576425
0.0587595
0.0599132
0.0610708
0.0622767
0.0635037
0.0647511
0.0660118
0.0673012
0.0686381
0.0699842
0.0713633
0.0727684
0.0742047
0.0756965
0.0771874
0.0787143
0.0802209
0.0817888
0.0833869
0.085007
0.0866219
0.0882339
0.0898353
0.0913666
0.0928491
0.094122
0.015674
0.0153698
0.0152439
0.0146789
0.0135099
0.0125889
0.0125241
0.0130118
0.0135968
0.0141717
0.0147083
0.0151429
0.015517
0.0159082
0.0163284
0.0167806
0.0172418
0.0176594
0.0180607
0.0185071
0.0189899
0.0194673
0.0199252
0.0203795
0.0208411
0.0213171
0.0218225
0.0223395
0.022833
0.0233255
0.0238552
0.0244011
0.0249397
0.0254785
0.0260214
0.0265719
0.0271398
0.0277411
0.028374
0.0290224
0.0296849
0.0303651
0.0310374
0.0316905
0.0323258
0.0329669
0.0336252
0.034305
0.0350019
0.0357272
0.036481
0.037248
0.0380124
0.0387788
0.0395907
0.0404213
0.0412383
0.0420558
0.0428992
0.0437321
0.0445781
0.0454557
0.0463759
0.047319
0.0482868
0.0492811
0.0502929
0.0512682
0.0522471
0.0532623
0.0543173
0.0554169
0.0565242
0.0576427
0.05876
0.0599141
0.0610722
0.0622779
0.0635046
0.064752
0.066013
0.0673025
0.0686395
0.0699854
0.0713646
0.0727698
0.074206
0.0756971
0.0771876
0.0787145
0.0802217
0.0817898
0.0833877
0.0850073
0.0866226
0.0882357
0.0898376
0.0913725
0.0928573
0.0941266
0.0154713
0.0152171
0.0151532
0.0147551
0.0137654
0.0128627
0.012713
0.0131341
0.0136774
0.0142223
0.0147495
0.0151897
0.0155657
0.0159507
0.0163647
0.0168147
0.017272
0.0176824
0.0180791
0.0185275
0.0190147
0.0194909
0.0199418
0.0203908
0.0208543
0.0213344
0.0218383
0.0223501
0.0228426
0.0233379
0.0238675
0.0244097
0.024946
0.0254856
0.0260306
0.0265824
0.0271503
0.0277502
0.0283813
0.0290285
0.0296897
0.0303671
0.0310366
0.0316897
0.0323274
0.0329705
0.0336289
0.0343085
0.0350061
0.0357317
0.0364839
0.0372493
0.0380139
0.0387812
0.0395926
0.0404215
0.041238
0.042056
0.0428998
0.0437335
0.0445806
0.0454587
0.0463786
0.047321
0.0482881
0.0492812
0.0502917
0.0512677
0.0522487
0.0532647
0.0543193
0.055418
0.0565246
0.0576429
0.0587606
0.0599152
0.0610737
0.0622793
0.0635056
0.064753
0.0660143
0.0673039
0.0686409
0.0699866
0.0713659
0.0727712
0.0742073
0.0756978
0.0771879
0.0787148
0.0802226
0.0817907
0.0833885
0.0850075
0.0866234
0.0882376
0.0898401
0.0913786
0.0928659
0.0941315
0.0152597
0.0150712
0.0150788
0.014812
0.0139977
0.0131383
0.0129072
0.0132613
0.0137698
0.0142828
0.014792
0.0152333
0.0156125
0.0159945
0.0164044
0.0168519
0.0173041
0.0177066
0.0180983
0.0185488
0.0190405
0.0195156
0.0199592
0.0204028
0.0208682
0.0213525
0.0218548
0.0223612
0.0228527
0.0233509
0.0238804
0.0244188
0.0249527
0.0254932
0.0260403
0.0265933
0.027161
0.0277596
0.0283888
0.0290348
0.0296946
0.0303693
0.0310361
0.031689
0.0323291
0.0329742
0.0336327
0.034312
0.0350104
0.0357363
0.0364869
0.0372507
0.0380154
0.0387838
0.0395945
0.0404217
0.0412378
0.0420564
0.0429005
0.043735
0.0445832
0.0454618
0.0463815
0.0473231
0.0482894
0.0492813
0.0502905
0.0512673
0.0522504
0.0532673
0.0543213
0.0554191
0.0565249
0.0576431
0.0587612
0.0599164
0.0610753
0.0622807
0.0635066
0.064754
0.0660157
0.0673054
0.0686424
0.0699879
0.0713673
0.0727727
0.0742087
0.0756986
0.0771882
0.078715
0.0802235
0.0817917
0.0833894
0.0850079
0.0866243
0.0882397
0.0898428
0.0913849
0.0928748
0.0941368
0.0150438
0.0149203
0.0150218
0.0148589
0.0142021
0.0134131
0.0131101
0.0133903
0.0138721
0.014356
0.0148378
0.0152738
0.0156565
0.0160386
0.0164471
0.0168924
0.0173384
0.017732
0.0181187
0.018571
0.0190672
0.0195414
0.0199776
0.0204155
0.0208829
0.0213715
0.0218721
0.0223729
0.0228633
0.0233644
0.0238938
0.0244284
0.0249598
0.0255012
0.0260504
0.0266046
0.027172
0.0277692
0.0283965
0.0290413
0.0296998
0.0303718
0.0310357
0.0316885
0.032331
0.0329781
0.0336366
0.0343155
0.0350148
0.035741
0.0364902
0.0372522
0.038017
0.0387864
0.0395965
0.0404219
0.0412377
0.0420568
0.0429013
0.0437366
0.044586
0.0454651
0.0463845
0.0473252
0.0482907
0.0492815
0.0502893
0.0512668
0.0522521
0.0532699
0.0543234
0.0554202
0.0565253
0.0576434
0.0587619
0.0599176
0.0610769
0.0622822
0.0635077
0.0647551
0.0660172
0.067307
0.0686439
0.0699892
0.0713688
0.0727743
0.0742101
0.0756994
0.0771886
0.0787154
0.0802245
0.0817928
0.0833904
0.0850082
0.0866252
0.088242
0.0898457
0.0913913
0.0928841
0.0941425
0.014836
0.0147554
0.0149764
0.014908
0.0143776
0.0136796
0.0133248
0.0135208
0.01398
0.0144436
0.0148902
0.0153113
0.0156971
0.016082
0.0164921
0.0169365
0.0173753
0.0177588
0.0181402
0.0185945
0.0190949
0.0195683
0.0199971
0.0204289
0.0208983
0.0213914
0.0218902
0.0223852
0.0228743
0.0233785
0.0239078
0.0244385
0.0249674
0.0255098
0.026061
0.0266162
0.0271833
0.027779
0.0284045
0.029048
0.0297052
0.0303745
0.0310355
0.0316881
0.032333
0.0329822
0.0336406
0.0343191
0.0350193
0.035746
0.0364935
0.0372538
0.0380187
0.0387892
0.0395986
0.0404222
0.0412376
0.0420573
0.0429022
0.0437383
0.0445888
0.0454685
0.0463876
0.0473273
0.0482921
0.0492817
0.0502882
0.0512665
0.0522539
0.0532725
0.0543256
0.0554214
0.0565257
0.0576437
0.0587626
0.0599188
0.0610786
0.0622837
0.0635088
0.0647563
0.0660187
0.0673086
0.0686456
0.0699907
0.0713703
0.072776
0.0742116
0.0757003
0.077189
0.0787157
0.0802255
0.0817939
0.0833914
0.0850087
0.0866262
0.0882444
0.0898489
0.091398
0.0928939
0.0941485
0.0146486
0.0145763
0.0149315
0.01497
0.0145297
0.013927
0.0135519
0.0136571
0.0140882
0.0145447
0.0149536
0.0153472
0.0157333
0.0161244
0.0165387
0.0169838
0.0174153
0.0177874
0.0181628
0.0186193
0.0191238
0.019596
0.0200175
0.0204432
0.0209144
0.0214123
0.0219093
0.022398
0.0228859
0.0233933
0.0239225
0.0244491
0.0249755
0.0255189
0.0260722
0.0266281
0.0271948
0.0277891
0.0284128
0.029055
0.0297109
0.0303774
0.0310356
0.0316878
0.0323352
0.0329866
0.0336448
0.0343228
0.0350239
0.0357511
0.0364971
0.0372554
0.0380204
0.038792
0.0396009
0.0404225
0.0412375
0.042058
0.0429031
0.04374
0.0445918
0.045472
0.0463908
0.0473296
0.0482935
0.0492819
0.0502872
0.0512661
0.0522557
0.053275
0.0543278
0.0554227
0.0565262
0.057644
0.0587633
0.0599201
0.0610803
0.0622853
0.06351
0.0647576
0.0660203
0.0673103
0.0686473
0.0699921
0.0713719
0.0727777
0.0742132
0.0757012
0.0771895
0.0787161
0.0802265
0.081795
0.0833924
0.0850092
0.0866272
0.0882471
0.0898524
0.0914048
0.092904
0.094155
0.0144875
0.0143912
0.0148755
0.0150478
0.0146707
0.0141469
0.0137857
0.0138059
0.0141935
0.0146549
0.0150324
0.0153841
0.0157639
0.0161651
0.0165866
0.0170337
0.0174582
0.0178182
0.0181866
0.0186453
0.0191543
0.0196248
0.0200387
0.0204583
0.0209313
0.0214342
0.0219295
0.0224116
0.0228978
0.0234086
0.023938
0.0244603
0.024984
0.0255285
0.0260838
0.0266405
0.0272066
0.0277995
0.0284213
0.0290622
0.0297168
0.0303807
0.031036
0.0316878
0.0323376
0.0329911
0.0336492
0.0343265
0.0350286
0.0357565
0.0365008
0.0372572
0.0380222
0.0387951
0.0396032
0.0404229
0.0412375
0.0420587
0.0429041
0.0437418
0.0445947
0.0454755
0.046394
0.0473319
0.0482949
0.0492821
0.0502862
0.0512659
0.0522574
0.0532776
0.05433
0.055424
0.0565267
0.0576444
0.0587642
0.0599215
0.0610821
0.0622869
0.0635112
0.0647589
0.0660219
0.0673121
0.068649
0.0699937
0.0713736
0.0727794
0.0742148
0.0757021
0.07719
0.0787166
0.0802277
0.0817962
0.0833936
0.0850099
0.0866283
0.0882499
0.089856
0.0914119
0.0929145
0.0941619
0.0143517
0.014211
0.0148002
0.0151344
0.0148157
0.0143388
0.0140141
0.0139721
0.0142986
0.0147676
0.0151281
0.0154275
0.0157884
0.0162028
0.0166358
0.0170858
0.0175038
0.0178514
0.018212
0.0186725
0.0191863
0.0196551
0.0200607
0.0204743
0.020949
0.0214569
0.0219508
0.0224261
0.0229103
0.0234245
0.0239542
0.0244721
0.024993
0.0255387
0.0260961
0.0266533
0.0272187
0.0278102
0.0284302
0.0290697
0.029723
0.0303842
0.0310367
0.031688
0.0323402
0.0329958
0.0336536
0.0343302
0.0350334
0.035762
0.0365047
0.037259
0.0380241
0.0387982
0.0396057
0.0404234
0.0412375
0.0420596
0.0429053
0.0437436
0.0445978
0.0454791
0.0463973
0.0473342
0.0482964
0.0492824
0.0502852
0.0512656
0.0522592
0.0532801
0.0543322
0.0554254
0.0565272
0.0576448
0.058765
0.0599229
0.0610839
0.0622885
0.0635126
0.0647603
0.0660236
0.067314
0.0686509
0.0699953
0.0713753
0.0727812
0.0742165
0.0757031
0.0771906
0.0787171
0.0802288
0.0817975
0.0833947
0.0850106
0.0866295
0.088253
0.08986
0.0914192
0.0929255
0.0941692
0.0142376
0.0140448
0.0147046
0.0152172
0.0149751
0.0145113
0.0142242
0.0141541
0.0144116
0.0148769
0.0152369
0.0154833
0.0158086
0.0162351
0.0166864
0.0171401
0.0175512
0.0178868
0.0182397
0.0187011
0.0192197
0.0196871
0.0200837
0.0204907
0.0209677
0.0214805
0.0219731
0.0224415
0.0229233
0.0234409
0.0239711
0.0244847
0.0250025
0.0255494
0.0261089
0.0266665
0.0272311
0.0278212
0.0284393
0.0290775
0.0297295
0.0303881
0.0310376
0.0316884
0.032343
0.0330008
0.0336583
0.0343341
0.0350382
0.0357677
0.0365089
0.0372609
0.038026
0.0388015
0.0396083
0.0404239
0.0412377
0.0420605
0.0429065
0.0437454
0.0446009
0.0454828
0.0464006
0.0473366
0.048298
0.0492828
0.0502843
0.0512655
0.052261
0.0532826
0.0543345
0.0554268
0.0565278
0.0576453
0.0587659
0.0599243
0.0610857
0.0622902
0.063514
0.0647618
0.0660253
0.0673159
0.0686528
0.069997
0.0713771
0.0727831
0.0742182
0.0757042
0.0771912
0.0787176
0.08023
0.0817988
0.0833959
0.0850114
0.0866307
0.0882562
0.0898643
0.0914267
0.092937
0.0941771
0.0141415
0.0138984
0.0145929
0.0152846
0.0151493
0.0146779
0.0144091
0.0143415
0.0145401
0.0149832
0.0153521
0.0155556
0.0158294
0.0162601
0.016737
0.0171976
0.0176002
0.0179237
0.0182696
0.0187319
0.0192544
0.0197207
0.0201082
0.0205077
0.020987
0.0215053
0.0219964
0.0224579
0.0229372
0.023458
0.0239887
0.0244979
0.0250127
0.0255606
0.0261223
0.0266802
0.0272438
0.0278325
0.0284488
0.0290856
0.0297363
0.0303923
0.0310389
0.031689
0.032346
0.033006
0.0336631
0.034338
0.0350431
0.0357737
0.0365132
0.037263
0.038028
0.0388049
0.039611
0.0404244
0.0412379
0.0420616
0.0429078
0.0437473
0.0446041
0.0454866
0.046404
0.047339
0.0482995
0.0492832
0.0502835
0.0512654
0.0522628
0.0532851
0.0543368
0.0554283
0.0565284
0.0576458
0.0587669
0.0599258
0.0610876
0.062292
0.0635154
0.0647633
0.0660271
0.067318
0.0686548
0.0699987
0.071379
0.072785
0.07422
0.0757053
0.077192
0.0787182
0.0802313
0.0818002
0.0833972
0.0850124
0.0866321
0.0882597
0.0898689
0.0914343
0.0929488
0.0941855
0.0140605
0.0137772
0.014472
0.0153274
0.0153298
0.0148518
0.0145731
0.0145212
0.0146851
0.0150933
0.0154672
0.0156425
0.0158576
0.0162781
0.0167848
0.0172586
0.0176513
0.0179613
0.0183011
0.0187654
0.0192909
0.0197555
0.0201346
0.0205257
0.0210067
0.0215313
0.0220208
0.022475
0.0229519
0.0234758
0.0240069
0.0245119
0.0250234
0.0255725
0.0261363
0.0266945
0.0272569
0.027844
0.0284586
0.0290941
0.0297435
0.030397
0.0310405
0.0316899
0.0323493
0.0330115
0.033668
0.0343419
0.0350482
0.0357798
0.0365178
0.0372652
0.0380301
0.0388085
0.0396139
0.0404251
0.0412381
0.0420628
0.0429093
0.0437493
0.0446073
0.0454904
0.0464075
0.0473415
0.0483012
0.0492837
0.0502828
0.0512653
0.0522646
0.0532876
0.0543391
0.0554299
0.0565291
0.0576464
0.0587679
0.0599273
0.0610896
0.0622938
0.0635169
0.0647649
0.066029
0.0673201
0.0686569
0.0700005
0.071381
0.0727871
0.0742218
0.0757064
0.0771927
0.0787188
0.0802326
0.0818017
0.0833985
0.0850135
0.0866335
0.0882634
0.0898738
0.0914422
0.0929612
0.0941944
0.0139888
0.0136866
0.0143506
0.0153408
0.015505
0.0150386
0.0147276
0.0146848
0.0148386
0.0152147
0.0155814
0.0157381
0.015898
0.016293
0.0168269
0.0173222
0.0177057
0.0179997
0.0183332
0.0188011
0.0193302
0.0197917
0.0201625
0.0205453
0.0210267
0.0215579
0.0220466
0.022493
0.0229673
0.0234946
0.024026
0.0245264
0.0250349
0.025585
0.0261509
0.0267092
0.0272704
0.0278559
0.0284687
0.0291029
0.0297511
0.030402
0.0310425
0.031691
0.0323529
0.0330173
0.0336732
0.0343459
0.0350533
0.0357862
0.0365225
0.0372675
0.0380323
0.0388122
0.039617
0.0404258
0.0412385
0.0420642
0.0429108
0.0437513
0.0446106
0.0454943
0.0464109
0.0473441
0.0483029
0.0492843
0.0502822
0.0512654
0.0522664
0.0532901
0.0543415
0.0554315
0.0565299
0.057647
0.058769
0.0599289
0.0610915
0.0622957
0.0635185
0.0647666
0.0660309
0.0673222
0.068659
0.0700024
0.071383
0.0727891
0.0742236
0.0757077
0.0771936
0.0787195
0.0802339
0.0818032
0.0833999
0.0850147
0.086635
0.0882673
0.0898791
0.0914503
0.0929739
0.0942039
0.0139167
0.0136286
0.0142401
0.0153246
0.0156641
0.0152352
0.0148836
0.0148347
0.0149891
0.0153481
0.0157008
0.0158376
0.0159495
0.0163104
0.0168632
0.0173858
0.017764
0.0180394
0.0183653
0.0188381
0.0193726
0.0198301
0.0201914
0.0205667
0.0210477
0.0215849
0.0220738
0.022512
0.0229832
0.0235144
0.0240461
0.0245415
0.0250468
0.0255983
0.0261663
0.0267244
0.0272842
0.0278681
0.0284791
0.0291121
0.029759
0.0304075
0.0310449
0.0316924
0.0323566
0.0330234
0.0336787
0.0343499
0.0350585
0.0357929
0.0365276
0.0372698
0.0380345
0.0388161
0.0396202
0.0404266
0.0412389
0.0420657
0.0429125
0.0437534
0.044614
0.0454982
0.0464145
0.0473467
0.0483046
0.0492849
0.0502817
0.0512655
0.0522682
0.0532925
0.0543439
0.0554332
0.0565307
0.0576477
0.0587702
0.0599306
0.0610935
0.0622976
0.0635202
0.0647683
0.0660328
0.0673245
0.0686613
0.0700044
0.0713851
0.0727913
0.0742256
0.075709
0.0771945
0.0787202
0.0802353
0.0818049
0.0834013
0.0850161
0.0866366
0.0882715
0.0898848
0.0914587
0.0929871
0.0942141
0.013833
0.0135981
0.014154
0.0152852
0.0157983
0.0154333
0.0150463
0.01498
0.0151298
0.015485
0.0158312
0.0159419
0.0160075
0.0163335
0.0168966
0.0174476
0.0178251
0.0180812
0.018398
0.0188755
0.0194175
0.0198718
0.0202214
0.0205892
0.0210704
0.0216123
0.0221018
0.0225324
0.0229996
0.023535
0.0240675
0.0245574
0.0250592
0.0256123
0.0261824
0.0267401
0.0272984
0.0278807
0.0284899
0.0291215
0.0297674
0.0304134
0.0310478
0.0316942
0.0323606
0.0330298
0.0336844
0.0343541
0.0350638
0.0357997
0.0365329
0.0372724
0.0380367
0.0388201
0.0396236
0.0404274
0.0412395
0.0420674
0.0429143
0.0437555
0.0446174
0.0455023
0.0464181
0.0473493
0.0483065
0.0492857
0.0502813
0.0512658
0.05227
0.0532949
0.0543463
0.055435
0.0565316
0.0576484
0.0587715
0.0599323
0.0610956
0.0622996
0.063522
0.0647702
0.0660348
0.0673269
0.0686636
0.0700064
0.0713873
0.0727935
0.0742275
0.0757103
0.0771955
0.078721
0.0802368
0.0818066
0.0834028
0.0850176
0.0866384
0.0882759
0.089891
0.0914672
0.0930008
0.0942248
0.0137296
0.013581
0.0141027
0.0152349
0.0159018
0.0156246
0.0152132
0.0151297
0.0152653
0.015614
0.0159707
0.0160586
0.0160699
0.0163599
0.0169306
0.0175082
0.0178875
0.0181246
0.0184319
0.0189136
0.0194634
0.0199171
0.020254
0.020612
0.0210948
0.0216411
0.0221301
0.022554
0.0230169
0.023556
0.0240902
0.0245744
0.0250719
0.0256268
0.0261994
0.0267565
0.0273129
0.0278936
0.0285011
0.0291314
0.0297761
0.0304198
0.0310511
0.0316963
0.032365
0.0330365
0.0336904
0.0343584
0.0350691
0.0358067
0.0365386
0.0372751
0.0380391
0.0388243
0.0396272
0.0404284
0.0412401
0.0420693
0.0429163
0.0437577
0.0446208
0.0455064
0.0464218
0.047352
0.0483083
0.0492865
0.050281
0.0512661
0.0522719
0.0532973
0.0543488
0.0554368
0.0565325
0.0576492
0.0587728
0.0599341
0.0610977
0.0623017
0.0635238
0.0647721
0.0660369
0.0673293
0.068666
0.0700085
0.0713895
0.0727957
0.0742295
0.0757118
0.0771966
0.0787218
0.0802383
0.0818085
0.0834043
0.0850193
0.0866403
0.0882805
0.0898975
0.091476
0.0930148
0.0942362
0.0136069
0.0135602
0.0140878
0.0151899
0.015975
0.0158019
0.0153771
0.0152858
0.0154072
0.0157302
0.0161075
0.0161935
0.016142
0.0163853
0.0169648
0.0175708
0.0179517
0.018168
0.0184664
0.0189537
0.01951
0.0199646
0.0202905
0.0206356
0.0211196
0.0216723
0.0221592
0.0225758
0.0230355
0.0235778
0.024114
0.0245928
0.0250851
0.0256416
0.0262172
0.0267737
0.0273278
0.0279068
0.0285127
0.0291416
0.0297852
0.0304268
0.0310549
0.0316987
0.0323696
0.0330435
0.0336966
0.0343629
0.0350745
0.0358139
0.0365445
0.037278
0.0380414
0.0388287
0.0396311
0.0404295
0.0412408
0.0420713
0.0429184
0.0437599
0.0446243
0.0455105
0.0464255
0.0473547
0.0483103
0.0492875
0.0502808
0.0512666
0.0522738
0.0532996
0.0543513
0.0554387
0.0565335
0.0576501
0.0587742
0.059936
0.0610999
0.0623038
0.0635258
0.0647741
0.0660391
0.0673318
0.0686685
0.0700107
0.0713919
0.0727981
0.0742316
0.0757133
0.0771978
0.0787227
0.0802398
0.0818104
0.0834059
0.0850212
0.0866424
0.0882853
0.0899045
0.091485
0.0930293
0.0942483
0.013473
0.0135214
0.0140999
0.0151667
0.0160253
0.0159602
0.0155317
0.0154407
0.0155654
0.0158418
0.0162272
0.0163425
0.0162349
0.0164092
0.0169933
0.0176368
0.0180212
0.0182107
0.0184987
0.0189963
0.0195586
0.0200127
0.0203307
0.0206619
0.0211439
0.0217053
0.0221906
0.0225975
0.0230545
0.0236009
0.0241388
0.0246125
0.0250992
0.0256566
0.0262358
0.0267917
0.0273432
0.0279203
0.0285246
0.0291523
0.0297948
0.0304343
0.0310594
0.0317015
0.0323745
0.0330508
0.0337031
0.0343676
0.0350801
0.0358213
0.0365507
0.0372811
0.0380439
0.0388333
0.0396352
0.0404308
0.0412416
0.0420735
0.0429208
0.0437621
0.0446279
0.0455147
0.0464293
0.0473575
0.0483123
0.0492885
0.0502808
0.0512672
0.0522757
0.053302
0.0543538
0.0554407
0.0565346
0.0576511
0.0587757
0.0599379
0.0611021
0.062306
0.0635278
0.0647761
0.0660413
0.0673345
0.0686711
0.0700129
0.0713943
0.0728005
0.0742338
0.0757149
0.077199
0.0787237
0.0802415
0.0818125
0.0834076
0.0850233
0.0866447
0.0882904
0.089912
0.0914942
0.0930441
0.0942611
0.0133397
0.0134559
0.0141216
0.0151762
0.0160666
0.0160996
0.0156732
0.0155818
0.0157402
0.0159659
0.0163227
0.0164895
0.0163575
0.0164412
0.01701
0.0177017
0.0181007
0.0182563
0.0185254
0.0190391
0.0196123
0.0200613
0.0203725
0.0206923
0.0211686
0.0217386
0.0222254
0.02262
0.0230727
0.0236253
0.0241649
0.0246333
0.0251144
0.025672
0.0262547
0.0268107
0.0273592
0.0279341
0.028537
0.0291634
0.0298048
0.0304423
0.0310644
0.0317048
0.0323797
0.0330585
0.0337099
0.0343723
0.0350857
0.0358289
0.0365572
0.0372843
0.0380465
0.038838
0.0396395
0.0404321
0.0412426
0.0420759
0.0429232
0.0437645
0.0446314
0.045519
0.0464331
0.0473604
0.0483145
0.0492897
0.0502809
0.0512679
0.0522777
0.0533043
0.0543564
0.0554427
0.0565357
0.0576521
0.0587772
0.0599399
0.0611043
0.0623083
0.0635299
0.0647783
0.0660436
0.0673372
0.0686738
0.0700153
0.0713969
0.072803
0.074236
0.0757166
0.0772004
0.0787248
0.0802431
0.0818148
0.0834093
0.0850256
0.0866471
0.0882957
0.08992
0.0915038
0.0930593
0.0942746
0.0132222
0.0133637
0.0141318
0.0152167
0.0161159
0.0162253
0.015803
0.0156984
0.0159181
0.016119
0.016404
0.0166147
0.0165059
0.0164971
0.0170151
0.0177558
0.018191
0.0183122
0.0185459
0.0190763
0.0196722
0.0201139
0.0204131
0.020726
0.0211961
0.0217712
0.0222626
0.0226451
0.0230898
0.0236499
0.0241933
0.0246551
0.0251304
0.0256882
0.0262739
0.0268304
0.027376
0.0279482
0.0285497
0.0291751
0.0298153
0.0304508
0.0310699
0.0317086
0.0323852
0.0330666
0.0337171
0.0343771
0.0350914
0.0358369
0.036564
0.0372876
0.0380491
0.038843
0.039644
0.0404337
0.0412436
0.0420785
0.0429259
0.0437669
0.044635
0.0455234
0.0464369
0.0473633
0.0483167
0.0492909
0.0502812
0.0512688
0.0522796
0.0533066
0.054359
0.0554448
0.0565369
0.0576533
0.0587789
0.059942
0.0611066
0.0623106
0.0635321
0.0647806
0.0660459
0.06734
0.0686766
0.0700177
0.0713995
0.0728056
0.0742382
0.0757183
0.0772018
0.0787259
0.0802448
0.0818171
0.0834111
0.085028
0.0866499
0.0883012
0.0899285
0.0915136
0.0930749
0.0942888
0.0131378
0.0132571
0.0141113
0.0152722
0.016187
0.0163471
0.0159274
0.0157866
0.0160779
0.0163067
0.0164946
0.0167046
0.0166607
0.0165904
0.0170213
0.0177897
0.0182838
0.018386
0.0185666
0.0191014
0.0197347
0.0201756
0.0204527
0.0207592
0.0212282
0.0218046
0.0223003
0.0226737
0.0231069
0.0236732
0.0242239
0.024679
0.0251468
0.0257053
0.0262937
0.0268505
0.0273936
0.027963
0.0285627
0.0291872
0.0298264
0.0304599
0.0310759
0.0317128
0.0323912
0.033075
0.0337246
0.0343821
0.035097
0.0358451
0.0365714
0.0372911
0.0380516
0.0388481
0.0396489
0.0404353
0.0412447
0.0420814
0.0429288
0.0437693
0.0446387
0.0455279
0.0464409
0.0473663
0.048319
0.0492924
0.0502816
0.0512698
0.0522817
0.0533088
0.0543617
0.055447
0.0565382
0.0576545
0.0587806
0.0599441
0.061109
0.0623131
0.0635345
0.0647829
0.0660484
0.0673429
0.0686795
0.0700202
0.0714022
0.0728082
0.0742406
0.0757202
0.0772033
0.0787272
0.0802466
0.0818197
0.083413
0.0850307
0.0866529
0.0883069
0.0899375
0.0915237
0.0930907
0.0943038
0.0130993
0.0131595
0.0140521
0.0153195
0.0162835
0.0164781
0.0160555
0.0158525
0.0161991
0.0165157
0.01662
0.0167654
0.016796
0.0167203
0.0170482
0.0178035
0.0183656
0.0184784
0.0185987
0.0191125
0.0197906
0.0202498
0.0204968
0.0207876
0.0212631
0.0218425
0.0223377
0.0227045
0.0231261
0.0236948
0.0242552
0.0247057
0.0251637
0.0257226
0.0263147
0.026871
0.0274116
0.0279784
0.0285762
0.0291997
0.0298381
0.0304697
0.0310826
0.0317174
0.0323976
0.0330839
0.0337326
0.0343873
0.0351026
0.0358535
0.0365793
0.0372949
0.0380541
0.0388534
0.0396542
0.0404372
0.041246
0.0420844
0.0429319
0.0437718
0.0446424
0.0455325
0.0464449
0.0473693
0.0483214
0.0492939
0.0502822
0.0512709
0.0522838
0.0533111
0.0543644
0.0554493
0.0565396
0.0576558
0.0587825
0.0599464
0.0611114
0.0623156
0.0635369
0.0647854
0.0660509
0.067346
0.0686825
0.0700228
0.0714051
0.0728109
0.074243
0.0757223
0.077205
0.0787285
0.0802484
0.0818224
0.083415
0.0850335
0.0866563
0.0883128
0.089947
0.0915342
0.0931068
0.0943194
0.0131104
0.0130935
0.0139645
0.0153342
0.016394
0.0166295
0.0161985
0.0159105
0.0162694
0.0167177
0.0167968
0.016824
0.0168902
0.0168663
0.0171134
0.0178117
0.0184245
0.018578
0.0186532
0.0191182
0.0198295
0.0203325
0.020554
0.0208105
0.021295
0.0218873
0.0223777
0.0227349
0.0231479
0.0237165
0.0242857
0.0247351
0.0251825
0.0257397
0.0263367
0.0268925
0.0274297
0.0279946
0.0285903
0.0292125
0.0298503
0.0304803
0.0310899
0.0317223
0.0324042
0.0330933
0.0337411
0.0343928
0.0351082
0.0358619
0.0365877
0.0372991
0.0380565
0.0388588
0.0396598
0.0404394
0.0412473
0.0420877
0.0429352
0.0437744
0.0446461
0.0455371
0.046449
0.0473723
0.048324
0.0492956
0.050283
0.0512722
0.052286
0.0533134
0.0543671
0.0554516
0.0565411
0.0576572
0.0587844
0.0599487
0.0611139
0.0623182
0.0635394
0.0647879
0.0660535
0.0673491
0.0686856
0.0700255
0.071408
0.0728137
0.0742455
0.0757244
0.0772067
0.07873
0.0802503
0.0818252
0.0834171
0.0850365
0.08666
0.0883189
0.089957
0.0915451
0.0931232
0.0943358
0.0131671
0.0130749
0.0138721
0.0153008
0.016496
0.0168051
0.0163677
0.0159788
0.0162917
0.0168814
0.0170196
0.0169131
0.0169425
0.0169993
0.0172188
0.0178364
0.0184609
0.0186681
0.0187307
0.0191338
0.0198471
0.020411
0.0206305
0.020835
0.0213167
0.021937
0.0224255
0.0227642
0.0231696
0.0237403
0.0243157
0.0247655
0.0252037
0.025757
0.026359
0.0269154
0.0274481
0.0280109
0.0286055
0.0292258
0.0298628
0.0304916
0.0310981
0.0317277
0.032411
0.0331031
0.0337502
0.0343986
0.0351138
0.0358704
0.0365964
0.0373038
0.0380591
0.0388643
0.0396657
0.0404418
0.0412487
0.0420911
0.0429388
0.043777
0.0446498
0.0455419
0.0464532
0.0473754
0.0483266
0.0492975
0.0502839
0.0512737
0.0522882
0.0533156
0.0543699
0.055454
0.0565426
0.0576588
0.0587864
0.0599511
0.0611164
0.0623209
0.063542
0.0647906
0.0660562
0.0673524
0.0686887
0.0700283
0.071411
0.0728166
0.074248
0.0757266
0.0772084
0.0787316
0.0802522
0.0818283
0.0834194
0.0850397
0.0866642
0.0883252
0.0899675
0.0915564
0.0931397
0.0943528
0.0132617
0.0131086
0.0138001
0.0152235
0.0165622
0.0169944
0.0165718
0.0160763
0.0162846
0.0169816
0.0172596
0.017061
0.0169785
0.0170913
0.0173437
0.0178966
0.0184918
0.0187353
0.0188166
0.0191737
0.0198544
0.0204703
0.0207229
0.0208734
0.0213257
0.0219832
0.0224856
0.0227965
0.0231876
0.023766
0.0243477
0.0247956
0.0252266
0.0257755
0.0263814
0.0269397
0.0274672
0.0280269
0.0286213
0.0292402
0.0298757
0.0305036
0.0311072
0.0317337
0.0324179
0.0331133
0.03376
0.0344049
0.0351194
0.035879
0.0366056
0.0373087
0.0380617
0.0388699
0.0396719
0.0404445
0.0412503
0.0420948
0.0429427
0.0437797
0.0446535
0.0455468
0.0464575
0.0473786
0.0483293
0.0492995
0.050285
0.0512754
0.0522905
0.0533179
0.0543728
0.0554565
0.0565442
0.0576604
0.0587886
0.0599537
0.061119
0.0623237
0.0635448
0.0647933
0.0660591
0.0673558
0.068692
0.0700312
0.0714142
0.0728196
0.0742507
0.0757291
0.0772103
0.0787334
0.0802543
0.0818315
0.0834219
0.085043
0.0866687
0.0883317
0.0899785
0.0915682
0.0931565
0.0943705
0.0133841
0.0131921
0.0137682
0.0151251
0.0165726
0.0171753
0.0168101
0.0162197
0.0162746
0.0170095
0.0174796
0.0172749
0.0170344
0.017135
0.0174576
0.0179934
0.0185408
0.0187823
0.0188901
0.0192383
0.0198712
0.0205037
0.0208155
0.0209362
0.0213294
0.0220153
0.0225565
0.0228394
0.0232004
0.0237896
0.0243842
0.0248265
0.0252491
0.0257956
0.0264046
0.0269648
0.0274875
0.0280428
0.0286372
0.0292557
0.0298893
0.0305159
0.0311172
0.0317405
0.032425
0.0331236
0.0337705
0.0344116
0.035125
0.0358878
0.0366152
0.0373139
0.0380644
0.0388757
0.0396785
0.0404475
0.041252
0.0420986
0.0429468
0.0437826
0.0446572
0.0455517
0.0464619
0.0473818
0.0483321
0.0493016
0.0502863
0.0512773
0.0522929
0.0533202
0.0543757
0.0554591
0.056546
0.0576622
0.0587908
0.0599563
0.0611217
0.0623266
0.0635476
0.0647962
0.066062
0.0673593
0.0686954
0.0700342
0.0714174
0.0728226
0.0742534
0.0757316
0.0772123
0.0787352
0.0802564
0.0818349
0.0834245
0.0850465
0.0866738
0.0883384
0.08999
0.0915805
0.0931734
0.0943888
0.0135197
0.0133201
0.0137849
0.0150317
0.0165277
0.0173204
0.017068
0.0164174
0.0162903
0.0169775
0.0176429
0.0175332
0.0171463
0.0171521
0.0175302
0.0181054
0.0186268
0.0188305
0.0189364
0.0193076
0.0199156
0.020524
0.0208891
0.0210218
0.0213435
0.0220269
0.0226282
0.0229001
0.0232124
0.0238056
0.0244247
0.0248621
0.0252701
0.0258156
0.0264297
0.0269908
0.0275088
0.0280589
0.0286529
0.0292723
0.0299041
0.0305286
0.0311277
0.0317481
0.0324324
0.0331341
0.0337816
0.034419
0.0351306
0.0358965
0.0366253
0.0373194
0.0380672
0.0388817
0.0396855
0.0404508
0.0412539
0.0421027
0.0429512
0.0437855
0.044661
0.0455568
0.0464663
0.0473851
0.0483351
0.0493038
0.0502878
0.0512794
0.0522954
0.0533225
0.0543787
0.0554617
0.0565479
0.0576641
0.0587932
0.059959
0.0611244
0.0623295
0.0635506
0.0647991
0.0660651
0.067363
0.0686989
0.0700373
0.0714208
0.0728258
0.0742562
0.0757344
0.0772143
0.0787373
0.0802587
0.0818384
0.0834274
0.0850501
0.0866793
0.0883454
0.0900018
0.0915934
0.0931906
0.0944076
0.0136461
0.0134843
0.0138501
0.0149639
0.0164467
0.0174107
0.0173223
0.0166656
0.0163582
0.0169151
0.0177254
0.0177986
0.0173325
0.0171774
0.017551
0.0182014
0.0187486
0.0189063
0.0189617
0.0193563
0.0199874
0.0205558
0.0209339
0.021112
0.0213828
0.022025
0.0226869
0.0229795
0.023233
0.0238108
0.0244644
0.0249056
0.0252914
0.0258328
0.0264566
0.0270191
0.0275307
0.0280754
0.0286682
0.0292893
0.0299205
0.0305423
0.0311388
0.0317563
0.0324403
0.0331448
0.0337931
0.0344269
0.0351364
0.0359054
0.036636
0.0373253
0.0380697
0.0388878
0.039693
0.0404543
0.0412557
0.042107
0.0429559
0.0437885
0.0446649
0.045562
0.0464709
0.0473885
0.0483382
0.0493063
0.0502894
0.0512816
0.052298
0.0533249
0.0543817
0.0554644
0.0565498
0.0576661
0.0587957
0.0599619
0.0611271
0.0623327
0.0635537
0.0648021
0.0660682
0.0673667
0.0687025
0.0700405
0.0714242
0.072829
0.074259
0.0757373
0.0772164
0.0787394
0.0802611
0.0818421
0.0834306
0.0850539
0.0866853
0.0883527
0.0900139
0.0916068
0.0932079
0.094427
0.013738
0.0136708
0.0139616
0.0149326
0.0163515
0.0174434
0.0175475
0.0169459
0.0164937
0.0168582
0.0177262
0.0180293
0.0175821
0.0172484
0.0175378
0.0182509
0.0188821
0.0190298
0.0189926
0.0193661
0.0200609
0.0206225
0.0209651
0.0211834
0.0214479
0.0220276
0.0227229
0.0230679
0.0232725
0.0238083
0.0244962
0.0249573
0.0253172
0.0258457
0.026483
0.0270513
0.0275541
0.0280917
0.0286833
0.0293062
0.0299381
0.0305573
0.0311504
0.031765
0.0324486
0.0331559
0.0338052
0.0344353
0.0351423
0.0359143
0.0366473
0.0373319
0.0380722
0.0388939
0.0397012
0.0404583
0.0412576
0.0421116
0.042961
0.0437916
0.0446687
0.0455673
0.0464756
0.0473918
0.0483415
0.0493089
0.0502912
0.0512841
0.0523008
0.0533273
0.0543848
0.0554672
0.0565519
0.0576683
0.0587983
0.0599648
0.06113
0.0623359
0.063557
0.0648053
0.0660716
0.0673706
0.0687062
0.0700439
0.0714278
0.0728323
0.074262
0.0757404
0.0772186
0.0787417
0.0802637
0.0818459
0.083434
0.0850577
0.0866918
0.0883603
0.0900263
0.0916208
0.0932254
0.0944468
0.013778
0.0138574
0.0141152
0.0149447
0.0162609
0.0174289
0.0177254
0.017233
0.0166948
0.0168431
0.0176683
0.0181903
0.0178626
0.0173903
0.0175236
0.0182424
0.0189939
0.019198
0.0190607
0.0193443
0.020104
0.0207239
0.0210133
0.0212236
0.0215183
0.0220518
0.0227403
0.0231496
0.0233348
0.0238079
0.0245152
0.0250132
0.0253517
0.0258554
0.0265056
0.027087
0.0275809
0.0281078
0.0286979
0.0293231
0.0299566
0.0305742
0.031163
0.0317739
0.0324571
0.0331675
0.0338182
0.0344441
0.0351482
0.0359233
0.036659
0.037339
0.0380747
0.0388998
0.0397099
0.040463
0.0412595
0.0421161
0.0429665
0.0437949
0.0446725
0.0455728
0.0464805
0.0473952
0.0483448
0.0493117
0.0502933
0.0512868
0.0523036
0.0533298
0.0543879
0.05547
0.0565541
0.0576707
0.0588011
0.0599679
0.0611328
0.0623392
0.0635603
0.0648086
0.0660751
0.0673746
0.06871
0.0700474
0.0714315
0.0728358
0.0742651
0.0757437
0.0772209
0.0787442
0.0802665
0.0818498
0.0834378
0.0850618
0.0866987
0.0883684
0.0900389
0.0916354
0.0932431
0.0944669
0.0137643
0.0140187
0.014298
0.0150056
0.0161905
0.0173813
0.0178507
0.0175017
0.0169417
0.0168934
0.0175879
0.018267
0.0181346
0.0176031
0.0175456
0.0181925
0.0190513
0.0193837
0.0191904
0.0193219
0.0200922
0.0208296
0.0211069
0.0212512
0.0215675
0.0220998
0.0227583
0.0232124
0.0234117
0.0238202
0.0245217
0.0250669
0.0253971
0.0258658
0.0265223
0.0271241
0.0276127
0.0281246
0.0287112
0.0293397
0.0299756
0.0305927
0.0311773
0.0317832
0.0324653
0.0331794
0.0338321
0.0344535
0.035154
0.0359324
0.0366714
0.0373468
0.0380771
0.0389053
0.039719
0.0404685
0.0412615
0.0421206
0.0429722
0.0437984
0.0446763
0.0455784
0.0464856
0.0473987
0.0483482
0.0493147
0.0502956
0.0512896
0.0523065
0.0533324
0.0543912
0.055473
0.0565565
0.0576731
0.0588039
0.0599711
0.0611358
0.0623426
0.0635638
0.0648119
0.0660787
0.0673788
0.0687138
0.0700511
0.0714353
0.0728394
0.0742682
0.0757471
0.0772233
0.0787468
0.0802696
0.0818537
0.083442
0.085066
0.0867061
0.0883768
0.0900516
0.0916506
0.093261
0.0944874
0.013709
0.014137
0.0144889
0.0151139
0.0161559
0.0173165
0.0179273
0.017736
0.0172082
0.0170118
0.017523
0.0182685
0.0183596
0.0178627
0.0176315
0.0181337
0.0190409
0.0195503
0.0193824
0.0193361
0.0200309
0.0208999
0.0212465
0.0213013
0.021582
0.022149
0.0227959
0.0232601
0.0234882
0.0238512
0.0245227
0.0251122
0.0254518
0.0258805
0.026533
0.02716
0.0276499
0.0281442
0.0287232
0.0293554
0.0299947
0.0306125
0.0311936
0.0317931
0.0324731
0.0331916
0.0338471
0.0344638
0.0351595
0.0359412
0.0366845
0.0373556
0.0380797
0.0389106
0.0397285
0.0404746
0.0412638
0.0421251
0.0429782
0.0438023
0.0446803
0.045584
0.0464909
0.0474023
0.0483517
0.0493177
0.0502981
0.0512928
0.0523095
0.0533351
0.0543944
0.055476
0.056559
0.0576757
0.0588069
0.0599743
0.0611388
0.0623462
0.0635675
0.0648154
0.0660825
0.0673831
0.0687177
0.0700549
0.0714391
0.072843
0.0742715
0.0757508
0.0772259
0.0787494
0.0802729
0.0818578
0.0834465
0.0850704
0.0867139
0.0883858
0.0900645
0.0916663
0.0932792
0.0945082
0.0136314
0.0142094
0.014665
0.015255
0.0161676
0.0172532
0.0179632
0.0179301
0.017471
0.0171842
0.0175029
0.0182225
0.0185141
0.0181349
0.0177862
0.0181017
0.0189765
0.0196612
0.0196097
0.0194193
0.0199538
0.0209041
0.0213981
0.0214071
0.0215815
0.0221695
0.0228541
0.0233122
0.0235528
0.0238953
0.0245279
0.0251469
0.0255121
0.0259026
0.026538
0.0271923
0.0276915
0.0281679
0.028735
0.0293699
0.0300139
0.0306331
0.0312121
0.0318046
0.0324802
0.0332034
0.0338635
0.0344752
0.0351649
0.0359494
0.0366982
0.0373654
0.0380823
0.0389154
0.0397384
0.0404816
0.0412664
0.0421296
0.0429843
0.0438064
0.0446843
0.0455898
0.0464963
0.0474059
0.0483553
0.049321
0.0503008
0.0512962
0.0523127
0.0533378
0.0543977
0.0554791
0.0565617
0.0576785
0.0588101
0.0599777
0.0611418
0.0623499
0.0635712
0.0648189
0.0660865
0.0673876
0.0687217
0.0700589
0.071443
0.0728468
0.074275
0.0757546
0.0772286
0.0787522
0.0802767
0.0818619
0.0834513
0.0850751
0.0867221
0.0883953
0.0900775
0.0916825
0.0932977
0.0945291
0.0135499
0.014245
0.0148134
0.0154082
0.0162238
0.0172101
0.0179685
0.0180832
0.0177154
0.017389
0.0175401
0.0181621
0.0185958
0.0183849
0.0179935
0.0181241
0.0188899
0.0196961
0.0198324
0.0195798
0.019902
0.0208431
0.021518
0.0215717
0.0216061
0.0221458
0.022907
0.0233873
0.0236097
0.0239393
0.0245428
0.0251744
0.0255737
0.025935
0.026539
0.0272188
0.027737
0.028196
0.0287472
0.0293833
0.0300326
0.0306541
0.0312323
0.0318183
0.0324869
0.0332143
0.0338808
0.0344882
0.0351703
0.035957
0.0367124
0.0373768
0.0380852
0.0389193
0.0397486
0.0404895
0.0412693
0.0421342
0.0429907
0.0438108
0.0446884
0.0455957
0.0465019
0.0474096
0.048359
0.0493244
0.0503038
0.0512999
0.052316
0.0533406
0.0544014
0.0554824
0.0565646
0.0576814
0.0588133
0.0599812
0.0611449
0.0623538
0.063575
0.0648225
0.0660906
0.0673922
0.0687258
0.0700632
0.0714471
0.0728507
0.0742786
0.0757585
0.0772314
0.078755
0.0802808
0.0818661
0.0834564
0.0850802
0.0867304
0.0884054
0.0900906
0.0916991
0.0933166
0.0945502
0.0134783
0.0142562
0.0149336
0.0155573
0.0163105
0.0171997
0.017958
0.0181964
0.0179336
0.0176055
0.0176301
0.0181175
0.0186193
0.0185885
0.0182281
0.0182098
0.0188171
0.0196627
0.0200087
0.0197955
0.0199121
0.0207481
0.0215705
0.02176
0.0216944
0.0221006
0.0229213
0.0234851
0.0236794
0.0239733
0.0245625
0.0252004
0.0256325
0.0259787
0.0265394
0.0272361
0.0277859
0.0282301
0.0287594
0.029396
0.0300513
0.0306749
0.0312536
0.0318346
0.0324945
0.0332238
0.0338987
0.0345031
0.035176
0.0359632
0.0367265
0.0373899
0.0380888
0.0389225
0.0397589
0.0404983
0.0412724
0.0421386
0.0429974
0.0438154
0.0446925
0.0456017
0.0465079
0.0474134
0.0483627
0.049328
0.0503069
0.0513036
0.0523196
0.0533434
0.0544046
0.0554856
0.0565678
0.0576845
0.0588167
0.0599848
0.061148
0.0623578
0.0635791
0.0648263
0.0660948
0.0673969
0.0687298
0.0700675
0.0714512
0.0728546
0.0742826
0.0757626
0.0772345
0.0787578
0.0802852
0.0818704
0.0834617
0.0850857
0.086739
0.088416
0.0901039
0.0917162
0.0933358
0.0945715
0.013425
0.0142535
0.015029
0.0156962
0.0164124
0.0172223
0.0179488
0.0182747
0.0181216
0.017818
0.017758
0.0181075
0.018607
0.0187353
0.0184632
0.0183492
0.018787
0.0195905
0.0201128
0.020029
0.0200004
0.0206599
0.0215501
0.0219257
0.0218527
0.0220771
0.0228789
0.0235772
0.0237824
0.0240043
0.0245759
0.025228
0.0256879
0.0260318
0.0265449
0.0272413
0.0278343
0.0282738
0.0287719
0.0294066
0.0300709
0.0306954
0.0312747
0.0318531
0.0325038
0.0332323
0.0339162
0.0345201
0.0351828
0.0359684
0.0367403
0.0374045
0.0380933
0.0389249
0.0397691
0.0405083
0.0412759
0.0421429
0.0430047
0.0438204
0.0446963
0.0456078
0.0465143
0.0474172
0.0483665
0.0493319
0.0503103
0.0513076
0.0523233
0.0533466
0.0544079
0.055489
0.0565711
0.0576877
0.0588202
0.0599886
0.0611511
0.062362
0.0635831
0.0648301
0.0660993
0.0674019
0.068734
0.0700721
0.0714554
0.0728585
0.0742867
0.0757667
0.0772378
0.0787608
0.08029
0.0818749
0.0834673
0.0850917
0.0867478
0.0884272
0.0901174
0.0917334
0.0933553
0.0945928
0.013396
0.0142469
0.015102
0.0158238
0.0165203
0.017269
0.0179527
0.0183286
0.0182778
0.0180173
0.0179064
0.0181371
0.0185833
0.0188262
0.0186757
0.0185233
0.0188109
0.0195137
0.0201436
0.0202388
0.0201553
0.0206168
0.0214833
0.0220314
0.0220477
0.0221169
0.0228002
0.0236252
0.0239178
0.0240545
0.024575
0.0252529
0.0257422
0.0260908
0.0265611
0.0272359
0.0278744
0.0283294
0.028789
0.0294122
0.030092
0.0307179
0.0312943
0.0318724
0.0325156
0.0332408
0.0339325
0.0345385
0.0351911
0.0359724
0.0367535
0.037421
0.038099
0.0389263
0.0397791
0.0405193
0.0412795
0.0421467
0.0430123
0.0438263
0.0447001
0.0456137
0.0465211
0.0474212
0.0483701
0.0493358
0.050314
0.0513117
0.0523272
0.0533499
0.0544111
0.0554925
0.0565748
0.0576912
0.0588239
0.0599924
0.0611542
0.0623663
0.0635874
0.064834
0.0661038
0.0674069
0.0687383
0.0700769
0.0714599
0.0728626
0.0742912
0.0757707
0.0772413
0.0787639
0.0802951
0.0818796
0.083473
0.0850983
0.0867568
0.0884387
0.0901312
0.0917508
0.093375
0.0946143
0.0133952
0.0142484
0.0151576
0.0159386
0.0166318
0.0173315
0.0179733
0.0183701
0.0184041
0.0181988
0.0180611
0.0181996
0.0185683
0.0188722
0.0188505
0.0187123
0.0188845
0.019461
0.0201214
0.0203923
0.0203453
0.0206379
0.0214061
0.0220683
0.0222351
0.0222336
0.0227308
0.0236056
0.0240558
0.0241465
0.0245678
0.0252642
0.0257962
0.0261531
0.0265905
0.0272272
0.0278979
0.0283925
0.0288181
0.0294111
0.0301105
0.0307459
0.0313134
0.0318903
0.0325298
0.0332506
0.0339477
0.0345573
0.0352011
0.0359757
0.0367654
0.0374388
0.0381062
0.038927
0.039789
0.0405317
0.0412836
0.04215
0.0430202
0.0438328
0.0447038
0.0456193
0.0465281
0.0474255
0.0483739
0.04934
0.0503179
0.051316
0.0523312
0.0533534
0.0544143
0.0554961
0.0565785
0.0576946
0.0588278
0.0599964
0.0611574
0.0623706
0.0635917
0.0648381
0.0661085
0.067412
0.0687426
0.0700815
0.0714643
0.0728666
0.0742962
0.075775
0.0772451
0.0787672
0.0803004
0.0818847
0.0834786
0.0851055
0.0867659
0.0884506
0.0901452
0.0917684
0.0933951
0.0946357
0.0134206
0.014267
0.0152056
0.0160383
0.0167446
0.0174052
0.0180076
0.0184079
0.0185042
0.0183594
0.0182134
0.0182836
0.0185736
0.0188904
0.0189805
0.0188974
0.0189963
0.019449
0.020077
0.0204807
0.0205345
0.0207195
0.0213511
0.0220539
0.0223766
0.0223995
0.0227147
0.023533
0.0241559
0.0242836
0.0245777
0.0252544
0.0258448
0.0262183
0.026632
0.0272252
0.0279031
0.0284522
0.0288654
0.0294078
0.0301182
0.0307795
0.031337
0.0319046
0.0325446
0.0332633
0.0339629
0.034576
0.0352125
0.0359792
0.0367764
0.0374579
0.0381147
0.0389265
0.0397984
0.0405455
0.0412883
0.0421526
0.0430283
0.0438405
0.0447078
0.0456246
0.0465352
0.0474301
0.0483778
0.0493442
0.050322
0.0513205
0.0523355
0.0533569
0.0544174
0.0554999
0.0565826
0.0576982
0.0588316
0.0600005
0.0611606
0.0623753
0.0635963
0.0648423
0.0661134
0.0674172
0.0687472
0.0700866
0.0714691
0.0728704
0.0743013
0.0757791
0.0772488
0.0787708
0.0803059
0.0818902
0.0834845
0.0851132
0.0867754
0.0884628
0.0901597
0.0917861
0.0934152
0.0946572
0.0134622
0.0143045
0.0152564
0.0161235
0.0168524
0.0174871
0.018052
0.0184472
0.0185849
0.0184987
0.0183599
0.0183797
0.0186002
0.0188979
0.0190674
0.0190614
0.01913
0.0194796
0.0200393
0.020517
0.0206935
0.0208422
0.0213391
0.0220174
0.0224602
0.0225741
0.0227704
0.0234499
0.0241883
0.024438
0.0246295
0.02523
0.0258775
0.026285
0.0266814
0.0272364
0.0278983
0.0284976
0.0289311
0.0294153
0.0301102
0.0308116
0.0313706
0.0319162
0.0325552
0.0332787
0.0339799
0.0345945
0.0352241
0.0359825
0.036787
0.0374782
0.0381247
0.0389251
0.0398072
0.0405609
0.0412937
0.0421542
0.0430362
0.0438491
0.044712
0.0456296
0.0465424
0.0474349
0.0483817
0.0493487
0.0503264
0.0513251
0.0523401
0.0533606
0.0544203
0.055504
0.056587
0.057702
0.0588355
0.0600048
0.0611638
0.0623799
0.0636009
0.0648466
0.0661185
0.0674224
0.068752
0.0700914
0.071474
0.0728746
0.074307
0.0757835
0.0772527
0.0787748
0.0803113
0.0818959
0.0834903
0.0851213
0.0867851
0.088475
0.0901746
0.091804
0.0934354
0.0946787
0.0135159
0.0143567
0.0153165
0.0162012
0.0169503
0.0175734
0.0181036
0.0184884
0.0186519
0.0186167
0.018498
0.0184817
0.018643
0.0189068
0.019121
0.0191932
0.0192683
0.0195439
0.020025
0.020523
0.0208081
0.0209797
0.021373
0.0219861
0.0224974
0.0227225
0.0228814
0.0233997
0.0241581
0.0245692
0.0247309
0.0252129
0.025886
0.0263485
0.0267355
0.0272589
0.0278927
0.0285212
0.0290021
0.0294457
0.0300925
0.0308307
0.031417
0.0319338
0.0325579
0.0332932
0.0340007
0.0346139
0.0352351
0.0359849
0.0367975
0.0375001
0.0381364
0.0389227
0.039815
0.0405782
0.0413003
0.0421546
0.0430439
0.0438589
0.0447166
0.0456344
0.0465498
0.0474398
0.0483857
0.0493535
0.0503309
0.0513297
0.0523449
0.0533645
0.054423
0.0555084
0.0565918
0.0577058
0.0588394
0.0600092
0.0611673
0.0623843
0.0636057
0.0648508
0.0661238
0.0674275
0.0687571
0.0700964
0.071479
0.0728785
0.0743127
0.075788
0.0772566
0.0787795
0.0803169
0.0819021
0.0834964
0.0851298
0.0867953
0.0884872
0.0901896
0.0918219
0.0934555
0.0947001
0.0135686
0.0144153
0.0153849
0.0162799
0.0170398
0.0176603
0.0181614
0.0185308
0.0187089
0.0187131
0.0186229
0.018585
0.0186966
0.0189221
0.0191545
0.0192904
0.0193953
0.0196292
0.0200386
0.0205202
0.020881
0.0211073
0.0214408
0.021976
0.0225083
0.0228294
0.023014
0.0234066
0.0240999
0.0246455
0.0248611
0.025227
0.025874
0.026401
0.0267949
0.0272905
0.0278954
0.0285284
0.0290627
0.0294998
0.0300798
0.0308276
0.031467
0.0319683
0.032556
0.0333006
0.0340262
0.0346375
0.0352453
0.0359851
0.036807
0.0375237
0.0381497
0.0389185
0.0398209
0.0405972
0.0413087
0.0421541
0.0430511
0.0438697
0.0447216
0.045639
0.0465573
0.0474448
0.0483895
0.0493587
0.0503358
0.0513343
0.0523499
0.0533685
0.0544252
0.055513
0.0565969
0.0577099
0.0588433
0.0600136
0.0611712
0.0623886
0.063611
0.0648553
0.0661295
0.0674325
0.0687623
0.0701012
0.0714841
0.0728828
0.0743186
0.0757926
0.0772601
0.0787844
0.0803223
0.0819084
0.083503
0.0851386
0.0868059
0.0884996
0.0902051
0.0918401
0.0934754
0.0947213
0.0136247
0.0144784
0.0154583
0.0163628
0.0171249
0.0177431
0.0182227
0.0185731
0.0187577
0.0187892
0.0187296
0.018685
0.0187572
0.0189441
0.0191765
0.0193585
0.0195008
0.0197211
0.0200764
0.0205238
0.0209247
0.021211
0.0215263
0.0219925
0.0225121
0.0228998
0.0231397
0.0234651
0.024054
0.0246649
0.024987
0.0252836
0.0258584
0.0264341
0.026856
0.0273286
0.0279079
0.0285305
0.0291046
0.0295658
0.030087
0.0308051
0.0315024
0.0320215
0.0325596
0.0332937
0.0340508
0.0346698
0.0352573
0.0359824
0.0368152
0.0375503
0.0381667
0.0389132
0.0398242
0.0406175
0.0413192
0.0421525
0.0430571
0.0438814
0.044727
0.0456432
0.0465651
0.0474503
0.048393
0.049364
0.0503409
0.051339
0.0523552
0.0533729
0.0544273
0.0555178
0.0566023
0.0577139
0.0588473
0.0600179
0.0611757
0.0624018
0.0636165
0.0648597
0.0661354
0.0674378
0.0687681
0.0701064
0.0714892
0.0728875
0.0743246
0.0757977
0.0772639
0.07879
0.0803279
0.0819146
0.0835096
0.0851473
0.0868167
0.0885119
0.0902205
0.0918583
0.0934953
0.0947425
0.0136851
0.0145442
0.0155325
0.0164467
0.0172083
0.0178194
0.0182824
0.0186129
0.0187985
0.0188475
0.0188149
0.0187753
0.0188205
0.018973
0.0191935
0.0194068
0.0195851
0.0198096
0.0201321
0.0205418
0.0209552
0.0212892
0.0216136
0.0220316
0.0225204
0.0229446
0.0232404
0.0235487
0.0240429
0.0246491
0.025079
0.0253709
0.0258584
0.0264491
0.0269121
0.0273718
0.0279274
0.0285346
0.0291302
0.0296285
0.0301197
0.0307827
0.0315123
0.0320833
0.0325834
0.0332752
0.0340629
0.0347098
0.0352751
0.0359748
0.0368181
0.0375787
0.0381886
0.0389072
0.0398241
0.040639
0.0413331
0.0421513
0.0430621
0.0438938
0.0447329
0.0456469
0.046573
0.0474564
0.0483963
0.0493694
0.0503464
0.0513437
0.0523607
0.0533772
0.0544292
0.0555228
0.0566083
0.0577182
0.0588514
0.0600221
0.06118
0.0624045
0.0636219
0.0648641
0.0661411
0.0674426
0.0687736
0.0701114
0.0714941
0.0728926
0.0743303
0.0758026
0.0772675
0.078796
0.080334
0.0819212
0.0835173
0.0851565
0.0868279
0.0885244
0.0902359
0.0918766
0.0935147
0.0947629
0.0137516
0.0146134
0.0156076
0.0165286
0.0172913
0.0178912
0.0183381
0.018649
0.0188305
0.0188901
0.0188769
0.0188493
0.0188796
0.0190056
0.0192078
0.0194394
0.019651
0.0198872
0.0201957
0.0205741
0.0209829
0.0213474
0.0216907
0.022084
0.0225381
0.0229756
0.0233157
0.0236344
0.0240665
0.0246265
0.0251276
0.0254645
0.0258842
0.0264556
0.0269582
0.0274186
0.027954
0.0285449
0.0291477
0.0296792
0.0301676
0.0307759
0.0315001
0.0321342
0.0326335
0.0332613
0.0340557
0.0347522
0.0353067
0.0359663
0.0368124
0.0376068
0.0382168
0.0389011
0.0398178
0.0406594
0.0413499
0.0421501
0.0430655
0.0439068
0.0447397
0.0456502
0.046581
0.0474634
0.0483995
0.0493747
0.0503521
0.0513485
0.0523666
0.0533817
0.0544309
0.0555278
0.0566143
0.0577223
0.0588555
0.0600262
0.0611846
0.0624103
0.0636276
0.0648689
0.0661473
0.067448
0.0687795
0.0701167
0.0714989
0.0728982
0.0743362
0.0758078
0.0772713
0.078802
0.0803397
0.0819272
0.0835249
0.0851656
0.0868392
0.088537
0.0902515
0.0918952
0.0935343
0.0947836
0.0138278
0.0146874
0.0156841
0.0166118
0.0173762
0.01796
0.0183877
0.0186782
0.0188508
0.0189158
0.0189145
0.0189001
0.0189265
0.0190357
0.0192204
0.0194587
0.0196999
0.0199518
0.020258
0.0206167
0.0210139
0.021394
0.0217542
0.0221402
0.0225663
0.0230018
0.0233735
0.0237106
0.0241125
0.0246186
0.0251441
0.0255428
0.0259319
0.0264639
0.0269917
0.0274633
0.0279842
0.0285603
0.029161
0.0297175
0.0302189
0.0307903
0.031483
0.0321601
0.032696
0.0332676
0.0340303
0.0347824
0.0353544
0.0359656
0.0367969
0.0376317
0.0382549
0.0389001
0.0398061
0.040678
0.0413708
0.0421498
0.0430668
0.0439195
0.0447466
0.0456521
0.0465886
0.0474712
0.0484026
0.0493793
0.0503576
0.0513531
0.0523727
0.0533861
0.0544326
0.0555331
0.0566209
0.0577266
0.0588597
0.06003
0.0611892
0.062413
0.0636325
0.0648737
0.066153
0.0674532
0.0687851
0.0701221
0.0715037
0.072904
0.0743417
0.0758128
0.0772755
0.0788085
0.0803461
0.0819334
0.0835331
0.0851747
0.08685
0.0885493
0.0902663
0.0919129
0.0935529
0.0948029
0.0139167
0.0147659
0.0157577
0.0166798
0.0174328
0.0180095
0.0184187
0.0186895
0.0188501
0.0189176
0.018925
0.0189231
0.0189539
0.0190564
0.0192316
0.0194707
0.0197356
0.0200069
0.0203175
0.0206675
0.0210518
0.0214367
0.0218066
0.0221923
0.0226013
0.023027
0.0234195
0.0237743
0.0241646
0.0246296
0.0251466
0.0255971
0.0259921
0.0264839
0.0270176
0.0275048
0.0280164
0.0285801
0.0291719
0.0297437
0.0302643
0.0308172
0.0314743
0.0321641
0.0327521
0.0333013
0.0340029
0.0347878
0.0354091
0.0359799
0.0367703
0.0376445
0.0382999
0.0389063
0.0397887
0.0406925
0.0413972
0.0421533
0.0430673
0.0439338
0.0447557
0.0456539
0.0465966
0.0474808
0.0484066
0.0493842
0.0503635
0.0513581
0.0523796
0.0533906
0.0544342
0.0555381
0.0566274
0.057731
0.0588639
0.060034
0.0611939
0.0624194
0.0636384
0.0648797
0.0661593
0.067459
0.068791
0.0701277
0.0715088
0.0729108
0.0743478
0.075818
0.0772803
0.078815
0.0803524
0.0819397
0.083542
0.0851847
0.0868617
0.0885625
0.0902821
0.0919315
0.0935722
0.094823
0.0140296
0.0148629
0.0158444
0.0167563
0.0175013
0.0180563
0.0184366
0.0186819
0.0188215
0.0188851
0.0188993
0.0189103
0.0189528
0.0190595
0.0192355
0.0194755
0.0197577
0.0200509
0.0203703
0.0207188
0.021093
0.0214759
0.0218491
0.0222352
0.0226364
0.0230518
0.0234568
0.0238274
0.0242143
0.0246535
0.0251483
0.0256284
0.0260509
0.0265165
0.0270404
0.0275426
0.0280504
0.0286052
0.0291859
0.0297637
0.0303057
0.0308501
0.0314766
0.0321583
0.0327866
0.0333505
0.0339909
0.0347686
0.0354581
0.036018
0.036742
0.0376402
0.0383487
0.0389223
0.039764
0.0406963
0.0414244
0.0421579
0.043063
0.0439452
0.044764
0.0456526
0.0466027
0.0474904
0.04841
0.0493878
0.0503682
0.0513619
0.0523866
0.0533955
0.0544357
0.0555432
0.0566342
0.0577355
0.0588679
0.0600381
0.0611986
0.0624224
0.0636425
0.064885
0.0661645
0.0674642
0.0687963
0.0701327
0.0715134
0.0729167
0.0743526
0.0758221
0.0772852
0.0788213
0.0803583
0.0819451
0.08355
0.0851935
0.0868715
0.0885745
0.0902962
0.0919483
0.0935898
0.094841
0.0141534
0.0149532
0.0159089
0.0168021
0.0175389
0.0180858
0.0184527
0.0186786
0.018775
0.0188243
0.0188438
0.0188703
0.0189323
0.019054
0.0192419
0.0194881
0.0197828
0.0200966
0.0204274
0.0207771
0.0211425
0.0215181
0.021889
0.0222728
0.0226704
0.0230785
0.0234895
0.0238739
0.0242621
0.0246859
0.0251584
0.0256478
0.0261026
0.0265608
0.0270657
0.0275769
0.0280842
0.0286306
0.0292026
0.0297792
0.0303427
0.0308888
0.0314907
0.032159
0.0328055
0.0334016
0.0340086
0.0347391
0.0354855
0.0360793
0.0367268
0.0376172
0.0383996
0.0389597
0.0397427
0.0406939
0.0414585
0.0421721
0.0430603
0.0439583
0.0447766
0.0456526
0.0466092
0.0475026
0.0484161
0.0493925
0.0503733
0.0513661
0.0523943
0.0534009
0.0544373
0.0555476
0.0566408
0.0577407
0.058872
0.0600425
0.0612027
0.0624282
0.0636484
0.0648926
0.0661708
0.0674701
0.0688023
0.0701385
0.0715194
0.0729243
0.0743588
0.0758272
0.0772912
0.0788283
0.0803651
0.081952
0.08356
0.0852043
0.0868829
0.0885877
0.0903117
0.091966
0.0936081
0.0948599
0.0143622
0.015107
0.0159942
0.0168155
0.0174845
0.0179734
0.0182869
0.018468
0.0185896
0.0186589
0.0187024
0.0187579
0.0188536
0.0190065
0.0192224
0.0194852
0.0197919
0.0201226
0.0204651
0.0208177
0.0211763
0.0215443
0.0219114
0.0222916
0.0226881
0.0230938
0.0235088
0.023905
0.0242991
0.0247146
0.0251692
0.0256564
0.0261354
0.0266027
0.0270914
0.0276043
0.028115
0.0286516
0.0292184
0.0297892
0.0303658
0.0309244
0.0315047
0.0321593
0.0328112
0.0334315
0.0340439
0.034717
0.0354768
0.0361419
0.0367332
0.0375692
0.0384286
0.0390098
0.0397201
0.0406718
0.0414867
0.0421894
0.0430532
0.043966
0.0447885
0.0456501
0.0466116
0.0475135
0.0484223
0.0493958
0.0503762
0.0513687
0.0524015
0.0534072
0.0544394
0.0555512
0.0566469
0.0577462
0.0588756
0.0600474
0.0612056
0.0624319
0.0636522
0.0648993
0.0661764
0.0674753
0.0688077
0.0701433
0.0715245
0.0729301
0.0743631
0.0758308
0.0772968
0.0788343
0.0803699
0.081957
0.0835676
0.085213
0.0868921
0.0885993
0.0903253
0.0919818
0.0936248
0.0948767
0.014638
0.0153487
0.0161857
0.0169438
0.017539
0.0179625
0.0182165
0.0183334
0.0183842
0.0184449
0.018529
0.0186373
0.0187861
0.0189821
0.0192293
0.0195101
0.0198218
0.0201567
0.0205016
0.0208552
0.0212087
0.0215702
0.0219342
0.0223101
0.022706
0.0231115
0.0235292
0.0239362
0.0243392
0.0247529
0.0251943
0.0256732
0.0261617
0.0266428
0.0271264
0.0276325
0.0281479
0.0286762
0.0292382
0.0298083
0.0303866
0.0309647
0.031532
0.0321664
0.0328228
0.0334477
0.0340833
0.0347274
0.0354519
0.0361898
0.0367809
0.0375275
0.0384344
0.0390807
0.0397207
0.0406401
0.0415115
0.0422171
0.0430491
0.0439718
0.0448038
0.04565
0.0466121
0.0475252
0.048432
0.049401
0.0503797
0.0513715
0.0524081
0.0534143
0.0544425
0.0555539
0.0566525
0.057753
0.0588801
0.0600537
0.0612295
0.0624383
0.0636572
0.064907
0.0661825
0.0674802
0.0688129
0.0701487
0.0715312
0.0729377
0.0743684
0.0758355
0.0773036
0.0788413
0.0803762
0.0819643
0.0835774
0.0852232
0.0869023
0.0886113
0.0903396
0.0919977
0.0936412
0.0948938
0.0148084
0.0153208
0.0159511
0.0165336
0.0170115
0.0173855
0.0176662
0.0178819
0.0180536
0.0181787
0.0183326
0.0185317
0.0187625
0.0190088
0.0192774
0.0195638
0.0198666
0.02019
0.0205242
0.0208723
0.0212211
0.0215778
0.0219406
0.0223139
0.0227106
0.0231175
0.0235371
0.0239543
0.0243673
0.0247843
0.0252196
0.0256901
0.0261792
0.0266694
0.0271594
0.0276577
0.0281729
0.0286974
0.0292489
0.0298233
0.030397
0.0309882
0.0315608
0.032171
0.0328329
0.0334572
0.034103
0.0347573
0.0354309
0.0361969
0.0368394
0.037503
0.0384012
0.0391418
0.0397436
0.0405997
0.041522
0.0422514
0.0430494
0.0439737
0.044821
0.0456534
0.0466093
0.0475349
0.0484429
0.0494058
0.0503819
0.0513725
0.052413
0.0534222
0.0544471
0.0555551
0.0566565
0.0577596
0.0588837
0.0600578
0.0612316
0.062442
0.063662
0.0649155
0.0661895
0.0674862
0.0688191
0.0701539
0.0715377
0.0729442
0.0743726
0.0758397
0.0773103
0.0788475
0.0803804
0.0819696
0.0835854
0.0852322
0.0869116
0.0886229
0.0903534
0.0920127
0.0936569
0.0949096
0.0165385
0.0164715
0.0163125
0.0162194
0.0162394
0.0163748
0.0166178
0.016933
0.0172881
0.0176928
0.0181
0.018462
0.0187737
0.0190553
0.0193308
0.0196149
0.0199045
0.0202108
0.0205303
0.0208702
0.0212193
0.0215755
0.0219411
0.0223142
0.0227117
0.0231206
0.0235401
0.0239648
0.0243866
0.0248102
0.0252451
0.0257088
0.0261953
0.0266885
0.0271871
0.0276842
0.0281961
0.0287224
0.0292643
0.0298414
0.0304151
0.031006
0.0315924
0.0321822
0.0328362
0.0334672
0.0341078
0.0347853
0.0354338
0.0361817
0.0368895
0.0375142
0.0383547
0.0391807
0.0397905
0.0405644
0.0415116
0.0422831
0.0430522
0.0439664
0.0448336
0.0456585
0.0466022
0.0475399
0.0484545
0.0494123
0.0503858
0.0513733
0.0524151
0.0534335
0.0544541
0.0555548
0.05666
0.057768
0.0588886
0.0600623
0.0612361
0.0624448
0.0636656
0.0649222
0.0661935
0.0674889
0.0688229
0.0701581
0.0715434
0.0729503
0.0743759
0.075843
0.0773164
0.0788532
0.0803852
0.0819759
0.0835939
0.0852405
0.0869197
0.0886326
0.0903651
0.0920258
0.0936705
0.0949238
0.0163289
0.0160759
0.0157683
0.0155807
0.0155571
0.0157166
0.0160529
0.0165218
0.0170432
0.0175462
0.0180031
0.0184085
0.0187655
0.019083
0.0193742
0.0196625
0.0199516
0.0202498
0.0205618
0.0208914
0.0212379
0.0215912
0.0219555
0.0223267
0.0227187
0.0231266
0.0235418
0.0239695
0.024397
0.0248299
0.0252699
0.0257288
0.0262148
0.0267083
0.0272116
0.0277095
0.0282173
0.0287453
0.0292796
0.0298539
0.0304324
0.0310187
0.0316188
0.0322041
0.0328389
0.0334837
0.0341167
0.0348053
0.0354614
0.0361664
0.0369146
0.0375532
0.0383154
0.0391886
0.0398555
0.0405562
0.0414913
0.0423169
0.0430724
0.0439635
0.0448497
0.0456736
0.0465986
0.0475434
0.0484665
0.0494202
0.0503913
0.0513725
0.0524133
0.0534437
0.0544645
0.0555523
0.0566605
0.0577755
0.0588921
0.0600654
0.0612417
0.0624481
0.0636719
0.0649339
0.0662023
0.0674953
0.0688308
0.0701658
0.0715512
0.0729575
0.0743812
0.0758487
0.0773239
0.0788596
0.0803893
0.0819818
0.0836019
0.0852493
0.086929
0.0886439
0.0903784
0.0920396
0.0936848
0.0949385
0.0171556
0.0168556
0.0164393
0.0160967
0.0158932
0.0158694
0.0160185
0.0163009
0.0166844
0.0171114
0.0175505
0.017991
0.0184213
0.0188265
0.0191981
0.0195483
0.0198903
0.0202254
0.0205606
0.0208991
0.0212495
0.021606
0.0219687
0.0223398
0.0227225
0.0231251
0.0235346
0.0239583
0.0243888
0.0248294
0.0252814
0.0257396
0.0262274
0.0267212
0.0272222
0.0277239
0.0282304
0.0287624
0.0292955
0.0298631
0.0304464
0.0310278
0.0316318
0.0322222
0.0328349
0.0334863
0.0341217
0.0348044
0.0354858
0.0361602
0.0369077
0.037594
0.0382972
0.0391585
0.0399056
0.0405678
0.0414504
0.042327
0.0430897
0.0439487
0.0448549
0.0456865
0.0465903
0.0475418
0.0484739
0.0494274
0.0504014
0.0513717
0.0524067
0.0534543
0.0544774
0.0555496
0.0566597
0.0577845
0.0588981
0.0600691
0.0612458
0.0624482
0.0636735
0.0649404
0.0662049
0.0674949
0.0688326
0.0701699
0.0715556
0.072961
0.0743829
0.0758515
0.077329
0.0788637
0.0803927
0.081987
0.0836087
0.0852554
0.0869347
0.0886511
0.0903872
0.0920493
0.0936951
0.0949493
0.0151491
0.0155183
0.0159664
0.0163506
0.0166638
0.0168881
0.0170257
0.0170989
0.0171966
0.017362
0.0176043
0.017922
0.0183
0.0187052
0.0191114
0.0195022
0.0198778
0.0202408
0.0205911
0.020937
0.0212856
0.0216418
0.0220016
0.0223696
0.0227437
0.0231344
0.023539
0.0239534
0.0243856
0.0248312
0.025295
0.0257619
0.0262487
0.0267441
0.0272359
0.0277403
0.028248
0.0287792
0.0293174
0.0298748
0.0304612
0.0310413
0.0316424
0.0322449
0.0328428
0.0334919
0.0341373
0.0348073
0.0355054
0.0361758
0.036895
0.0376212
0.0383165
0.0391245
0.039933
0.0406185
0.0414256
0.0423284
0.043127
0.0439425
0.0448618
0.0457111
0.046585
0.0475415
0.0484819
0.0494301
0.050415
0.051373
0.0523944
0.0534644
0.0544943
0.0555456
0.0566565
0.057791
0.0589031
0.0600737
0.0612521
0.0624515
0.0636804
0.064954
0.0662159
0.067502
0.0688407
0.0701791
0.0715649
0.072968
0.0743879
0.0758573
0.0773363
0.0788693
0.0803959
0.0819923
0.0836156
0.0852631
0.0869429
0.0886607
0.0903987
0.092061
0.093707
0.0949619
0.017215
0.0169101
0.0164514
0.0160333
0.0157324
0.0155802
0.0156176
0.0158686
0.0162557
0.0167116
0.0171988
0.0176921
0.0181745
0.0186396
0.019076
0.0194834
0.0198643
0.020228
0.0205796
0.0209273
0.0212762
0.0216314
0.0219945
0.0223624
0.0227377
0.0231231
0.0235266
0.0239389
0.0243712
0.024823
0.0252909
0.0257717
0.0262579
0.0267519
0.0272386
0.0277409
0.0282569
0.0287837
0.0293304
0.0298837
0.0304669
0.0310522
0.0316436
0.0322554
0.0328485
0.0334888
0.0341453
0.0348081
0.0355101
0.0361911
0.0368893
0.0376226
0.0383411
0.0391064
0.0399189
0.0406593
0.0414178
0.0423026
0.0431531
0.0439387
0.0448507
0.045733
0.0465813
0.0475355
0.0484911
0.0494281
0.0504257
0.0513827
0.0523799
0.0534664
0.0545131
0.0555448
0.0566517
0.0577983
0.0589066
0.0600762
0.0612565
0.0624502
0.0636791
0.0649585
0.0662184
0.0675011
0.0688409
0.0701813
0.0715682
0.0729708
0.0743888
0.0758588
0.07734
0.0788727
0.080398
0.0819953
0.0836201
0.085267
0.0869462
0.0886648
0.0904042
0.0920671
0.0937136
0.0949687
0.016601
0.016179
0.0156526
0.0152166
0.0149763
0.0149706
0.0151852
0.0155598
0.0160431
0.0165907
0.0171535
0.0176974
0.0182062
0.0186821
0.0191208
0.0195229
0.0198929
0.0202443
0.0205886
0.0209319
0.021279
0.0216313
0.0219937
0.0223603
0.0227354
0.0231202
0.0235209
0.0239345
0.0243656
0.0248206
0.0252897
0.0257762
0.0262659
0.0267561
0.0272435
0.0277418
0.0282619
0.0287874
0.0293339
0.0298906
0.0304685
0.0310586
0.0316471
0.032259
0.0328559
0.0334885
0.034148
0.03481
0.035507
0.0361942
0.0368885
0.0376169
0.0383508
0.0391129
0.0399095
0.0406762
0.0414361
0.0422926
0.0431644
0.0439521
0.0448455
0.0457449
0.0465881
0.0475306
0.0484975
0.0494288
0.0504282
0.0513952
0.0523762
0.0534612
0.0545255
0.0555515
0.0566473
0.0578009
0.0589116
0.0600791
0.0612637
0.062458
0.0636857
0.0649698
0.066231
0.0675109
0.0688501
0.0701901
0.0715768
0.0729783
0.0743952
0.0758639
0.0773451
0.078878
0.0804014
0.0819993
0.0836246
0.0852732
0.0869529
0.088672
0.0904123
0.0920755
0.0937228
0.0949795
)
;

boundaryField
{
    ZeroGradientPlanes
    {
        type            zeroGradient;
    }
    inlet
    {
        type            zeroGradient;
    }
    plate
    {
        type            zeroGradient;
    }
    frontAndBack
    {
        type            empty;
    }
}


// ************************************************************************* //
