/*--------------------------------*- C++ -*----------------------------------*\
| =========                 |                                                 |
| \\      /  F ield         | OpenFOAM: The Open Source CFD Toolbox           |
|  \\    /   O peration     | Version:  2506                                  |
|   \\  /    A nd           | Website:  www.openfoam.com                      |
|    \\/     M anipulation  |                                                 |
\*---------------------------------------------------------------------------*/
FoamFile
{
    version     2.0;
    format      ascii;
    arch        "LSB;label=32;scalar=64";
    class       volScalarField;
    location    "8.05";
    object      p;
}
// * * * * * * * * * * * * * * * * * * * * * * * * * * * * * * * * * * * * * //

dimensions      [0 2 -2 0 0 0 0];

internalField   nonuniform List<scalar> 
9600
(
6.54352e-11
0.00745284
0.0128492
0.00841682
-0.00121505
0.0108293
0.0140612
0.0122716
0.0165349
0.0206188
0.0181738
0.0179157
0.0189681
0.019967
0.0192286
0.019769
0.0199593
0.0201078
0.0210529
0.0214575
6.64708e-06
0.00744684
0.0128285
0.0084195
-0.00104686
0.0108026
0.0140495
0.0122782
0.0165251
0.0206148
0.0181737
0.0179212
0.0189671
0.0199554
0.0192429
0.0197688
0.0199716
0.0200912
0.0210686
0.0213379
7.83646e-06
0.00743772
0.01282
0.00841798
-0.000904641
0.0107575
0.014047
0.0122913
0.0165107
0.020606
0.0181772
0.0179286
0.0189641
0.0199448
0.0192722
0.0197621
0.0199907
0.0200576
0.0210823
0.0211634
3.80813e-06
0.00745509
0.0128213
0.00841231
-0.000773976
0.0107263
0.0140569
0.0123121
0.0164971
0.0205831
0.0181834
0.0179323
0.0189623
0.0199381
0.0193004
0.0197507
0.0200032
0.0200241
0.0210722
0.0209982
6.55083e-07
0.00750405
0.0128248
0.00840783
-0.000643684
0.0107154
0.0140733
0.0123448
0.0164853
0.0205383
0.018192
0.0179294
0.0189591
0.019928
0.0193244
0.0197352
0.0200138
0.0199897
0.0210433
0.0208663
4.74923e-06
0.0075772
0.0128241
0.00840684
-0.000504628
0.0107217
0.0140899
0.0123903
0.0164739
0.0204718
0.0182027
0.0179183
0.018952
0.0199141
0.0193482
0.0197176
0.0200249
0.0199511
0.0210054
0.0207636
2.21009e-05
0.00766378
0.0128057
0.00840922
-0.000347763
0.010739
0.0141003
0.0124471
0.0164623
0.0203898
0.0182136
0.0179002
0.0189427
0.0199001
0.0193734
0.0196985
0.0200349
0.0199113
0.0209593
0.0206783
5.78468e-05
0.00775247
0.0127661
0.00841372
-0.00016557
0.0107595
0.0141007
0.0125122
0.0164509
0.0203011
0.0182237
0.0178786
0.0189339
0.0198874
0.0193997
0.0196781
0.0200429
0.0198726
0.020901
0.0206052
0.000114936
0.00783402
0.0127069
0.00841857
4.61641e-05
0.0107768
0.0140922
0.0125815
0.01644
0.0202118
0.0182331
0.0178561
0.018926
0.0198759
0.0194267
0.0196569
0.0200474
0.0198354
0.0208285
0.0205427
0.000193651
0.00790513
0.0126327
0.00842193
0.000288072
0.01079
0.014079
0.0126502
0.0164303
0.0201252
0.0182424
0.0178334
0.0189184
0.019865
0.0194539
0.0196352
0.0200466
0.0198005
0.0207424
0.0204888
0.000292069
0.00796768
0.0125501
0.00842267
0.000557794
0.010802
0.014065
0.0127141
0.0164205
0.0200422
0.0182512
0.0178107
0.0189109
0.0198546
0.0194804
0.0196139
0.0200396
0.0197686
0.0206453
0.0204401
0.000406896
0.00802528
0.0124641
0.00842078
0.000850623
0.0108153
0.0140522
0.0127713
0.0164103
0.0199623
0.0182589
0.0177883
0.0189036
0.0198446
0.0195055
0.0195939
0.0200258
0.0197394
0.0205404
0.0203933
0.000534464
0.00808085
0.0123774
0.00841719
0.00116049
0.0108313
0.0140415
0.012822
0.0163989
0.0198845
0.0182651
0.0177667
0.018897
0.0198356
0.0195286
0.0195759
0.0200054
0.0197121
0.0204307
0.0203462
0.000671581
0.00813601
0.0122912
0.00841303
0.00148144
0.0108497
0.014033
0.0128676
0.0163861
0.0198088
0.0182698
0.0177461
0.018891
0.0198279
0.0195496
0.0195596
0.0199789
0.0196853
0.0203185
0.0202977
0.000815975
0.00819138
0.0122058
0.00840908
0.00180892
0.0108701
0.0140264
0.0129094
0.0163721
0.0197356
0.0182727
0.0177261
0.0188851
0.019822
0.0195683
0.0195444
0.0199471
0.019658
0.0202056
0.0202472
0.00096632
0.00824709
0.0121215
0.00840571
0.00214008
0.0108922
0.0140213
0.0129488
0.016357
0.0196653
0.0182735
0.0177061
0.0188782
0.019818
0.0195854
0.0195286
0.0199103
0.0196302
0.0200934
0.020194
0.00112201
0.00830315
0.0120386
0.00840313
0.00247341
0.010916
0.0140179
0.0129866
0.016341
0.0195982
0.0182722
0.0176855
0.0188701
0.019816
0.0196012
0.0195112
0.0198686
0.0196018
0.0199831
0.0201369
0.00128289
0.0083595
0.0119577
0.00840156
0.00280818
0.0109421
0.0140167
0.0130238
0.016324
0.0195348
0.0182685
0.0176641
0.0188605
0.0198154
0.0196164
0.0194918
0.0198216
0.0195727
0.0198759
0.0200756
0.001449
0.00841613
0.0118794
0.00840129
0.00314395
0.0109713
0.0140178
0.013061
0.0163056
0.019475
0.0182624
0.0176415
0.0188497
0.0198155
0.0196314
0.0194707
0.019769
0.0195426
0.0197734
0.0200104
0.00162049
0.00847301
0.0118044
0.00840271
0.00348029
0.0110042
0.0140215
0.0130987
0.0162856
0.019419
0.0182542
0.0176176
0.0188382
0.0198155
0.0196463
0.0194484
0.0197103
0.0195115
0.0196774
0.0199418
0.00179753
0.00853009
0.0117332
0.00840629
0.00381662
0.0110414
0.0140278
0.0131373
0.0162635
0.0193669
0.0182444
0.0175917
0.0188262
0.0198152
0.0196605
0.0194254
0.019646
0.0194792
0.0195894
0.0198693
0.00198027
0.00858731
0.0116666
0.00841259
0.00415226
0.0110833
0.0140369
0.0131774
0.0162391
0.0193186
0.0182336
0.0175636
0.0188142
0.0198146
0.0196731
0.0194026
0.0195767
0.019445
0.0195108
0.0197927
0.00216885
0.00864459
0.0116049
0.00842218
0.00448635
0.0111303
0.0140486
0.0132193
0.0162122
0.0192736
0.0182228
0.0175328
0.0188023
0.0198141
0.0196831
0.0193806
0.0195035
0.0194075
0.0194436
0.0197134
0.00236337
0.00870188
0.0115486
0.00843577
0.00481799
0.0111825
0.0140631
0.0132634
0.0161828
0.0192316
0.0182129
0.0174992
0.0187903
0.0198143
0.0196898
0.0193592
0.0194276
0.019365
0.0193894
0.0196354
0.00256391
0.00875915
0.0114982
0.00845408
0.00514629
0.0112404
0.0140805
0.0133099
0.0161512
0.0191921
0.0182049
0.0174625
0.0187774
0.0198161
0.0196928
0.0193381
0.0193506
0.0193161
0.0193487
0.0195653
0.00277056
0.00881643
0.0114539
0.0084779
0.00547036
0.0113037
0.014101
0.0133589
0.0161178
0.0191545
0.0181996
0.0174227
0.0187629
0.0198206
0.0196918
0.0193162
0.0192744
0.0192593
0.0193189
0.0195112
0.00298336
0.0088738
0.0114158
0.00850809
0.00578936
0.0113727
0.014125
0.0134104
0.0160829
0.0191184
0.0181978
0.0173798
0.0187459
0.0198288
0.019687
0.0192926
0.0192019
0.0191939
0.0192926
0.0194791
0.00320236
0.0089314
0.0113842
0.00854555
0.00610255
0.0114473
0.0141528
0.0134644
0.0160468
0.0190837
0.0182002
0.0173339
0.0187258
0.0198412
0.0196788
0.0192657
0.019136
0.0191227
0.0192598
0.0194672
0.00342757
0.00898944
0.0113592
0.00859116
0.00640939
0.0115275
0.0141851
0.013521
0.0160093
0.0190499
0.0182073
0.0172851
0.0187016
0.0198588
0.0196685
0.0192335
0.0190779
0.0190517
0.0192138
0.0194637
0.00365894
0.00904826
0.0113406
0.0086457
0.00670958
0.0116132
0.0142226
0.0135806
0.0159703
0.0190166
0.0182198
0.0172336
0.0186715
0.0198827
0.0196585
0.0191937
0.0190262
0.0189881
0.0191565
0.0194535
0.00389635
0.00910828
0.0113286
0.00870984
0.00700301
0.0117043
0.014266
0.013644
0.0159295
0.0189832
0.0182387
0.0171797
0.0186332
0.0199129
0.019652
0.0191455
0.0189774
0.0189357
0.0190965
0.019426
0.00413958
0.00917008
0.0113232
0.0087841
0.00728979
0.0118012
0.0143156
0.0137122
0.0158869
0.0189487
0.0182651
0.0171246
0.0185844
0.0199485
0.019652
0.0190899
0.0189292
0.0188943
0.0190419
0.0193814
0.00438837
0.00923422
0.0113246
0.00886878
0.00757038
0.0119061
0.0143707
0.0137866
0.0158426
0.0189116
0.0183
0.01707
0.018523
0.019988
0.0196617
0.019027
0.0188803
0.0188634
0.0189963
0.0193272
0.00464246
0.00930127
0.011333
0.00896408
0.00784531
0.0120255
0.0144309
0.0138688
0.0157968
0.01887
0.0183442
0.0170186
0.0184466
0.0200291
0.0196847
0.0189565
0.0188284
0.0188463
0.0189612
0.01927
0.00490159
0.00937188
0.0113485
0.00906998
0.00811511
0.0121124
0.0144954
0.0139601
0.0157507
0.0188216
0.0183976
0.0169735
0.018353
0.0200678
0.019726
0.0188801
0.0187677
0.0188468
0.0189424
0.0192131
0.00516546
0.00944672
0.0113717
0.0091861
0.00838066
0.012198
0.0145626
0.0140614
0.0157062
0.0187645
0.0184587
0.0169387
0.0182415
0.0200985
0.0197895
0.0188033
0.0186899
0.0188629
0.0189498
0.0191612
0.00543384
0.00952666
0.0114032
0.00931204
0.00864252
0.0122831
0.0146306
0.0141729
0.0156663
0.0186968
0.0185248
0.0169184
0.018114
0.0201147
0.0198762
0.0187351
0.0185883
0.0188847
0.0189927
0.0191256
0.00570665
0.00961307
0.0114438
0.00944751
0.00890095
0.0123691
0.0146971
0.0142937
0.0156343
0.0186179
0.0185923
0.0169167
0.0179736
0.0201097
0.0199849
0.0186862
0.0184611
0.0188974
0.0190741
0.0191224
0.0059839
0.0097086
0.0114944
0.00959261
0.00915543
0.0124584
0.0147613
0.0144223
0.0156131
0.0185287
0.0186578
0.0169355
0.0178241
0.0200774
0.0201123
0.0186684
0.018312
0.0188852
0.0191874
0.0191671
0.00626561
0.00980168
0.0115567
0.00974776
0.00940449
0.0125526
0.0148235
0.0145557
0.0156043
0.0184313
0.0187178
0.0169751
0.0176707
0.020013
0.0202513
0.0186925
0.0181501
0.0188332
0.019317
0.0192715
0.006552
0.00989758
0.0116316
0.00991378
0.00964643
0.0126522
0.0148842
0.0146913
0.0156087
0.0183281
0.0187691
0.0170356
0.0175201
0.0199126
0.0203906
0.0187676
0.0179915
0.0187304
0.0194398
0.019437
0.00684339
0.0099964
0.0117192
0.0100923
0.00987971
0.0127566
0.0149451
0.0148273
0.015626
0.018222
0.0188102
0.0171168
0.0173795
0.019774
0.0205148
0.0188978
0.0178588
0.0185757
0.0195281
0.0196492
0.00714008
0.0100982
0.0118187
0.0102856
0.0101037
0.0128643
0.0150092
0.0149629
0.0156552
0.0181152
0.0188408
0.0172181
0.0172555
0.0195989
0.0206085
0.0190783
0.0177759
0.0183822
0.0195559
0.01988
0.0074426
0.0102027
0.0119282
0.0104972
0.0103196
0.0129703
0.0150787
0.015099
0.0156938
0.0180084
0.0188601
0.0173382
0.0171555
0.0193935
0.0206585
0.0192943
0.0177629
0.018174
0.0195082
0.0200945
0.00775145
0.0103102
0.0120451
0.01073
0.0105299
0.0130695
0.0151554
0.0152379
0.0157387
0.0179012
0.0188668
0.0174753
0.017087
0.019167
0.0206548
0.0195262
0.0178315
0.0179804
0.0193859
0.0202581
0.00806712
0.0104215
0.0121657
0.0109852
0.0107388
0.013158
0.0152375
0.0153832
0.0157903
0.017793
0.0188584
0.0176269
0.0170579
0.0189312
0.0205908
0.0197526
0.0179818
0.0178324
0.0192053
0.0203446
0.00838998
0.010538
0.012286
0.0112623
0.0109521
0.013233
0.0153213
0.0155398
0.015853
0.0176827
0.0188305
0.0177885
0.0170757
0.0187003
0.0204671
0.0199505
0.0182
0.017757
0.018995
0.0203432
0.00871987
0.0106616
0.0124032
0.0115591
0.0111765
0.0132939
0.0154018
0.0157096
0.0159304
0.0175718
0.0187797
0.0179517
0.0171444
0.0184906
0.0202942
0.0201004
0.0184613
0.0177692
0.0187893
0.0202592
0.00905628
0.0107945
0.0125155
0.0118697
0.0114197
0.0133432
0.015469
0.0158902
0.0160302
0.0174676
0.018704
0.0181058
0.0172607
0.0183182
0.0200894
0.020193
0.0187377
0.0178662
0.0186216
0.0201118
0.00939857
0.0109394
0.0126214
0.0121863
0.0116886
0.0133869
0.0155117
0.0160755
0.0161601
0.0173781
0.0186056
0.0182393
0.0174149
0.0181965
0.0198716
0.020229
0.019004
0.0180307
0.0185172
0.0199316
0.00974582
0.011099
0.0127206
0.0124997
0.0119871
0.0134355
0.0155243
0.0162563
0.0163224
0.017315
0.0184927
0.0183418
0.0175928
0.0181332
0.0196595
0.0202145
0.0192433
0.0182405
0.0184872
0.019755
0.0100968
0.0112756
0.0128125
0.0128021
0.012316
0.0135007
0.015508
0.016416
0.016512
0.0172925
0.0183784
0.0184075
0.0177775
0.0181269
0.0194719
0.0201607
0.0194457
0.018474
0.0185266
0.019616
0.0104497
0.0114708
0.0129035
0.0130874
0.01267
0.013595
0.0154686
0.0165366
0.0167192
0.017321
0.0182772
0.0184399
0.0179521
0.0181668
0.0193225
0.0200828
0.019607
0.0187132
0.018619
0.0195319
0.0108027
0.0116851
0.0129977
0.0133508
0.0130388
0.013728
0.0154168
0.0166078
0.0169294
0.0174018
0.0182061
0.0184503
0.0181056
0.0182395
0.0192152
0.0199963
0.0197302
0.0189485
0.0187492
0.0194997
0.0111549
0.01192
0.0130994
0.0135882
0.0134093
0.0139037
0.0153707
0.0166321
0.017121
0.0175271
0.0181804
0.0184522
0.0182348
0.0183313
0.0191462
0.0199124
0.019821
0.0191751
0.0189114
0.0195091
0.0115036
0.0121723
0.0132188
0.0137989
0.0137652
0.0141201
0.0153508
0.016619
0.0172746
0.0176846
0.0182069
0.0184607
0.0183422
0.0184319
0.0191128
0.0198395
0.0198849
0.0193847
0.0191009
0.0195565
0.0118498
0.0124402
0.0133564
0.0139854
0.0140977
0.0143721
0.0153783
0.0165868
0.0173821
0.0178526
0.0182814
0.0184918
0.0184354
0.0185334
0.0191107
0.0197852
0.0199296
0.0195679
0.0193054
0.019644
0.0121956
0.012729
0.0135076
0.0141371
0.0143969
0.0146565
0.0154595
0.0165604
0.0174472
0.0180066
0.0183939
0.0185564
0.0185261
0.0186322
0.0191318
0.0197533
0.0199666
0.019724
0.0195088
0.0197686
0.0125333
0.0130185
0.0136888
0.0142931
0.0146662
0.0149477
0.0155896
0.0165599
0.0174807
0.01813
0.0185282
0.0186552
0.0186275
0.0187321
0.0191686
0.0197414
0.020007
0.0198642
0.0197021
0.0199203
0.0128652
0.0133126
0.0138932
0.0144472
0.0149013
0.0152304
0.0157608
0.0165963
0.0174986
0.01822
0.0186648
0.018783
0.018747
0.0188398
0.0192204
0.0197434
0.0200504
0.0199989
0.0198876
0.0200874
0.0131922
0.0136071
0.0141149
0.0146118
0.0151121
0.015496
0.015961
0.0166715
0.0175203
0.0182836
0.0187888
0.0189308
0.0188872
0.018959
0.0192901
0.0197603
0.020091
0.0201269
0.0200702
0.020263
0.0135118
0.0138978
0.0143531
0.0147911
0.0153032
0.0157398
0.0161768
0.0167831
0.0175602
0.0183308
0.0188933
0.0190863
0.0190487
0.0190917
0.0193759
0.0197979
0.0201321
0.0202421
0.0202484
0.020443
0.0138262
0.0141843
0.0146011
0.0149846
0.0154838
0.015962
0.0163961
0.0169251
0.0176259
0.0183749
0.0189794
0.0192366
0.0192279
0.0192447
0.0194766
0.0198568
0.0201853
0.0203469
0.0204183
0.0206259
0.0141364
0.0144684
0.0148494
0.0151901
0.0156628
0.0161655
0.0166121
0.0170915
0.0177199
0.0184292
0.0190546
0.0193742
0.0194146
0.0194229
0.0196
0.0199336
0.0202547
0.0204494
0.020578
0.0208093
0.0144397
0.014744
0.0151006
0.0154079
0.015846
0.0163541
0.0168205
0.0172738
0.0178401
0.0185017
0.0191278
0.0194993
0.0195974
0.0196188
0.0197529
0.0200299
0.0203362
0.0205529
0.0207261
0.0209889
0.014737
0.0150178
0.0153454
0.015629
0.016034
0.0165331
0.0170183
0.0174625
0.0179815
0.0185952
0.0192075
0.0196181
0.0197729
0.0198201
0.0199306
0.0201534
0.0204332
0.0206644
0.0208691
0.0211638
0.0150242
0.0152811
0.0155902
0.0158563
0.0162278
0.0167058
0.0172042
0.0176523
0.0181416
0.0187118
0.0192995
0.019736
0.0199451
0.0200236
0.0201242
0.0203056
0.0205524
0.0207885
0.0210148
0.0213342
0.0153045
0.0155398
0.0158224
0.0160788
0.016426
0.0168773
0.01738
0.0178382
0.0183138
0.0188505
0.0194088
0.0198567
0.0201147
0.0202321
0.0203333
0.0204848
0.020699
0.0209291
0.0211675
0.0215005
0.0155729
0.0157898
0.0160475
0.0162954
0.0166232
0.0170473
0.0175479
0.0180178
0.01849
0.0190051
0.0195388
0.0199883
0.0202848
0.020446
0.0205601
0.0206904
0.0208761
0.0210935
0.0213349
0.0216715
0.0158236
0.0160256
0.0162719
0.0165144
0.0168183
0.0172164
0.0177083
0.0181895
0.0186668
0.0191697
0.0196856
0.0201381
0.0204633
0.0206653
0.0208049
0.0209258
0.0210865
0.0212894
0.0215276
0.0218602
0.0160651
0.0162542
0.0164722
0.0166847
0.0170059
0.0173855
0.0178629
0.0183499
0.0188405
0.0193407
0.0198444
0.0203059
0.020659
0.0208949
0.0210679
0.0211969
0.0213389
0.0215248
0.0217553
0.0220787
0.0162852
0.0164659
0.0166676
0.0168873
0.0171859
0.0175501
0.0180121
0.0184985
0.0190045
0.019515
0.0200148
0.0204883
0.020877
0.0211463
0.0213537
0.0215069
0.0216414
0.0218085
0.0220264
0.0223389
0.0164832
0.0166564
0.0168491
0.0170652
0.0173543
0.0177058
0.0181508
0.0186322
0.0191508
0.0196818
0.0201949
0.0206886
0.0211254
0.0214408
0.0216804
0.0218624
0.021996
0.0221401
0.0223401
0.0226392
0.0166619
0.016838
0.0170527
0.0172257
0.0175145
0.0178611
0.0182843
0.0187441
0.0192581
0.0198139
0.0203775
0.0209291
0.0214428
0.0218475
0.022159
0.0224104
0.0225829
0.0226915
0.022791
0.0229484
0.0168169
0.0169358
0.0171311
0.0173315
0.0176383
0.0179972
0.0184236
0.0188542
0.0192996
0.0197637
0.0203121
0.0209654
0.0216091
0.0221341
0.0225527
0.0229625
0.023421
0.0239328
0.0244789
0.0249726
0.0169641
0.017227
0.0173459
0.0174975
0.0177558
0.0180586
0.0184737
0.0189928
0.0196014
0.0202153
0.0207871
0.0213273
0.0218418
0.0223383
0.0228247
0.0233113
0.0238048
0.0242549
0.0246479
0.0249408
0.0169362
0.0170181
0.0173501
0.0176663
0.0180332
0.0184168
0.0188394
0.0192909
0.0197914
0.0203019
0.0208108
0.0213225
0.0218275
0.0223152
0.0228222
0.0233528
0.0239274
0.0245227
0.0250852
0.0255375
0.0171528
0.0174757
0.0176436
0.0178447
0.0181762
0.018556
0.0189769
0.0194114
0.0198974
0.0204312
0.0209982
0.0215598
0.0221079
0.0225884
0.0230006
0.0233151
0.0235023
0.0235716
0.0235556
0.0235447
0.0170644
0.0172345
0.0175803
0.0179366
0.0183488
0.0187374
0.0191384
0.0195536
0.0200054
0.0205033
0.0210448
0.0215573
0.0220806
0.0226111
0.0231473
0.0237201
0.0243183
0.0249157
0.0254419
0.0258136
0.0171537
0.0174616
0.0177893
0.0181197
0.0185384
0.018925
0.0192851
0.0196646
0.0200867
0.0205508
0.0210827
0.0216128
0.0221559
0.0227166
0.0232573
0.0237801
0.0242703
0.024708
0.0250533
0.0252468
0.0232991
0.0220757
0.0167311
0.0123488
0.0120287
0.0142554
0.0166133
0.0182622
0.0193769
0.0202605
0.0210502
0.0218359
0.0226587
0.0234628
0.0242622
0.0251371
0.0260096
0.0267513
0.0273745
0.028
0.0287392
0.0295649
0.0303425
0.0310738
0.0318885
0.0328013
0.0337077
0.0345715
0.0354159
0.0362561
0.0370948
0.0379232
0.0387404
0.0395587
0.0403845
0.041226
0.0421177
0.0430734
0.0440519
0.045013
0.0459506
0.0468904
0.047871
0.0488758
0.0498622
0.0508463
0.0518682
0.0529135
0.0539326
0.0549297
0.0559846
0.0571294
0.058286
0.0594389
0.0606403
0.0619014
0.0631695
0.064468
0.065781
0.0670417
0.068252
0.0695181
0.0709148
0.0723687
0.0738132
0.0752583
0.0767433
0.0782218
0.0797188
0.0812585
0.0828453
0.0844549
0.0861151
0.0877912
0.0894994
0.0912302
0.0930001
0.0948068
0.0966521
0.0985591
0.100479
0.102452
0.104451
0.106517
0.108576
0.110664
0.112803
0.114992
0.11725
0.119513
0.121807
0.124143
0.126499
0.128948
0.131385
0.133908
0.136433
0.138921
0.141401
0.143686
0.023004
0.0219756
0.0168226
0.012491
0.0121162
0.0142993
0.016642
0.0182825
0.0193916
0.0202717
0.021059
0.021843
0.0226648
0.023468
0.0242667
0.0251411
0.0260135
0.026755
0.0273776
0.0280026
0.0287414
0.029567
0.0303445
0.0310756
0.0318899
0.0328027
0.033709
0.0345727
0.035417
0.0362571
0.0370958
0.0379241
0.0387414
0.0395596
0.0403854
0.0412269
0.0421185
0.0430742
0.0440527
0.0450138
0.0459514
0.0468911
0.0478717
0.0488764
0.0498629
0.0508469
0.0518688
0.0529141
0.0539332
0.0549303
0.0559851
0.0571298
0.0582864
0.0594393
0.0606406
0.0619017
0.0631698
0.0644683
0.0657814
0.0670421
0.0682524
0.0695183
0.0709151
0.0723689
0.0738134
0.0752585
0.0767435
0.078222
0.0797191
0.0812587
0.0828455
0.0844551
0.0861153
0.0877914
0.0894996
0.0912304
0.0930003
0.094807
0.0966522
0.0985592
0.100479
0.102452
0.104452
0.106518
0.108576
0.110664
0.112803
0.114992
0.11725
0.119513
0.121807
0.124143
0.126499
0.128948
0.131386
0.133908
0.136434
0.138921
0.141401
0.143686
0.0226323
0.0218573
0.0170085
0.0127599
0.0122685
0.0143548
0.0166673
0.0183025
0.0194091
0.0202865
0.0210709
0.0218522
0.0226721
0.023474
0.0242715
0.0251453
0.0260174
0.0267585
0.0273808
0.0280052
0.0287436
0.0295691
0.0303463
0.0310771
0.0318914
0.0328042
0.0337104
0.0345739
0.0354181
0.0362581
0.0370967
0.037925
0.0387422
0.0395604
0.0403861
0.0412276
0.0421191
0.0430749
0.0440534
0.0450145
0.0459521
0.0468917
0.0478723
0.048877
0.0498635
0.0508474
0.0518693
0.0529146
0.0539337
0.0549307
0.0559854
0.0571302
0.0582868
0.0594397
0.0606409
0.061902
0.0631701
0.0644686
0.0657817
0.0670424
0.0682526
0.0695185
0.0709153
0.0723691
0.0738137
0.0752587
0.0767437
0.0782222
0.0797192
0.0812588
0.0828457
0.0844553
0.0861154
0.0877916
0.0894997
0.0912306
0.0930004
0.0948071
0.0966524
0.0985593
0.100479
0.102452
0.104452
0.106518
0.108576
0.110665
0.112803
0.114992
0.11725
0.119513
0.121807
0.124143
0.126499
0.128948
0.131386
0.133908
0.136434
0.138921
0.141402
0.143687
0.0222861
0.0217632
0.0172513
0.0131004
0.0124754
0.0144303
0.0167007
0.0183295
0.0194337
0.0203078
0.0210887
0.0218665
0.0226831
0.0234827
0.0242786
0.025151
0.0260221
0.026763
0.0273853
0.0280094
0.028747
0.0295716
0.0303484
0.031079
0.0318933
0.0328061
0.0337121
0.0345754
0.0354194
0.0362593
0.0370978
0.037926
0.0387431
0.0395611
0.0403868
0.0412282
0.0421198
0.0430755
0.0440541
0.0450152
0.0459528
0.0468924
0.0478729
0.0488777
0.0498641
0.050848
0.0518699
0.0529152
0.0539342
0.0549311
0.0559858
0.0571306
0.0582872
0.05944
0.0606413
0.0619024
0.0631705
0.0644689
0.0657821
0.0670428
0.0682529
0.0695186
0.0709155
0.0723694
0.0738139
0.0752589
0.0767439
0.0782224
0.0797194
0.081259
0.0828458
0.0844554
0.0861156
0.0877917
0.0894999
0.0912307
0.0930005
0.0948072
0.0966525
0.0985595
0.100479
0.102452
0.104452
0.106518
0.108576
0.110665
0.112803
0.114992
0.11725
0.119513
0.121807
0.124143
0.126499
0.128948
0.131386
0.133908
0.136434
0.138922
0.141402
0.143688
0.0219692
0.021666
0.0174999
0.0134602
0.0127042
0.0145158
0.0167378
0.0183612
0.0194646
0.0203359
0.0211135
0.0218871
0.0226993
0.0234957
0.0242893
0.0251592
0.0260281
0.0267686
0.027392
0.0280165
0.0287527
0.0295753
0.030351
0.0310816
0.0318961
0.0328088
0.0337144
0.0345774
0.0354212
0.036261
0.0370994
0.0379274
0.0387441
0.0395619
0.0403875
0.0412288
0.0421204
0.0430762
0.0440548
0.0450159
0.0459535
0.0468932
0.0478736
0.0488784
0.0498648
0.0508487
0.0518706
0.0529158
0.0539348
0.0549316
0.0559862
0.057131
0.0582877
0.0594404
0.0606416
0.0619027
0.0631708
0.0644693
0.0657825
0.0670432
0.0682532
0.0695188
0.0709157
0.0723697
0.0738142
0.0752591
0.0767442
0.0782226
0.0797196
0.0812592
0.082846
0.0844556
0.0861157
0.0877919
0.0895
0.0912308
0.0930007
0.0948074
0.0966526
0.0985596
0.100479
0.102453
0.104452
0.106518
0.108576
0.110665
0.112803
0.114992
0.11725
0.119513
0.121807
0.124143
0.126499
0.128948
0.131386
0.133908
0.136434
0.138922
0.141402
0.143688
0.0216617
0.0215446
0.017739
0.0138268
0.0129466
0.0146079
0.0167752
0.0183944
0.0194988
0.0203682
0.0211429
0.0219126
0.0227199
0.0235127
0.0243036
0.02517
0.0260354
0.0267752
0.0274009
0.028027
0.0287615
0.0295808
0.0303546
0.0310854
0.0319003
0.0328125
0.0337173
0.0345798
0.0354235
0.0362634
0.0371017
0.0379294
0.0387456
0.039563
0.0403882
0.0412294
0.042121
0.0430768
0.0440553
0.0450165
0.0459543
0.046894
0.0478744
0.048879
0.0498655
0.0508496
0.0518714
0.0529166
0.0539354
0.0549322
0.0559867
0.0571316
0.0582882
0.0594409
0.0606421
0.0619032
0.0631712
0.0644697
0.065783
0.0670437
0.0682535
0.069519
0.0709159
0.07237
0.0738145
0.0752594
0.0767445
0.0782229
0.0797198
0.0812594
0.0828462
0.0844558
0.0861159
0.0877921
0.0895002
0.091231
0.0930008
0.0948075
0.0966527
0.0985597
0.100479
0.102453
0.104452
0.106518
0.108576
0.110665
0.112804
0.114993
0.11725
0.119513
0.121807
0.124143
0.126499
0.128948
0.131386
0.133908
0.136434
0.138922
0.141402
0.14369
0.0213596
0.0214011
0.0179697
0.0142004
0.0132033
0.0147073
0.0168131
0.0184279
0.0195354
0.0204033
0.0211752
0.0219409
0.0227434
0.0235325
0.0243207
0.0251828
0.0260438
0.0267828
0.0274116
0.0280403
0.0287731
0.0295882
0.0303596
0.0310906
0.0319058
0.0328172
0.0337208
0.0345826
0.0354262
0.0362661
0.0371045
0.0379321
0.0387479
0.0395646
0.0403892
0.0412302
0.0421219
0.0430775
0.0440557
0.0450168
0.0459549
0.0468949
0.0478752
0.0488797
0.0498663
0.0508507
0.0518725
0.0529175
0.0539362
0.054933
0.0559874
0.0571321
0.0582887
0.0594414
0.0606426
0.0619036
0.0631716
0.0644702
0.0657837
0.0670443
0.0682539
0.0695192
0.0709162
0.0723705
0.0738149
0.0752598
0.0767448
0.0782232
0.0797201
0.0812596
0.0828464
0.084456
0.0861161
0.0877923
0.0895004
0.0912312
0.093001
0.0948077
0.0966529
0.0985599
0.100479
0.102453
0.104452
0.106518
0.108577
0.110665
0.112804
0.114993
0.11725
0.119513
0.121807
0.124143
0.126499
0.128949
0.131386
0.133908
0.136434
0.138922
0.141403
0.143691
0.0210707
0.0212427
0.0181917
0.01458
0.0134748
0.0148156
0.0168519
0.0184617
0.0195742
0.0204412
0.0212097
0.0219711
0.0227686
0.0235541
0.0243396
0.0251972
0.0260533
0.0267913
0.0274234
0.0280552
0.0287864
0.0295971
0.0303661
0.0310974
0.0319129
0.0328229
0.0337247
0.0345855
0.0354289
0.036269
0.0371076
0.0379353
0.038751
0.039567
0.0403908
0.0412315
0.042123
0.0430783
0.0440559
0.0450169
0.0459555
0.0468959
0.0478759
0.0488801
0.049867
0.0508519
0.0518739
0.0529185
0.0539372
0.054934
0.0559884
0.0571329
0.0582893
0.0594421
0.0606431
0.0619041
0.0631721
0.0644708
0.0657844
0.067045
0.0682543
0.0695195
0.0709166
0.072371
0.0738154
0.0752602
0.0767452
0.0782236
0.0797204
0.0812599
0.0828467
0.0844562
0.0861164
0.0877925
0.0895006
0.0912314
0.0930012
0.0948078
0.096653
0.0985601
0.10048
0.102453
0.104452
0.106518
0.108577
0.110665
0.112804
0.114993
0.117251
0.119513
0.121808
0.124143
0.126499
0.128949
0.131386
0.133909
0.136435
0.138922
0.141404
0.143693
0.0208032
0.0210725
0.0183998
0.0149621
0.013761
0.0149349
0.0168929
0.0184954
0.0196149
0.0204818
0.0212466
0.0220031
0.0227952
0.023577
0.0243598
0.025213
0.0260638
0.0268004
0.0274359
0.028071
0.0288008
0.0296069
0.0303736
0.0311056
0.0319213
0.0328295
0.0337291
0.0345887
0.0354316
0.0362716
0.0371105
0.0379386
0.0387544
0.0395702
0.0403933
0.0412335
0.0421247
0.0430794
0.0440562
0.0450169
0.045956
0.0468969
0.0478766
0.0488802
0.0498676
0.0508533
0.0518754
0.0529197
0.0539383
0.0549355
0.0559898
0.057134
0.0582902
0.0594429
0.0606438
0.0619044
0.0631724
0.0644713
0.0657851
0.0670458
0.0682549
0.0695199
0.0709171
0.0723715
0.073816
0.0752607
0.0767457
0.0782241
0.0797209
0.0812603
0.0828471
0.0844566
0.0861167
0.0877928
0.0895009
0.0912317
0.0930014
0.094808
0.0966532
0.0985602
0.10048
0.102453
0.104452
0.106519
0.108577
0.110665
0.112804
0.114993
0.117251
0.119514
0.121808
0.124144
0.126499
0.128949
0.131386
0.133909
0.136435
0.138923
0.141404
0.143695
0.020562
0.0208923
0.0185888
0.0153436
0.0140625
0.0150673
0.0169369
0.0185286
0.0196567
0.0205251
0.021286
0.0220369
0.0228231
0.0236008
0.0243811
0.0252298
0.0260753
0.0268102
0.0274489
0.0280874
0.0288157
0.0296174
0.0303819
0.0311147
0.0319306
0.0328368
0.033734
0.0345922
0.0354345
0.0362742
0.037113
0.0379415
0.0387578
0.0395737
0.0403966
0.0412364
0.0421271
0.0430808
0.0440566
0.0450168
0.0459565
0.0468979
0.0478771
0.0488802
0.0498679
0.0508546
0.0518769
0.0529207
0.0539394
0.0549372
0.0559916
0.0571354
0.0582913
0.0594441
0.0606446
0.0619047
0.0631726
0.0644717
0.0657858
0.0670466
0.0682556
0.0695205
0.0709176
0.0723722
0.0738166
0.0752613
0.0767463
0.0782247
0.0797214
0.0812608
0.0828475
0.084457
0.0861171
0.0877932
0.0895012
0.091232
0.0930017
0.0948083
0.0966534
0.0985605
0.10048
0.102453
0.104453
0.106519
0.108577
0.110665
0.112804
0.114993
0.117251
0.119514
0.121808
0.124144
0.126499
0.128949
0.131387
0.133909
0.136435
0.138923
0.141405
0.143698
0.0203495
0.020705
0.0187553
0.0157217
0.0143789
0.0152145
0.0169849
0.0185607
0.0196989
0.020571
0.0213282
0.0220727
0.0228521
0.0236256
0.0244032
0.0252477
0.0260877
0.0268207
0.0274624
0.0281042
0.0288311
0.0296282
0.0303907
0.0311245
0.0319407
0.0328448
0.0337393
0.0345959
0.0354375
0.0362768
0.0371153
0.037944
0.0387609
0.0395773
0.0404003
0.0412399
0.0421302
0.0430827
0.0440571
0.0450168
0.0459571
0.0468991
0.0478777
0.0488799
0.0498681
0.0508558
0.0518783
0.0529216
0.0539404
0.054939
0.0559937
0.0571371
0.0582929
0.0594457
0.0606459
0.0619051
0.0631726
0.0644719
0.0657862
0.0670473
0.0682564
0.0695212
0.0709184
0.0723729
0.0738173
0.0752619
0.0767468
0.0782253
0.0797221
0.0812614
0.0828481
0.0844576
0.0861177
0.0877937
0.0895017
0.0912324
0.0930021
0.0948086
0.0966536
0.0985607
0.10048
0.102454
0.104453
0.106519
0.108577
0.110666
0.112804
0.114993
0.117251
0.119514
0.121808
0.124144
0.1265
0.128949
0.131387
0.133909
0.136435
0.138924
0.141406
0.143701
0.0201661
0.0205151
0.0188983
0.0160936
0.0147085
0.0153774
0.017038
0.0185914
0.019741
0.0206194
0.0213734
0.0221106
0.0228826
0.0236512
0.0244262
0.0252665
0.0261009
0.0268318
0.0274764
0.0281215
0.0288469
0.0296395
0.0303998
0.0311349
0.0319516
0.0328533
0.0337449
0.0345998
0.0354407
0.0362793
0.0371174
0.0379463
0.0387639
0.0395809
0.0404042
0.041244
0.0421338
0.043085
0.0440578
0.0450169
0.0459579
0.0469005
0.0478784
0.0488796
0.0498681
0.0508569
0.0518796
0.0529222
0.0539411
0.0549407
0.0559959
0.057139
0.0582948
0.0594479
0.0606477
0.0619059
0.0631726
0.0644716
0.0657861
0.0670476
0.0682571
0.0695221
0.0709194
0.0723739
0.0738181
0.0752625
0.0767474
0.0782259
0.0797229
0.0812622
0.0828488
0.0844583
0.0861183
0.0877943
0.0895023
0.091233
0.0930026
0.094809
0.0966539
0.098561
0.100481
0.102454
0.104453
0.106519
0.108577
0.110666
0.112804
0.114993
0.117251
0.119514
0.121808
0.124144
0.1265
0.128949
0.131387
0.133909
0.136436
0.138925
0.141407
0.143704
0.0200116
0.0203276
0.0190173
0.0164553
0.0150484
0.015557
0.0170983
0.0186215
0.0197825
0.02067
0.0214218
0.0221511
0.0229146
0.0236779
0.0244501
0.0252862
0.0261151
0.0268436
0.027491
0.0281393
0.0288633
0.0296513
0.0304095
0.0311461
0.0319632
0.0328625
0.0337509
0.034604
0.035444
0.036282
0.0371195
0.0379485
0.0387667
0.0395844
0.0404082
0.0412484
0.042138
0.0430877
0.0440586
0.045017
0.0459587
0.046902
0.0478792
0.0488793
0.0498681
0.0508579
0.0518807
0.0529225
0.0539415
0.0549423
0.0559981
0.0571409
0.0582968
0.0594505
0.06065
0.061907
0.0631728
0.0644712
0.0657855
0.0670474
0.0682575
0.0695231
0.0709206
0.0723751
0.073819
0.0752632
0.0767479
0.0782265
0.0797237
0.081263
0.0828496
0.0844591
0.0861191
0.087795
0.0895031
0.0912338
0.0930033
0.0948096
0.0966544
0.0985614
0.100481
0.102454
0.104453
0.106519
0.108578
0.110666
0.112805
0.114993
0.117251
0.119514
0.121808
0.124144
0.1265
0.128949
0.131387
0.133909
0.136436
0.138926
0.141408
0.143707
0.0198849
0.020147
0.0191121
0.0168028
0.0153963
0.0157547
0.0171685
0.0186519
0.0198226
0.0207222
0.0214736
0.0221946
0.0229485
0.0237058
0.024475
0.0253069
0.0261302
0.0268562
0.0275062
0.0281577
0.0288804
0.0296639
0.0304202
0.0311583
0.0319759
0.0328724
0.0337573
0.0346084
0.0354477
0.0362848
0.0371217
0.0379507
0.0387697
0.039588
0.0404123
0.0412531
0.0421425
0.0430907
0.0440596
0.0450171
0.0459595
0.0469036
0.0478801
0.048879
0.049868
0.0508589
0.0518817
0.0529227
0.0539417
0.0549437
0.0560002
0.0571428
0.0582989
0.0594532
0.0606526
0.0619085
0.0631731
0.0644705
0.0657844
0.0670464
0.0682573
0.0695238
0.0709221
0.0723766
0.0738201
0.0752639
0.0767484
0.078227
0.0797244
0.0812638
0.0828505
0.0844601
0.0861199
0.0877958
0.0895039
0.0912347
0.0930042
0.0948103
0.096655
0.0985619
0.100481
0.102454
0.104454
0.10652
0.108578
0.110666
0.112805
0.114994
0.117252
0.119515
0.121809
0.124144
0.1265
0.128949
0.131388
0.133909
0.136437
0.138927
0.141409
0.143711
0.0197841
0.0199763
0.0191829
0.0171335
0.0157502
0.0159713
0.0172512
0.0186838
0.0198612
0.0207756
0.0215287
0.0222412
0.0229844
0.0237348
0.024501
0.0253289
0.0261464
0.0268697
0.0275219
0.0281768
0.0288985
0.0296776
0.030432
0.0311718
0.0319897
0.032883
0.0337641
0.0346132
0.0354516
0.0362879
0.037124
0.0379532
0.0387729
0.0395918
0.0404164
0.041258
0.0421475
0.0430941
0.0440607
0.0450172
0.0459604
0.0469054
0.0478812
0.0488787
0.0498679
0.0508598
0.0518826
0.0529226
0.0539417
0.0549449
0.0560022
0.0571447
0.0583009
0.0594561
0.0606554
0.0619102
0.0631735
0.0644698
0.0657828
0.0670449
0.0682566
0.0695242
0.0709235
0.0723784
0.0738214
0.0752647
0.0767488
0.0782274
0.079725
0.0812646
0.0828515
0.0844611
0.0861209
0.0877966
0.0895048
0.0912358
0.0930053
0.0948113
0.0966557
0.0985625
0.100482
0.102455
0.104454
0.10652
0.108578
0.110667
0.112805
0.114994
0.117252
0.119515
0.121809
0.124145
0.1265
0.128949
0.131388
0.133908
0.136437
0.138928
0.141411
0.143715
0.0197066
0.0198183
0.0192314
0.0174455
0.0161075
0.0162063
0.0173481
0.0187193
0.0198982
0.0208292
0.0215867
0.0222911
0.0230226
0.0237653
0.0245282
0.0253522
0.026164
0.026884
0.0275384
0.028197
0.0289179
0.0296927
0.0304453
0.0311867
0.0320048
0.0328944
0.0337713
0.0346182
0.0354559
0.0362912
0.0371265
0.0379559
0.0387765
0.0395958
0.0404208
0.0412633
0.042153
0.0430979
0.044062
0.0450173
0.0459613
0.0469073
0.0478824
0.0488785
0.0498677
0.0508607
0.0518835
0.0529225
0.0539416
0.0549461
0.0560043
0.0571466
0.0583029
0.0594589
0.0606584
0.0619121
0.0631741
0.0644689
0.0657808
0.0670429
0.0682556
0.0695243
0.0709248
0.0723803
0.073823
0.0752656
0.0767492
0.0782277
0.0797255
0.0812652
0.0828524
0.0844623
0.0861219
0.0877974
0.0895056
0.0912368
0.0930065
0.0948124
0.0966566
0.0985632
0.100482
0.102455
0.104454
0.10652
0.108579
0.110667
0.112805
0.114994
0.117252
0.119515
0.121809
0.124145
0.126501
0.128949
0.131389
0.133908
0.136438
0.138929
0.141412
0.14372
0.0196495
0.019676
0.0192606
0.0177372
0.0164655
0.0164581
0.0174611
0.0187607
0.019934
0.020882
0.0216472
0.0223444
0.0230632
0.0237973
0.0245567
0.0253769
0.0261828
0.0268992
0.0275558
0.0282183
0.0289389
0.0297096
0.0304601
0.0312032
0.0320211
0.0329066
0.033779
0.0346237
0.0354605
0.0362949
0.0371293
0.0379589
0.0387804
0.0396
0.0404254
0.0412689
0.042159
0.0431022
0.0440634
0.0450174
0.0459623
0.0469093
0.0478837
0.0488784
0.0498676
0.0508616
0.0518843
0.0529222
0.0539414
0.0549474
0.0560065
0.0571486
0.058305
0.0594617
0.0606613
0.0619141
0.0631746
0.064468
0.0657785
0.0670405
0.0682544
0.0695243
0.0709259
0.0723821
0.0738245
0.0752665
0.0767495
0.078228
0.079726
0.0812658
0.0828533
0.0844635
0.086123
0.0877983
0.0895065
0.0912379
0.0930078
0.0948138
0.0966576
0.0985641
0.100483
0.102456
0.104454
0.106521
0.108579
0.110668
0.112806
0.114994
0.117252
0.119515
0.121809
0.124145
0.126501
0.128949
0.131389
0.133908
0.136438
0.138931
0.141414
0.143724
0.0196104
0.0195523
0.0192731
0.0180073
0.0168216
0.0167247
0.0175915
0.0188102
0.0199692
0.0209333
0.0217094
0.0224012
0.0231069
0.0238313
0.0245867
0.0254032
0.0262029
0.0269155
0.027574
0.028241
0.0289617
0.0297282
0.0304766
0.0312212
0.0320387
0.0329196
0.0337871
0.0346295
0.0354655
0.0362988
0.0371325
0.0379623
0.0387847
0.0396046
0.0404303
0.041275
0.0421656
0.0431069
0.0440651
0.0450174
0.0459632
0.0469114
0.0478851
0.0488783
0.0498675
0.0508626
0.0518852
0.052922
0.0539413
0.054949
0.056009
0.0571507
0.0583071
0.0594645
0.0606642
0.0619161
0.0631752
0.0644669
0.0657759
0.0670381
0.0682536
0.0695246
0.070927
0.0723837
0.0738259
0.0752674
0.0767499
0.0782282
0.0797265
0.0812664
0.0828542
0.0844647
0.0861242
0.0877992
0.0895074
0.0912389
0.0930092
0.0948152
0.0966588
0.098565
0.100484
0.102456
0.104455
0.106521
0.10858
0.110668
0.112807
0.114994
0.117251
0.119515
0.121809
0.124145
0.126501
0.12895
0.13139
0.133908
0.136439
0.138933
0.141415
0.143729
0.0195865
0.0194485
0.0192713
0.0182553
0.0171739
0.0170038
0.0177395
0.0188699
0.0200054
0.0209828
0.0217725
0.0224613
0.0231536
0.0238673
0.0246185
0.025431
0.0262244
0.0269327
0.0275933
0.0282651
0.0289863
0.0297485
0.0304946
0.0312406
0.0320573
0.0329335
0.0337959
0.0346358
0.0354708
0.0363032
0.0371359
0.037966
0.0387892
0.0396094
0.0404355
0.0412816
0.0421727
0.0431121
0.0440669
0.0450176
0.0459642
0.0469136
0.0478866
0.0488783
0.0498674
0.0508636
0.0518861
0.0529218
0.0539414
0.0549509
0.056012
0.0571532
0.0583093
0.0594673
0.0606671
0.0619181
0.0631758
0.0644659
0.0657732
0.0670357
0.0682533
0.0695257
0.0709283
0.072385
0.0738271
0.0752682
0.0767503
0.0782285
0.079727
0.0812671
0.0828551
0.0844659
0.0861253
0.0878002
0.0895083
0.09124
0.0930105
0.0948167
0.0966601
0.098566
0.100485
0.102457
0.104455
0.106521
0.10858
0.110669
0.112807
0.114994
0.117251
0.119514
0.121809
0.124146
0.126502
0.12895
0.13139
0.133907
0.136439
0.138934
0.141417
0.143733
0.0195748
0.0193652
0.0192579
0.0184813
0.0175207
0.0172924
0.0179046
0.0189422
0.0200448
0.0210307
0.0218354
0.0225241
0.0232036
0.0239059
0.0246522
0.0254607
0.0262473
0.026951
0.0276136
0.0282907
0.0290125
0.0297703
0.0305138
0.031261
0.032077
0.0329481
0.0338052
0.0346426
0.0354766
0.0363078
0.0371397
0.03797
0.038794
0.0396145
0.0404411
0.0412886
0.0421804
0.0431178
0.0440691
0.0450178
0.0459653
0.046916
0.0478883
0.0488783
0.0498674
0.0508647
0.0518871
0.0529217
0.0539417
0.0549533
0.0560156
0.057156
0.0583117
0.0594702
0.06067
0.0619201
0.0631764
0.0644649
0.0657704
0.0670334
0.0682537
0.0695279
0.0709301
0.072386
0.073828
0.0752688
0.0767505
0.0782288
0.0797277
0.0812681
0.0828562
0.0844672
0.0861265
0.0878011
0.0895092
0.0912411
0.0930119
0.0948182
0.0966615
0.098567
0.100486
0.102458
0.104455
0.106521
0.10858
0.11067
0.112808
0.114995
0.117251
0.119514
0.121809
0.124146
0.126502
0.12895
0.131391
0.133907
0.13644
0.138936
0.141419
0.143738
0.0195717
0.0193041
0.0192372
0.018685
0.0178599
0.0175883
0.0180859
0.019029
0.0200898
0.0210773
0.0218972
0.0225885
0.0232567
0.0239473
0.0246882
0.0254923
0.0262717
0.0269703
0.0276351
0.0283177
0.0290403
0.0297934
0.030534
0.0312823
0.0320977
0.0329635
0.0338152
0.0346499
0.0354828
0.0363129
0.0371438
0.0379743
0.0387991
0.0396198
0.040447
0.0412961
0.0421885
0.0431238
0.0440714
0.0450181
0.0459665
0.0469185
0.04789
0.0488784
0.0498674
0.0508659
0.0518882
0.0529216
0.0539423
0.0549561
0.0560197
0.0571591
0.0583142
0.0594732
0.060673
0.061922
0.0631771
0.0644639
0.0657677
0.0670315
0.068255
0.0695312
0.0709325
0.0723869
0.0738287
0.0752693
0.0767508
0.0782292
0.0797286
0.0812693
0.0828575
0.0844685
0.0861277
0.0878021
0.0895102
0.0912422
0.0930134
0.0948198
0.0966629
0.0985681
0.100487
0.102459
0.104456
0.106521
0.10858
0.11067
0.112809
0.114995
0.117251
0.119514
0.121809
0.124146
0.126503
0.12895
0.131391
0.133907
0.13644
0.138938
0.141421
0.143743
0.0195732
0.0192673
0.0192139
0.0188647
0.0181893
0.01789
0.0182815
0.0191311
0.0201429
0.0211239
0.0219573
0.0226538
0.0233125
0.0239917
0.0247269
0.0255262
0.0262979
0.0269908
0.0276575
0.0283461
0.0290696
0.0298177
0.0305551
0.0313044
0.0321191
0.0329798
0.0338258
0.0346576
0.0354894
0.0363184
0.0371483
0.0379789
0.0388044
0.0396255
0.0404532
0.0413039
0.0421969
0.0431301
0.044074
0.0450186
0.0459678
0.0469212
0.0478919
0.0488785
0.0498674
0.0508671
0.0518895
0.0529218
0.0539431
0.0549595
0.0560244
0.0571627
0.058317
0.0594763
0.060676
0.061924
0.0631778
0.0644629
0.065765
0.0670298
0.0682571
0.0695356
0.0709356
0.0723878
0.0738292
0.0752698
0.0767511
0.0782296
0.0797296
0.0812708
0.082859
0.0844699
0.086129
0.0878032
0.0895113
0.0912435
0.0930149
0.0948215
0.0966645
0.0985692
0.100488
0.10246
0.104456
0.10652
0.10858
0.110671
0.11281
0.114996
0.117251
0.119513
0.121809
0.124146
0.126503
0.12895
0.131392
0.133907
0.136441
0.138941
0.141423
0.143748
0.0195737
0.019255
0.0191941
0.0190195
0.0185068
0.0181973
0.0184893
0.0192484
0.0202064
0.0211722
0.0220156
0.0227189
0.0233705
0.0240392
0.0247686
0.0255625
0.026326
0.0270127
0.0276811
0.0283757
0.0291004
0.0298432
0.0305768
0.0313272
0.0321414
0.0329969
0.0338371
0.034666
0.0354966
0.0363243
0.0371533
0.0379838
0.03881
0.0396314
0.0404597
0.0413119
0.0422056
0.0431366
0.0440767
0.0450192
0.0459692
0.046924
0.0478939
0.0488787
0.0498675
0.0508685
0.0518909
0.052922
0.0539441
0.0549632
0.0560296
0.0571666
0.0583199
0.0594796
0.0606791
0.061926
0.0631785
0.0644621
0.0657625
0.0670283
0.0682598
0.0695409
0.0709392
0.0723887
0.0738296
0.0752701
0.0767513
0.07823
0.0797309
0.0812726
0.0828607
0.0844713
0.0861302
0.0878042
0.0895124
0.0912448
0.0930165
0.0948232
0.0966661
0.0985704
0.10049
0.102461
0.104457
0.10652
0.10858
0.110671
0.112811
0.114997
0.117251
0.119513
0.121809
0.124146
0.126504
0.12895
0.131393
0.133907
0.136441
0.138943
0.141426
0.143754
0.0195665
0.0192633
0.0191853
0.0191506
0.0188093
0.0185095
0.0187072
0.0193797
0.0202825
0.0212248
0.0220724
0.022783
0.0234297
0.0240895
0.0248137
0.0256018
0.0263562
0.027036
0.0277057
0.0284066
0.0291325
0.0298698
0.0305993
0.0313506
0.0321646
0.033015
0.0338492
0.0346749
0.0355042
0.0363308
0.0371587
0.0379892
0.0388159
0.0396376
0.0404663
0.04132
0.0422145
0.0431434
0.0440797
0.0450199
0.0459708
0.046927
0.0478961
0.0488789
0.0498676
0.05087
0.0518924
0.0529225
0.0539453
0.0549673
0.0560353
0.0571708
0.058323
0.0594829
0.0606823
0.0619279
0.0631792
0.0644612
0.0657601
0.0670271
0.0682628
0.0695467
0.0709431
0.0723897
0.0738299
0.0752705
0.0767515
0.0782306
0.0797324
0.0812746
0.0828625
0.0844728
0.0861315
0.0878053
0.0895135
0.0912461
0.0930181
0.0948251
0.0966679
0.0985717
0.100491
0.102462
0.104458
0.10652
0.10858
0.110672
0.112812
0.114997
0.117251
0.119513
0.121809
0.124147
0.126505
0.12895
0.131393
0.133907
0.136441
0.138945
0.141428
0.143759
0.019546
0.0192833
0.0191952
0.0192633
0.0190919
0.0188253
0.0189352
0.0195229
0.0203722
0.0212846
0.0221286
0.0228455
0.0234892
0.024142
0.0248622
0.0256446
0.0263889
0.0270609
0.0277315
0.0284386
0.029166
0.0298976
0.0306226
0.0313747
0.0321886
0.033034
0.0338622
0.0346845
0.0355124
0.0363377
0.0371645
0.037995
0.0388223
0.0396441
0.0404732
0.0413283
0.0422235
0.0431504
0.0440829
0.0450208
0.0459726
0.0469302
0.0478985
0.0488791
0.0498677
0.0508716
0.0518941
0.0529231
0.0539466
0.0549717
0.0560413
0.0571753
0.0583263
0.0594864
0.0606856
0.0619299
0.0631799
0.0644604
0.0657578
0.0670259
0.068266
0.0695528
0.0709472
0.0723908
0.0738303
0.075271
0.0767518
0.0782311
0.0797341
0.0812768
0.0828645
0.0844744
0.0861328
0.0878065
0.0895148
0.0912476
0.0930198
0.094827
0.0966697
0.098573
0.100492
0.102464
0.104459
0.10652
0.10858
0.110673
0.112813
0.114998
0.117251
0.119512
0.121809
0.124147
0.126505
0.12895
0.131394
0.133907
0.136442
0.138948
0.141431
0.143765
0.0195129
0.0193028
0.0192268
0.0193669
0.0193502
0.0191415
0.0191744
0.019676
0.0204752
0.0213544
0.0221861
0.022906
0.023548
0.0241959
0.0249141
0.0256914
0.0264245
0.0270875
0.0277586
0.0284718
0.0292009
0.0299266
0.0306468
0.0313995
0.0322135
0.033054
0.033876
0.0346947
0.0355211
0.0363452
0.0371708
0.0380012
0.0388291
0.039651
0.0404803
0.0413367
0.0422327
0.0431577
0.0440863
0.0450219
0.0459745
0.0469337
0.047901
0.0488794
0.0498679
0.0508734
0.051896
0.0529238
0.0539481
0.0549763
0.0560475
0.05718
0.0583297
0.05949
0.060689
0.0619319
0.0631806
0.0644597
0.0657556
0.0670249
0.0682694
0.069559
0.0709515
0.0723921
0.0738307
0.0752715
0.0767521
0.0782318
0.0797358
0.0812791
0.0828666
0.0844761
0.0861341
0.0878077
0.0895161
0.0912491
0.0930216
0.094829
0.0966716
0.0985744
0.100493
0.102465
0.10446
0.106521
0.108581
0.110673
0.112815
0.114999
0.117251
0.119512
0.121809
0.124147
0.126506
0.12895
0.131395
0.133907
0.136442
0.138951
0.141435
0.143771
0.0194774
0.0193101
0.0192745
0.0194736
0.0195836
0.0194514
0.0194264
0.0198379
0.0205898
0.0214368
0.0222472
0.0229645
0.0236057
0.0242506
0.0249689
0.0257423
0.0264636
0.027116
0.0277869
0.0285065
0.0292371
0.0299569
0.0306719
0.0314252
0.0322394
0.033075
0.0338907
0.0347057
0.0355305
0.0363533
0.0371778
0.0380079
0.0388364
0.0396583
0.0404877
0.0413453
0.0422422
0.0431653
0.04409
0.0450232
0.0459766
0.0469373
0.0479037
0.0488798
0.0498681
0.0508753
0.0518982
0.0529247
0.0539496
0.0549811
0.056054
0.057185
0.0583333
0.0594937
0.0606926
0.0619339
0.0631814
0.0644591
0.0657535
0.0670239
0.0682727
0.0695653
0.0709558
0.0723934
0.0738312
0.075272
0.0767525
0.0782325
0.0797376
0.0812815
0.0828687
0.0844778
0.0861356
0.087809
0.0895175
0.0912507
0.0930235
0.0948312
0.0966736
0.0985759
0.100495
0.102466
0.104461
0.106521
0.108581
0.110674
0.112816
0.115
0.117251
0.119512
0.121809
0.124148
0.126506
0.128951
0.131396
0.133907
0.136443
0.138954
0.141438
0.143777
0.0194551
0.0193017
0.0193253
0.0195934
0.0197985
0.0197465
0.0196904
0.0200108
0.0207129
0.0215324
0.0223153
0.0230215
0.0236615
0.0243055
0.0250259
0.0257972
0.0265065
0.0271468
0.0278165
0.0285427
0.029275
0.0299883
0.0306979
0.0314518
0.0322663
0.0330972
0.0339063
0.0347174
0.0355405
0.036362
0.0371853
0.0380152
0.0388441
0.039666
0.0404953
0.0413541
0.0422519
0.0431732
0.0440939
0.0450247
0.0459789
0.0469412
0.0479066
0.0488802
0.0498684
0.0508773
0.0519005
0.0529257
0.0539512
0.0549859
0.0560606
0.05719
0.0583369
0.0594976
0.0606963
0.0619361
0.0631821
0.0644585
0.0657516
0.0670231
0.0682761
0.0695715
0.0709601
0.0723948
0.0738318
0.0752727
0.0767529
0.0782332
0.0797395
0.081284
0.0828709
0.0844795
0.086137
0.0878104
0.089519
0.0912523
0.0930255
0.0948333
0.0966757
0.0985775
0.100496
0.102468
0.104462
0.106521
0.108581
0.110675
0.112817
0.115001
0.117251
0.119511
0.121809
0.124148
0.126507
0.128951
0.131396
0.133907
0.136443
0.138957
0.141442
0.143783
0.0194586
0.0192883
0.0193646
0.0197271
0.0200072
0.0200202
0.0199606
0.020199
0.0208424
0.0216397
0.0223944
0.023079
0.0237147
0.0243599
0.0250846
0.0258559
0.0265537
0.0271804
0.0278476
0.0285804
0.0293146
0.0300209
0.0307246
0.0314793
0.0322945
0.0331205
0.0339229
0.0347299
0.0355512
0.0363714
0.0371934
0.038023
0.0388524
0.0396742
0.0405032
0.041363
0.0422619
0.0431814
0.0440981
0.0450263
0.0459814
0.0469454
0.0479097
0.0488808
0.0498687
0.0508795
0.0519031
0.052927
0.0539528
0.0549908
0.0560673
0.0571953
0.0583406
0.0595015
0.0607001
0.0619382
0.0631829
0.064458
0.0657497
0.0670223
0.0682794
0.0695776
0.0709644
0.0723963
0.0738324
0.0752733
0.0767533
0.078234
0.0797415
0.0812866
0.0828731
0.0844813
0.0861386
0.0878118
0.0895205
0.091254
0.0930275
0.0948356
0.0966778
0.0985791
0.100497
0.102469
0.104463
0.106522
0.108581
0.110676
0.112818
0.115002
0.117251
0.119511
0.12181
0.124148
0.126508
0.128951
0.131397
0.133907
0.136444
0.13896
0.141446
0.143789
0.0194887
0.0192892
0.0193836
0.0198623
0.0202245
0.020274
0.0202261
0.0204051
0.0209794
0.0217551
0.022487
0.0231402
0.0237646
0.0244131
0.0251446
0.0259179
0.0266051
0.0272173
0.0278806
0.0286197
0.0293563
0.0300549
0.0307519
0.0315077
0.0323241
0.0331451
0.0339405
0.0347432
0.0355627
0.0363816
0.0372022
0.0380315
0.0388612
0.0396828
0.0405115
0.0413723
0.0422722
0.04319
0.0441027
0.0450281
0.045984
0.0469498
0.0479131
0.0488814
0.0498691
0.0508818
0.0519059
0.0529284
0.0539545
0.0549958
0.0560743
0.0572007
0.0583445
0.0595057
0.060704
0.0619405
0.0631837
0.0644576
0.0657481
0.0670217
0.0682828
0.0695837
0.0709687
0.0723978
0.0738331
0.0752741
0.0767539
0.0782349
0.0797435
0.0812892
0.0828754
0.0844832
0.0861402
0.0878133
0.0895221
0.0912559
0.0930296
0.0948379
0.09668
0.0985808
0.100499
0.102471
0.104464
0.106522
0.108582
0.110676
0.11282
0.115003
0.117251
0.119511
0.12181
0.124149
0.126509
0.128951
0.131398
0.133908
0.136444
0.138964
0.14145
0.143796
0.0195321
0.0193218
0.019388
0.0199809
0.0204591
0.0205198
0.0204748
0.020626
0.0211298
0.0218748
0.0225926
0.0232099
0.0238116
0.0244639
0.0252058
0.0259828
0.0266604
0.0272574
0.0279158
0.0286607
0.0293999
0.0300908
0.0307799
0.0315366
0.032355
0.0331713
0.0339592
0.0347573
0.0355751
0.0363926
0.0372118
0.0380406
0.0388706
0.0396919
0.04052
0.0413817
0.0422828
0.0431989
0.0441076
0.0450302
0.0459869
0.0469546
0.0479168
0.0488822
0.0498696
0.0508843
0.051909
0.05293
0.0539563
0.0550009
0.0560813
0.0572062
0.0583484
0.0595099
0.0607082
0.0619428
0.0631846
0.0644573
0.0657465
0.0670211
0.0682861
0.0695896
0.070973
0.0723995
0.0738339
0.0752749
0.0767544
0.0782358
0.0797456
0.0812918
0.0828777
0.0844852
0.086142
0.0878149
0.0895238
0.0912577
0.0930318
0.0948403
0.0966823
0.0985826
0.100501
0.102473
0.104465
0.106522
0.108582
0.110677
0.112821
0.115004
0.117252
0.119511
0.12181
0.124149
0.126509
0.128951
0.131399
0.133908
0.136445
0.138968
0.141455
0.143803
0.0195711
0.0193926
0.0193969
0.020066
0.0207038
0.0207759
0.0207012
0.0208502
0.0213007
0.0219982
0.0227067
0.0232929
0.0238586
0.0245104
0.0252678
0.0260507
0.0267193
0.0273005
0.0279534
0.0287041
0.0294457
0.0301286
0.0308089
0.0315658
0.032387
0.0331992
0.0339791
0.0347722
0.0355881
0.0364045
0.0372221
0.0380503
0.0388806
0.0397016
0.040529
0.0413915
0.0422936
0.0432083
0.0441129
0.0450325
0.0459899
0.0469596
0.0479207
0.0488831
0.0498701
0.050887
0.0519124
0.0529318
0.0539581
0.0550061
0.0560886
0.0572119
0.0583525
0.0595143
0.0607124
0.0619452
0.0631855
0.0644571
0.0657452
0.0670207
0.0682895
0.0695955
0.0709774
0.0724012
0.0738348
0.0752759
0.0767551
0.0782368
0.0797478
0.0812945
0.0828801
0.0844872
0.0861437
0.0878165
0.0895255
0.0912597
0.0930341
0.0948428
0.0966846
0.0985844
0.100502
0.102474
0.104466
0.106523
0.108582
0.110678
0.112822
0.115005
0.117252
0.11951
0.12181
0.124149
0.12651
0.128952
0.1314
0.133909
0.136445
0.138972
0.14146
0.14381
0.0195921
0.019493
0.019433
0.0201132
0.020936
0.0210592
0.0209148
0.0210617
0.0214933
0.0221312
0.0228238
0.0233906
0.0239111
0.0245515
0.0253288
0.026122
0.0267815
0.0273465
0.027993
0.0287502
0.0294942
0.0301682
0.030839
0.0315954
0.0324199
0.0332289
0.0340007
0.0347879
0.035602
0.0364173
0.0372334
0.0380607
0.0388913
0.0397118
0.0405383
0.0414014
0.0423048
0.043218
0.0441186
0.0450351
0.0459932
0.0469649
0.047925
0.0488842
0.0498706
0.0508899
0.051916
0.0529338
0.0539601
0.0550113
0.056096
0.0572177
0.0583566
0.0595188
0.0607169
0.0619477
0.0631864
0.0644571
0.065744
0.0670204
0.0682928
0.0696014
0.0709817
0.0724031
0.0738359
0.0752769
0.0767558
0.0782378
0.07975
0.0812973
0.0828825
0.0844893
0.0861456
0.0878182
0.0895274
0.0912618
0.0930365
0.0948453
0.096687
0.0985863
0.100504
0.102476
0.104468
0.106523
0.108583
0.110679
0.112824
0.115006
0.117252
0.11951
0.12181
0.12415
0.126511
0.128952
0.131401
0.133909
0.136446
0.138976
0.141466
0.143817
0.01959
0.0196049
0.0195141
0.0201372
0.0211291
0.0213717
0.0211365
0.0212474
0.0216978
0.0222839
0.0229407
0.0234988
0.0239754
0.0245886
0.0253863
0.0261968
0.0268476
0.0273949
0.0280343
0.0287988
0.0295464
0.03021
0.0308701
0.0316259
0.0324534
0.0332601
0.034024
0.0348048
0.0356165
0.0364311
0.0372457
0.0380719
0.0389025
0.0397227
0.0405481
0.0414117
0.0423164
0.0432282
0.0441246
0.0450379
0.0459968
0.0469705
0.0479296
0.0488855
0.0498713
0.050893
0.05192
0.0529362
0.0539621
0.0550166
0.0561035
0.0572237
0.0583608
0.0595234
0.0607215
0.0619504
0.0631874
0.0644572
0.065743
0.0670203
0.0682961
0.0696071
0.070986
0.072405
0.073837
0.075278
0.0767566
0.0782389
0.0797523
0.0813001
0.082885
0.0844915
0.0861476
0.0878201
0.0895293
0.0912639
0.0930389
0.094848
0.0966895
0.0985883
0.100506
0.102478
0.104469
0.106524
0.108583
0.11068
0.112825
0.115007
0.117252
0.11951
0.121811
0.12415
0.126512
0.128952
0.131401
0.13391
0.136447
0.13898
0.141472
0.143824
0.0195649
0.0197094
0.0196452
0.0201656
0.0212639
0.021692
0.0213908
0.0214097
0.0218957
0.0224625
0.0230623
0.0236107
0.0240552
0.0246267
0.0254374
0.0262742
0.0269185
0.0274455
0.0280767
0.0288494
0.0296027
0.0302551
0.0309021
0.0316571
0.032488
0.0332924
0.0340491
0.034823
0.0356319
0.0364457
0.037259
0.0380841
0.0389145
0.0397341
0.0405584
0.0414222
0.0423282
0.0432389
0.0441312
0.0450411
0.0460006
0.0469765
0.0479345
0.0488869
0.0498721
0.0508962
0.0519243
0.0529387
0.0539642
0.0550219
0.0561113
0.0572299
0.0583651
0.0595281
0.0607263
0.0619531
0.0631885
0.0644574
0.0657423
0.0670203
0.0682995
0.0696128
0.0709903
0.072407
0.0738383
0.0752792
0.0767575
0.0782401
0.0797547
0.081303
0.0828876
0.0844938
0.0861497
0.0878219
0.0895314
0.0912662
0.0930415
0.0948507
0.096692
0.0985904
0.100508
0.10248
0.10447
0.106525
0.108584
0.110681
0.112827
0.115008
0.117252
0.11951
0.121811
0.124151
0.126513
0.128953
0.131402
0.133911
0.136447
0.138984
0.141478
0.143832
0.0195183
0.01979
0.0198153
0.0202281
0.0213426
0.021988
0.0216915
0.0215697
0.022068
0.0226611
0.0231999
0.0237213
0.024148
0.0246724
0.0254819
0.0263517
0.0269953
0.0274984
0.0281198
0.0289014
0.0296628
0.0303046
0.0309352
0.0316884
0.032524
0.033326
0.0340756
0.034843
0.0356483
0.0364611
0.0372733
0.0380972
0.0389273
0.0397461
0.0405692
0.0414332
0.0423403
0.04325
0.0441383
0.0450446
0.0460046
0.0469828
0.0479397
0.0488886
0.0498731
0.0508997
0.051929
0.0529416
0.0539664
0.0550273
0.0561192
0.0572362
0.0583695
0.059533
0.0607312
0.0619559
0.0631896
0.0644577
0.0657417
0.0670205
0.0683028
0.0696184
0.0709946
0.0724091
0.0738396
0.0752805
0.0767585
0.0782414
0.0797572
0.081306
0.0828901
0.0844962
0.0861518
0.0878239
0.0895335
0.0912685
0.0930442
0.0948534
0.0966946
0.0985925
0.10051
0.102482
0.104472
0.106525
0.108584
0.110682
0.112828
0.115009
0.117253
0.11951
0.121812
0.124151
0.126514
0.128953
0.131403
0.133912
0.136448
0.138989
0.141485
0.14384
0.0194539
0.0198351
0.0200033
0.0203458
0.0213905
0.022228
0.0220259
0.0217562
0.0222093
0.0228618
0.0233626
0.0238334
0.0242476
0.0247304
0.0255226
0.0264263
0.0270784
0.0275543
0.0281627
0.0289546
0.0297261
0.0303591
0.0309708
0.0317194
0.0325611
0.0333615
0.0341031
0.0348643
0.0356662
0.0364774
0.0372885
0.0381113
0.0389409
0.0397589
0.0405805
0.0414446
0.0423529
0.0432616
0.0441458
0.0450486
0.046009
0.0469895
0.0479454
0.0488905
0.0498742
0.0509034
0.0519339
0.0529448
0.0539688
0.0550328
0.0561272
0.0572428
0.058374
0.0595379
0.0607364
0.0619589
0.0631908
0.0644582
0.0657414
0.0670208
0.0683061
0.0696239
0.0709989
0.0724113
0.0738411
0.0752819
0.0767595
0.0782427
0.0797598
0.081309
0.0828928
0.0844986
0.0861541
0.087826
0.0895357
0.091271
0.0930469
0.0948563
0.0966973
0.0985947
0.100512
0.102484
0.104473
0.106526
0.108585
0.110684
0.11283
0.11501
0.117253
0.11951
0.121812
0.124152
0.126515
0.128954
0.131404
0.133914
0.136449
0.138993
0.141492
0.143848
0.0193805
0.0198385
0.0201851
0.020524
0.021442
0.0223967
0.0223612
0.0219922
0.0223367
0.023043
0.0235485
0.0239574
0.0243491
0.0248002
0.0255639
0.0264962
0.0271675
0.0276148
0.0282044
0.0290087
0.0297925
0.0304181
0.0310102
0.0317504
0.0325985
0.0333995
0.0341319
0.0348865
0.0356858
0.0364952
0.0373047
0.0381263
0.0389554
0.0397724
0.0405923
0.0414564
0.042366
0.0432736
0.0441539
0.0450529
0.0460136
0.0469966
0.0479516
0.0488927
0.0498754
0.0509075
0.0519393
0.0529482
0.0539712
0.0550383
0.0561354
0.0572495
0.0583786
0.059543
0.0607417
0.061962
0.0631922
0.0644589
0.0657414
0.0670214
0.0683095
0.0696293
0.0710032
0.0724136
0.0738427
0.0752834
0.0767607
0.0782442
0.0797625
0.0813122
0.0828955
0.0845012
0.0861565
0.0878282
0.089538
0.0912735
0.0930498
0.0948592
0.0967
0.098597
0.100514
0.102486
0.104475
0.106527
0.108585
0.110685
0.112832
0.115012
0.117253
0.11951
0.121812
0.124152
0.126515
0.128954
0.131405
0.133915
0.13645
0.138998
0.1415
0.143856
0.0193142
0.0197998
0.0203372
0.0207511
0.0215309
0.0225055
0.0226605
0.0222763
0.0224787
0.0231946
0.0237418
0.0241031
0.0244546
0.0248781
0.0256089
0.0265613
0.0272617
0.027682
0.0282439
0.0290622
0.0298629
0.0304811
0.0310536
0.0317828
0.0326354
0.0334397
0.0341631
0.0349089
0.0357065
0.0365148
0.0373219
0.0381422
0.0389708
0.0397868
0.0406048
0.0414685
0.0423794
0.0432863
0.0441624
0.0450576
0.0460186
0.0470041
0.0479583
0.0488952
0.0498767
0.0509117
0.0519452
0.0529521
0.0539737
0.0550438
0.0561439
0.0572564
0.0583833
0.0595482
0.0607472
0.0619652
0.0631936
0.0644598
0.0657416
0.0670221
0.0683128
0.0696346
0.0710075
0.072416
0.0738445
0.075285
0.0767619
0.0782457
0.0797653
0.0813154
0.0828983
0.0845039
0.086159
0.0878305
0.0895405
0.0912762
0.0930528
0.0948623
0.0967028
0.0985994
0.100517
0.102488
0.104476
0.106528
0.108586
0.110686
0.112833
0.115013
0.117254
0.11951
0.121813
0.124153
0.126516
0.128955
0.131406
0.133917
0.136451
0.139003
0.141508
0.143865
0.019277
0.019727
0.0204392
0.0210031
0.021681
0.0225854
0.022896
0.0225802
0.0226619
0.023329
0.0239222
0.024269
0.0245734
0.0249623
0.0256576
0.0266215
0.0273598
0.0277588
0.0282812
0.029112
0.0299381
0.0305489
0.0310999
0.0318179
0.0326726
0.0334808
0.0341973
0.0349322
0.0357276
0.0365366
0.0373409
0.0381588
0.038987
0.0398021
0.040618
0.0414811
0.0423933
0.0432996
0.0441717
0.0450627
0.0460239
0.047012
0.0479655
0.0488981
0.0498781
0.0509161
0.0519516
0.0529564
0.0539763
0.0550494
0.0561526
0.0572635
0.058388
0.0595536
0.0607529
0.0619685
0.0631952
0.0644609
0.0657421
0.067023
0.0683161
0.0696399
0.0710118
0.0724185
0.0738464
0.0752868
0.0767633
0.0782473
0.0797682
0.0813186
0.0829011
0.0845066
0.0861616
0.0878328
0.089543
0.0912789
0.0930558
0.0948653
0.0967057
0.0986019
0.100519
0.10249
0.104478
0.106529
0.108587
0.110687
0.112835
0.115014
0.117254
0.11951
0.121813
0.124153
0.126517
0.128956
0.131406
0.133919
0.136452
0.139008
0.141517
0.143874
0.0192942
0.0196401
0.0204777
0.0212495
0.0218987
0.0226738
0.0230647
0.0228674
0.0228917
0.0234727
0.0240789
0.0244408
0.0247126
0.0250575
0.0257091
0.0266754
0.0274596
0.0278488
0.0283191
0.029154
0.0300169
0.0306242
0.031148
0.031855
0.0327118
0.0335224
0.0342339
0.0349576
0.0357484
0.0365597
0.0373623
0.0381762
0.0390038
0.0398183
0.040632
0.0414942
0.0424076
0.0433136
0.0441817
0.0450682
0.0460294
0.0470204
0.0479733
0.0489015
0.0498797
0.0509206
0.0519584
0.0529612
0.053979
0.0550548
0.0561614
0.0572709
0.0583928
0.059559
0.0607589
0.061972
0.0631968
0.0644622
0.0657429
0.0670242
0.0683194
0.0696451
0.0710161
0.0724211
0.0738484
0.0752887
0.0767647
0.078249
0.0797712
0.081322
0.082904
0.0845095
0.0861643
0.0878353
0.0895457
0.0912818
0.093059
0.0948685
0.0967087
0.0986044
0.100522
0.102492
0.104479
0.10653
0.108587
0.110689
0.112837
0.115015
0.117254
0.11951
0.121814
0.124154
0.126518
0.128957
0.131407
0.133921
0.136454
0.139014
0.141526
0.143883
0.0193864
0.0195698
0.020453
0.0214567
0.0221707
0.0228063
0.0231889
0.0231058
0.023145
0.0236515
0.0242236
0.0245992
0.024868
0.0251731
0.0257671
0.0267205
0.0275562
0.0279545
0.0283635
0.0291849
0.0300949
0.0307102
0.0311993
0.0318914
0.0327544
0.033566
0.0342715
0.0349856
0.0357698
0.0365832
0.0373865
0.0381955
0.0390207
0.0398354
0.040647
0.0415079
0.0424224
0.0433282
0.0441925
0.0450743
0.046035
0.0470293
0.0479818
0.0489053
0.0498815
0.0509252
0.0519655
0.0529667
0.053982
0.0550602
0.0561704
0.0572786
0.0583976
0.0595645
0.060765
0.0619758
0.0631986
0.0644637
0.065744
0.0670256
0.0683228
0.0696502
0.0710205
0.0724238
0.0738506
0.0752907
0.0767663
0.0782509
0.0797744
0.0813254
0.082907
0.0845124
0.0861672
0.0878379
0.0895485
0.0912848
0.0930623
0.0948718
0.0967118
0.0986071
0.100524
0.102495
0.104481
0.106531
0.108588
0.11069
0.112839
0.115016
0.117255
0.11951
0.121815
0.124155
0.126519
0.128958
0.131408
0.133923
0.136456
0.139019
0.141535
0.143893
0.0195617
0.0195516
0.0203841
0.0215955
0.0224668
0.0230055
0.0233029
0.023284
0.0233874
0.0238724
0.0243825
0.0247351
0.0250225
0.025314
0.0258418
0.0267573
0.0276415
0.0280745
0.0284229
0.0292047
0.0301646
0.0308081
0.0312583
0.0319246
0.0327986
0.0336145
0.03431
0.0350149
0.0357929
0.0366065
0.0374125
0.0382176
0.0390381
0.0398527
0.040663
0.0415222
0.0424376
0.0433434
0.0442041
0.045081
0.046041
0.0470384
0.047991
0.0489098
0.0498836
0.0509301
0.051973
0.0529725
0.0539853
0.0550657
0.0561795
0.0572866
0.0584027
0.05957
0.0607714
0.0619797
0.0632006
0.0644654
0.0657454
0.0670272
0.0683262
0.0696552
0.0710248
0.0724266
0.0738529
0.0752929
0.076768
0.0782528
0.0797777
0.081329
0.08291
0.0845155
0.0861701
0.0878406
0.0895515
0.091288
0.0930657
0.0948751
0.0967149
0.0986099
0.100527
0.102497
0.104483
0.106533
0.108589
0.110692
0.112841
0.115018
0.117255
0.11951
0.121815
0.124155
0.12652
0.128959
0.131409
0.133925
0.136458
0.139025
0.141545
0.143903
0.019809
0.019616
0.020306
0.0216514
0.0227475
0.0232729
0.0234453
0.0234173
0.0235861
0.0241141
0.0245816
0.0248624
0.0251554
0.0254714
0.0259458
0.0267946
0.0277079
0.0282007
0.0285061
0.0292204
0.0302174
0.0309141
0.0313317
0.0319548
0.0328397
0.0336698
0.0343521
0.0350435
0.0358178
0.0366311
0.0374391
0.0382424
0.0390571
0.0398699
0.04068
0.0415375
0.0424531
0.0433593
0.0442166
0.0450884
0.0460472
0.0470478
0.0480009
0.0489148
0.0498859
0.0509352
0.051981
0.0529788
0.0539888
0.0550712
0.0561888
0.0572947
0.0584078
0.0595756
0.060778
0.0619839
0.0632027
0.0644672
0.0657471
0.0670291
0.0683296
0.0696602
0.0710291
0.0724295
0.0738554
0.0752953
0.0767698
0.0782549
0.0797811
0.0813326
0.0829131
0.0845187
0.0861733
0.0878435
0.0895545
0.0912912
0.0930693
0.0948785
0.0967181
0.0986128
0.10053
0.1025
0.104484
0.106534
0.10859
0.110693
0.112842
0.115019
0.117256
0.119511
0.121816
0.124156
0.126521
0.128961
0.13141
0.133928
0.136461
0.13903
0.141556
0.143913
0.0201002
0.0197784
0.0202603
0.0216332
0.0229711
0.0235864
0.0236479
0.0235368
0.0237261
0.0243412
0.0248295
0.0250113
0.0252573
0.0256228
0.0260844
0.0268487
0.0277539
0.028319
0.0286161
0.0292448
0.0302483
0.0310185
0.0314245
0.0319876
0.0328728
0.0337299
0.0344023
0.0350716
0.0358421
0.0366581
0.0374667
0.0382689
0.0390787
0.0398874
0.040697
0.041554
0.0424693
0.0433757
0.0442302
0.0450966
0.0460537
0.0470575
0.0480115
0.0489207
0.0498885
0.0509406
0.0519896
0.0529857
0.0539925
0.0550769
0.0561983
0.0573032
0.058413
0.0595813
0.0607848
0.0619882
0.063205
0.0644693
0.0657492
0.0670313
0.0683331
0.0696652
0.0710335
0.0724325
0.0738581
0.0752979
0.0767717
0.0782571
0.0797847
0.0813363
0.0829163
0.084522
0.0861765
0.0878464
0.0895577
0.0912946
0.0930729
0.094882
0.0967214
0.0986158
0.100533
0.102502
0.104486
0.106535
0.108591
0.110695
0.112844
0.11502
0.117257
0.119511
0.121817
0.124157
0.126522
0.128963
0.131411
0.13393
0.136464
0.139036
0.141566
0.143924
0.0203991
0.0200319
0.0202853
0.0215729
0.0231083
0.0239074
0.0239236
0.0236809
0.0238176
0.0245182
0.0251045
0.0252125
0.0253449
0.0257425
0.0262448
0.026938
0.0277912
0.0284149
0.0287442
0.0292929
0.0302621
0.0311081
0.0315361
0.0320321
0.0328957
0.0337886
0.0344638
0.0351027
0.035863
0.0366867
0.0374969
0.0382963
0.0391026
0.0399064
0.0407137
0.0415712
0.0424866
0.0433927
0.0442447
0.0451058
0.0460607
0.0470676
0.0480227
0.0489273
0.0498915
0.050946
0.0519987
0.0529932
0.0539962
0.0550824
0.0562082
0.0573119
0.0584181
0.0595871
0.0607919
0.0619929
0.0632075
0.0644717
0.0657515
0.0670337
0.0683366
0.0696702
0.0710379
0.0724357
0.0738608
0.0753006
0.0767738
0.0782594
0.0797884
0.0813401
0.0829195
0.0845255
0.0861799
0.0878495
0.0895611
0.0912981
0.0930767
0.0948856
0.0967248
0.098619
0.100536
0.102505
0.104488
0.106537
0.108592
0.110696
0.112846
0.115022
0.117257
0.119511
0.121818
0.124158
0.126523
0.128964
0.131413
0.133933
0.136467
0.139042
0.141577
0.143935
0.0206689
0.0203509
0.0204038
0.0215127
0.0231548
0.0241915
0.0242586
0.0238853
0.0238912
0.0246247
0.025368
0.0254796
0.0254542
0.0258173
0.0263986
0.0270704
0.0278421
0.0284827
0.0288715
0.0293737
0.030274
0.0311718
0.0316566
0.0320978
0.0329125
0.0338384
0.0345357
0.0351429
0.03588
0.0367136
0.0375313
0.0383253
0.0391275
0.0399278
0.0407307
0.0415881
0.042505
0.0434106
0.0442599
0.0451158
0.046068
0.047078
0.0480346
0.0489345
0.0498949
0.0509516
0.0520084
0.0530016
0.0540001
0.0550876
0.0562184
0.0573212
0.0584233
0.0595929
0.0607993
0.0619978
0.0632101
0.0644742
0.0657543
0.0670364
0.0683401
0.0696752
0.0710424
0.0724389
0.0738638
0.0753035
0.076776
0.0782618
0.0797923
0.0813439
0.0829228
0.0845291
0.0861835
0.0878527
0.0895645
0.0913018
0.0930805
0.0948893
0.0967283
0.0986223
0.100539
0.102508
0.10449
0.106539
0.108593
0.110698
0.112849
0.115023
0.117258
0.119512
0.121818
0.124159
0.126524
0.128966
0.131414
0.133936
0.136471
0.139048
0.141588
0.143947
0.02088
0.0207021
0.0206161
0.021493
0.023133
0.0244023
0.0246178
0.0241685
0.0239871
0.0246661
0.0255785
0.0257937
0.0256232
0.025864
0.026513
0.0272313
0.027931
0.0285351
0.0289773
0.0294807
0.0303042
0.0312093
0.0317698
0.032189
0.0329336
0.0338738
0.0346116
0.0351972
0.0358969
0.0367349
0.0375687
0.0383585
0.0391525
0.0399509
0.0407496
0.0416044
0.0425238
0.0434301
0.0442762
0.0451266
0.0460759
0.0470887
0.0480474
0.0489426
0.0498985
0.0509574
0.0520186
0.0530109
0.0540043
0.0550925
0.0562287
0.0573312
0.0584287
0.0595985
0.0608069
0.0620032
0.0632129
0.0644769
0.0657574
0.0670394
0.0683438
0.0696802
0.071047
0.0724422
0.0738669
0.0753067
0.0767784
0.0782644
0.0797963
0.0813479
0.0829262
0.0845329
0.0861872
0.0878561
0.0895682
0.0913056
0.0930845
0.094893
0.0967318
0.0986257
0.100542
0.102511
0.104492
0.10654
0.108595
0.1107
0.112851
0.115024
0.117259
0.119513
0.121819
0.12416
0.126525
0.128968
0.131416
0.133938
0.136475
0.139055
0.1416
0.143959
0.0210133
0.0210518
0.0209064
0.0215414
0.0230796
0.0245255
0.0249583
0.0245217
0.0241449
0.0246731
0.0257066
0.0261138
0.0258741
0.0259216
0.0265694
0.0273878
0.0280699
0.0285988
0.0290511
0.0295915
0.0303679
0.0312369
0.0318594
0.0322983
0.0329718
0.0338956
0.0346828
0.0352669
0.0359203
0.0367491
0.0376053
0.0383979
0.0391791
0.0399738
0.0407708
0.041621
0.0425417
0.0434511
0.0442941
0.045138
0.0460841
0.0470999
0.0480611
0.0489517
0.0499023
0.0509632
0.0520294
0.0530212
0.0540091
0.0550971
0.0562388
0.0573418
0.0584344
0.059604
0.0608147
0.0620089
0.063216
0.0644798
0.0657609
0.0670428
0.0683474
0.0696852
0.0710516
0.0724456
0.0738701
0.07531
0.076781
0.0782671
0.0798006
0.0813519
0.0829297
0.0845367
0.086191
0.0878596
0.0895719
0.0913096
0.0930887
0.0948968
0.0967355
0.0986293
0.100545
0.102514
0.104495
0.106542
0.108596
0.110702
0.112853
0.115026
0.117259
0.119514
0.12182
0.124162
0.126526
0.12897
0.131418
0.133941
0.13648
0.139061
0.141611
0.143971
0.0210604
0.0213682
0.0212518
0.0216703
0.0230312
0.0245704
0.0252429
0.0249125
0.0243885
0.0246889
0.0257485
0.0263934
0.0261959
0.0260341
0.0265813
0.0275014
0.0282436
0.0287035
0.029105
0.0296801
0.0304609
0.0312784
0.0319204
0.0324081
0.0330358
0.0339131
0.0347409
0.0353476
0.0359563
0.0367586
0.0376365
0.0384425
0.0392105
0.0399962
0.0407935
0.0416397
0.0425586
0.0434724
0.0443145
0.0451506
0.0460923
0.0471114
0.0480759
0.0489619
0.0499063
0.0509686
0.0520409
0.0530326
0.0540145
0.0551016
0.0562489
0.0573528
0.0584406
0.0596095
0.0608226
0.0620151
0.0632192
0.0644829
0.0657648
0.0670465
0.0683512
0.0696901
0.0710564
0.0724492
0.0738736
0.0753136
0.0767836
0.0782699
0.079805
0.081356
0.0829333
0.0845408
0.0861951
0.0878632
0.0895758
0.0913137
0.093093
0.0949007
0.0967393
0.098633
0.100549
0.102517
0.104497
0.106544
0.108597
0.110704
0.112855
0.115027
0.11726
0.119515
0.121821
0.124163
0.126527
0.128973
0.13142
0.133944
0.136485
0.139068
0.141623
0.143984
0.0210278
0.0216213
0.0216241
0.0218799
0.0230185
0.0245613
0.0254524
0.0253017
0.0247147
0.0247584
0.0257298
0.026593
0.0265492
0.0262327
0.0265886
0.0275485
0.0284162
0.0288649
0.0291701
0.0297312
0.030558
0.0313542
0.0319683
0.0324982
0.0331221
0.0339405
0.0347826
0.035431
0.0360088
0.0367688
0.0376597
0.038489
0.0392484
0.0400193
0.0408157
0.0416608
0.0425756
0.0434927
0.0443371
0.0451654
0.0461002
0.0471227
0.048092
0.0489737
0.0499108
0.0509737
0.0520527
0.0530453
0.0540204
0.0551059
0.0562588
0.0573642
0.0584471
0.059615
0.0608307
0.0620217
0.0632228
0.064486
0.0657691
0.0670507
0.0683551
0.0696951
0.0710612
0.0724529
0.0738771
0.0753174
0.0767865
0.078273
0.0798096
0.0813602
0.0829369
0.084545
0.0861993
0.0878671
0.0895799
0.091318
0.0930974
0.0949046
0.0967432
0.0986369
0.100552
0.10252
0.104499
0.106546
0.108599
0.110706
0.112858
0.115029
0.117261
0.119516
0.121822
0.124165
0.126528
0.128975
0.131422
0.133947
0.13649
0.139076
0.141635
0.143997
0.0209426
0.021792
0.0219898
0.0221605
0.023063
0.0245267
0.0255861
0.0256536
0.0250955
0.0249112
0.0256934
0.0266958
0.0268852
0.0265177
0.0266375
0.0275385
0.0285457
0.029068
0.0292806
0.0297564
0.0306283
0.0314631
0.0320302
0.0325595
0.0332134
0.0339899
0.0348139
0.0355077
0.0360774
0.0367856
0.0376751
0.0385339
0.039293
0.0400456
0.0408369
0.0416832
0.0425944
0.0435118
0.0443605
0.0451833
0.0461086
0.0471332
0.0481091
0.0489874
0.0499159
0.0509783
0.0520647
0.0530592
0.0540272
0.0551099
0.0562688
0.0573761
0.0584538
0.0596207
0.060839
0.0620286
0.0632266
0.0644894
0.0657736
0.0670551
0.0683591
0.0697001
0.0710661
0.0724566
0.0738809
0.0753214
0.0767895
0.0782761
0.0798144
0.0813646
0.0829407
0.0845493
0.0862036
0.087871
0.0895841
0.0913225
0.093102
0.0949087
0.0967472
0.0986409
0.100556
0.102523
0.104502
0.106548
0.108601
0.110709
0.11286
0.11503
0.117262
0.119517
0.121823
0.124166
0.126529
0.128977
0.131425
0.13395
0.136496
0.139083
0.141646
0.14401
0.0208434
0.0218832
0.0223144
0.0224908
0.023178
0.0244952
0.0256557
0.0259456
0.0254945
0.0251528
0.0256868
0.0267155
0.0271583
0.0268577
0.026765
0.0275089
0.0286048
0.0292749
0.0294557
0.0297895
0.030651
0.0315774
0.0321308
0.032606
0.0332876
0.0340619
0.0348479
0.0355708
0.0361569
0.0368143
0.0376845
0.0385744
0.0393429
0.0400767
0.040858
0.0417056
0.0426152
0.0435307
0.0443833
0.0452042
0.0461189
0.0471426
0.0481267
0.0490031
0.0499218
0.0509824
0.0520767
0.0530745
0.054035
0.0551138
0.0562786
0.0573885
0.0584609
0.0596263
0.0608477
0.062036
0.0632305
0.064493
0.0657786
0.0670599
0.0683634
0.0697053
0.0710711
0.0724605
0.0738849
0.0753258
0.0767927
0.0782793
0.0798194
0.081369
0.0829446
0.0845538
0.0862082
0.0878752
0.0895884
0.0913271
0.0931067
0.0949128
0.0967514
0.0986452
0.10056
0.102526
0.104505
0.10655
0.108602
0.110711
0.112862
0.115032
0.117263
0.119519
0.121824
0.124168
0.126531
0.12898
0.131428
0.133953
0.136502
0.139092
0.141658
0.144024
0.0207607
0.0219199
0.0225746
0.0228378
0.023364
0.024493
0.0256799
0.0261695
0.0258782
0.0254659
0.0257472
0.0266891
0.0273419
0.0272071
0.0269803
0.0275047
0.0285986
0.029443
0.0296837
0.0298697
0.030635
0.0316606
0.0322722
0.0326671
0.0333321
0.0341411
0.0348981
0.0356214
0.0362392
0.0368589
0.0376907
0.0386076
0.039397
0.0401133
0.0408797
0.041728
0.0426376
0.0435505
0.0444052
0.0452265
0.0461316
0.0471514
0.048144
0.0490211
0.0499293
0.050986
0.0520883
0.0530908
0.054044
0.0551174
0.0562881
0.0574016
0.0584683
0.0596317
0.0608566
0.0620441
0.0632346
0.0644966
0.065784
0.0670651
0.0683677
0.0697105
0.0710762
0.0724643
0.0738889
0.0753304
0.0767961
0.0782826
0.0798245
0.0813735
0.0829485
0.0845584
0.0862129
0.0878795
0.089593
0.0913319
0.0931115
0.0949169
0.0967556
0.0986496
0.100563
0.10253
0.104507
0.106552
0.108604
0.110714
0.112865
0.115034
0.117264
0.119521
0.121825
0.124169
0.126532
0.128982
0.131432
0.133956
0.136509
0.1391
0.14167
0.144038
0.0207047
0.0219324
0.0227693
0.0231681
0.0236079
0.0245409
0.025682
0.0263271
0.0262205
0.0258185
0.0258897
0.026661
0.0274368
0.0275202
0.0272625
0.0275619
0.0285592
0.029542
0.0299265
0.0300232
0.0306172
0.0316858
0.0324263
0.0327712
0.0333579
0.0342052
0.0349688
0.035669
0.0363156
0.0369206
0.0376997
0.0386306
0.0394539
0.0401568
0.0409018
0.0417502
0.042662
0.0435715
0.0444268
0.0452496
0.0461468
0.0471609
0.0481605
0.0490406
0.0499385
0.0509895
0.0520997
0.053108
0.0540544
0.055121
0.0562971
0.0574154
0.0584764
0.0596368
0.0608657
0.062053
0.0632388
0.0645001
0.0657898
0.0670707
0.0683722
0.0697158
0.0710816
0.0724684
0.0738931
0.0753354
0.0767998
0.0782861
0.0798298
0.0813782
0.0829528
0.0845632
0.0862177
0.0878839
0.0895975
0.0913369
0.0931166
0.0949211
0.09676
0.0986541
0.100567
0.102533
0.10451
0.106555
0.108606
0.110717
0.112867
0.115036
0.117265
0.119523
0.121827
0.124171
0.126534
0.128985
0.131436
0.13396
0.136515
0.139109
0.141682
0.144052
0.0206722
0.0219411
0.0229167
0.0234613
0.0238857
0.0246479
0.0256877
0.0264288
0.026505
0.0261762
0.0261067
0.0266726
0.027469
0.0277665
0.0275766
0.0276954
0.0285258
0.0295693
0.030139
0.030243
0.0306408
0.0316569
0.0325536
0.0329256
0.0333942
0.0342386
0.035048
0.0357261
0.0363816
0.0369948
0.0377191
0.0386414
0.0395093
0.0402103
0.0409245
0.0417701
0.0426891
0.0435943
0.0444481
0.045273
0.0461639
0.0471717
0.0481769
0.0490612
0.0499496
0.0509929
0.0521106
0.0531263
0.0540661
0.0551249
0.0563056
0.0574298
0.0584853
0.0596415
0.0608746
0.0620628
0.0632435
0.0645035
0.065796
0.0670769
0.0683769
0.069721
0.0710871
0.0724725
0.0738973
0.0753406
0.0768038
0.0782898
0.0798351
0.0813829
0.0829571
0.0845682
0.0862229
0.0878886
0.0896022
0.0913419
0.0931218
0.0949253
0.0967646
0.098659
0.100571
0.102537
0.104513
0.106557
0.108608
0.11072
0.112869
0.115037
0.117267
0.119525
0.121828
0.124172
0.126537
0.128987
0.13144
0.133964
0.136522
0.139119
0.141694
0.144066
0.0206618
0.0219519
0.0230371
0.023715
0.0241735
0.0248094
0.0257191
0.0264934
0.0267281
0.0265098
0.0263725
0.026746
0.0274741
0.0279361
0.0278841
0.0278981
0.028535
0.0295513
0.0302876
0.0304918
0.0307366
0.0316085
0.0326211
0.0331056
0.0334723
0.0342488
0.0351161
0.0357998
0.0364413
0.037072
0.0377556
0.038643
0.0395553
0.0402761
0.0409522
0.0417842
0.042718
0.0436216
0.0444688
0.0452958
0.046182
0.0471836
0.0481937
0.0490825
0.0499626
0.0509967
0.0521208
0.0531453
0.0540792
0.0551286
0.0563135
0.0574448
0.0584953
0.0596461
0.0608833
0.0620733
0.0632489
0.0645069
0.0658022
0.0670835
0.068382
0.0697263
0.0710927
0.0724769
0.0739017
0.075346
0.076808
0.0782937
0.0798406
0.0813877
0.0829616
0.0845733
0.0862281
0.0878935
0.0896071
0.0913472
0.0931272
0.0949296
0.0967692
0.0986639
0.100575
0.10254
0.104517
0.10656
0.108611
0.110723
0.112872
0.115039
0.117268
0.119527
0.12183
0.124174
0.126539
0.12899
0.131444
0.133968
0.136529
0.139129
0.141706
0.14408
0.0206786
0.0219629
0.0231388
0.0239346
0.0244541
0.0250125
0.0257905
0.026544
0.0268982
0.0268036
0.0266568
0.0268815
0.027488
0.0280377
0.0281509
0.028144
0.0286063
0.029526
0.030368
0.030727
0.0309054
0.0315841
0.0326231
0.0332707
0.0336041
0.0342615
0.0351565
0.0358841
0.0365049
0.0371447
0.0378106
0.0386448
0.0395839
0.0403503
0.0409928
0.0417913
0.0427437
0.0436565
0.0444915
0.0453166
0.0462011
0.0471969
0.0482113
0.0491049
0.0499767
0.0510012
0.0521303
0.053165
0.0540944
0.0551324
0.0563206
0.0574605
0.0585063
0.0596505
0.0608914
0.0620843
0.063255
0.0645106
0.0658085
0.0670904
0.0683876
0.0697316
0.0710983
0.0724815
0.0739063
0.0753518
0.0768125
0.0782977
0.0798462
0.0813926
0.0829662
0.0845786
0.0862336
0.0878985
0.0896119
0.0913527
0.0931328
0.0949341
0.0967741
0.098669
0.100579
0.102544
0.10452
0.106563
0.108613
0.110726
0.112874
0.115041
0.11727
0.119529
0.121832
0.124175
0.126542
0.128993
0.131448
0.133973
0.136536
0.139139
0.141719
0.144094
0.0207295
0.0219772
0.0232215
0.0241231
0.0247164
0.0252401
0.025904
0.0265998
0.0270279
0.0270539
0.0269366
0.0270651
0.0275384
0.0280971
0.0283578
0.0283991
0.0287343
0.0295238
0.0303989
0.0309161
0.0311201
0.0316201
0.0325888
0.0333854
0.0337711
0.0343056
0.0351702
0.0359622
0.0365807
0.037211
0.0378777
0.0386586
0.0395933
0.0404218
0.0410534
0.0417965
0.0427577
0.0436977
0.0445213
0.0453345
0.0462189
0.0472117
0.0482299
0.0491289
0.0499921
0.0510057
0.0521392
0.0531851
0.0541116
0.0551364
0.0563264
0.0574771
0.058519
0.0596548
0.0608991
0.0620958
0.0632617
0.0645146
0.0658148
0.0670976
0.0683935
0.069737
0.0711041
0.0724862
0.073911
0.0753578
0.0768172
0.0783018
0.079852
0.0813976
0.082971
0.0845839
0.0862393
0.0879038
0.0896168
0.0913581
0.0931385
0.0949385
0.0967791
0.0986745
0.100583
0.102549
0.104523
0.106565
0.108615
0.11073
0.112876
0.115043
0.117272
0.119531
0.121834
0.124177
0.126546
0.128996
0.131452
0.133979
0.136544
0.139149
0.141731
0.144109
0.0208164
0.0220065
0.0232891
0.0242824
0.0249542
0.0254761
0.0260515
0.0266712
0.0271282
0.0272606
0.0271975
0.0272747
0.0276358
0.0281475
0.0285086
0.0286356
0.0289005
0.0295599
0.0304066
0.0310459
0.0313413
0.0317249
0.0325587
0.0334392
0.0339388
0.034397
0.035177
0.0360187
0.0366665
0.0372763
0.0379465
0.0386911
0.0395912
0.0404771
0.0411339
0.0418129
0.0427558
0.0437373
0.0445642
0.045353
0.0462318
0.0472269
0.0482501
0.0491551
0.0500095
0.0510101
0.0521475
0.053206
0.0541309
0.0551406
0.0563303
0.0574938
0.0585336
0.0596592
0.0609059
0.0621077
0.0632692
0.0645187
0.0658215
0.0671052
0.0683996
0.0697425
0.0711101
0.072491
0.0739158
0.0753641
0.0768222
0.0783059
0.0798578
0.0814031
0.0829762
0.0845893
0.0862451
0.0879093
0.0896218
0.091364
0.0931443
0.0949431
0.096784
0.0986799
0.100587
0.102553
0.104527
0.106568
0.108618
0.110734
0.112879
0.115045
0.117274
0.119533
0.121837
0.124178
0.126549
0.128999
0.131457
0.133984
0.136551
0.13916
0.141744
0.144123
0.0209344
0.0220619
0.0233525
0.0244177
0.0251657
0.0257094
0.0262241
0.0267646
0.0272119
0.0274243
0.0274297
0.0274876
0.0277695
0.0282139
0.0286212
0.0288396
0.029085
0.029637
0.0304174
0.0311259
0.0315369
0.0318793
0.0325669
0.03345
0.0340747
0.0345264
0.0352024
0.0360506
0.0367518
0.0373489
0.038012
0.0387403
0.0395914
0.0405078
0.0412221
0.0418529
0.0427432
0.0437631
0.0446199
0.0453809
0.0462382
0.0472391
0.0482728
0.0491837
0.050029
0.0510135
0.0521535
0.0532282
0.0541533
0.0551454
0.0563324
0.0575106
0.0585505
0.0596641
0.0609115
0.06212
0.0632773
0.0645227
0.0658283
0.0671134
0.0684058
0.0697479
0.0711165
0.072496
0.0739205
0.0753708
0.0768279
0.0783101
0.0798634
0.0814085
0.0829816
0.0845948
0.0862512
0.087915
0.0896268
0.0913699
0.0931504
0.0949479
0.0967893
0.0986858
0.100591
0.102557
0.10453
0.106571
0.108621
0.110738
0.112882
0.115047
0.117277
0.119535
0.12184
0.12418
0.126552
0.129003
0.131461
0.133991
0.136559
0.139171
0.141756
0.144137
0.021073
0.0221446
0.0234216
0.0245357
0.0253514
0.0259319
0.0264144
0.0268852
0.0272969
0.0275539
0.0276303
0.0276922
0.0279215
0.0283038
0.0287145
0.0290078
0.0292685
0.0297456
0.0304484
0.0311756
0.0316926
0.0320551
0.0326262
0.033449
0.0341633
0.0346678
0.0352619
0.0360701
0.0368238
0.0374306
0.0380752
0.0387982
0.0396049
0.0405172
0.0413009
0.0419199
0.0427342
0.0437658
0.0446777
0.045427
0.0462432
0.0472422
0.0482969
0.0492173
0.0500519
0.0510168
0.0521561
0.0532508
0.0541798
0.0551507
0.0563318
0.0575269
0.0585697
0.0596698
0.0609162
0.0621324
0.0632864
0.0645269
0.0658353
0.0671222
0.0684123
0.0697529
0.0711231
0.0725015
0.0739251
0.0753776
0.0768339
0.0783144
0.0798689
0.0814144
0.0829874
0.0846001
0.0862572
0.0879209
0.089632
0.091376
0.0931564
0.0949528
0.0967945
0.0986918
0.100595
0.102562
0.104534
0.106574
0.108624
0.110742
0.112884
0.115048
0.11728
0.119537
0.121843
0.124182
0.126556
0.129008
0.131465
0.133997
0.136567
0.139181
0.141769
0.144151
0.021225
0.0222499
0.0235022
0.0246443
0.0255145
0.0261359
0.0266095
0.0270286
0.0273945
0.0276611
0.0277967
0.0278817
0.0280784
0.0284125
0.0288045
0.0291465
0.0294395
0.0298715
0.0305033
0.0312127
0.0318071
0.0322258
0.0327273
0.0334637
0.0342121
0.034793
0.0353521
0.0360935
0.0368759
0.0375151
0.0381411
0.0388576
0.0396357
0.0405188
0.0413589
0.0420062
0.0427459
0.0437488
0.0447218
0.0454921
0.0462585
0.0472327
0.0483154
0.049258
0.0500799
0.0510198
0.0521548
0.0532726
0.0542115
0.0551581
0.056328
0.0575421
0.0585913
0.0596767
0.0609199
0.0621447
0.0632964
0.0645311
0.0658419
0.0671318
0.0684194
0.0697574
0.0711296
0.0725074
0.07393
0.0753847
0.0768406
0.0783188
0.079874
0.0814205
0.0829937
0.0846058
0.0862635
0.0879268
0.0896368
0.0913824
0.0931625
0.0949579
0.0967997
0.0986977
0.100599
0.102567
0.104538
0.106577
0.108628
0.110746
0.112887
0.11505
0.117284
0.11954
0.121845
0.124185
0.126559
0.129012
0.13147
0.134004
0.136576
0.139192
0.141782
0.144165
0.0213867
0.0223724
0.0235951
0.024749
0.0256599
0.0263181
0.0267963
0.0271821
0.0275058
0.0277574
0.0279282
0.0280467
0.0282287
0.0285286
0.0288976
0.029264
0.029593
0.030004
0.0305809
0.0312543
0.0318901
0.0323773
0.0328543
0.0335105
0.0342448
0.0348883
0.0354583
0.036135
0.036912
0.0375929
0.038212
0.0389149
0.039678
0.0405242
0.0413938
0.0420952
0.0427876
0.0437279
0.0447396
0.0455639
0.0462969
0.0472175
0.0483187
0.0493036
0.0501177
0.0510222
0.052148
0.0532923
0.0542483
0.0551696
0.0563208
0.057555
0.0586157
0.0596848
0.0609222
0.062157
0.0633077
0.0645355
0.065848
0.067142
0.0684275
0.0697616
0.0711358
0.0725136
0.0739349
0.0753918
0.0768477
0.0783234
0.0798789
0.0814267
0.0830002
0.0846116
0.08627
0.0879333
0.089642
0.091389
0.0931685
0.0949631
0.0968052
0.0987039
0.100603
0.102572
0.104542
0.10658
0.108631
0.11075
0.112891
0.115051
0.117288
0.119542
0.121848
0.124188
0.126563
0.129017
0.131474
0.134011
0.136585
0.139202
0.141795
0.144179
0.0215553
0.022508
0.0236985
0.0248506
0.0257905
0.0264806
0.0269706
0.0273381
0.0276314
0.0278585
0.0280379
0.0281852
0.0283665
0.0286433
0.0289921
0.0293672
0.0297272
0.0301343
0.0306734
0.031309
0.0319539
0.0325016
0.0329883
0.0335865
0.0342823
0.0349563
0.0355618
0.0361985
0.0369439
0.0376586
0.0382862
0.0389712
0.0397243
0.0405384
0.0414114
0.0421709
0.042854
0.0437219
0.0447329
0.0456242
0.0463615
0.0472131
0.0483015
0.0493448
0.0501708
0.0510286
0.0521336
0.0533079
0.0542892
0.0551864
0.0563112
0.0575639
0.0586427
0.0596953
0.0609231
0.062169
0.0633204
0.0645398
0.0658533
0.0671526
0.0684366
0.0697658
0.0711418
0.07252
0.0739399
0.0753991
0.0768552
0.0783278
0.0798835
0.0814335
0.083007
0.0846174
0.0862763
0.0879394
0.0896469
0.0913961
0.0931751
0.0949688
0.0968109
0.0987099
0.100608
0.102577
0.104546
0.106583
0.108636
0.110753
0.112894
0.115053
0.117291
0.119545
0.12185
0.124192
0.126566
0.129022
0.131479
0.134018
0.136595
0.139212
0.141807
0.144193
0.0217306
0.0226572
0.0238146
0.0249517
0.0259083
0.0266241
0.0271285
0.027487
0.0277597
0.0279663
0.0281376
0.0283003
0.0284881
0.0287513
0.0290843
0.0294596
0.0298425
0.0302553
0.0307706
0.0313759
0.0320108
0.0325985
0.0331141
0.0336794
0.0343348
0.035009
0.035648
0.0362754
0.0369815
0.0377134
0.0383618
0.0390312
0.0397736
0.040564
0.0414231
0.0422262
0.0429291
0.0437393
0.0447154
0.0456569
0.0464373
0.047235
0.048271
0.0493668
0.0502379
0.051048
0.0521111
0.0533163
0.0543348
0.0552106
0.0563006
0.0575676
0.0586709
0.0597086
0.0609223
0.0621805
0.063335
0.0645445
0.0658575
0.0671633
0.0684465
0.0697703
0.0711476
0.0725263
0.0739449
0.075407
0.0768636
0.0783325
0.0798874
0.0814406
0.083014
0.0846233
0.0862831
0.087946
0.0896517
0.0914026
0.0931811
0.0949743
0.0968166
0.0987157
0.100613
0.102582
0.10455
0.106586
0.108641
0.110757
0.112897
0.115056
0.117295
0.119548
0.121853
0.124196
0.12657
0.129027
0.131484
0.134025
0.136604
0.139223
0.141819
0.144207
0.0219092
0.022818
0.0239444
0.0250559
0.026014
0.0267473
0.0272641
0.0276185
0.0278757
0.0280699
0.0282302
0.0283963
0.0285916
0.0288502
0.0291725
0.0295441
0.0299428
0.0303656
0.0308664
0.0314503
0.03207
0.0326762
0.0332239
0.033778
0.034402
0.0350613
0.0357159
0.0363525
0.0370271
0.0377577
0.038431
0.039093
0.039824
0.0405996
0.041439
0.0422672
0.0430025
0.04378
0.0447057
0.0456644
0.0465036
0.0472861
0.0482464
0.0493586
0.0503044
0.0510897
0.0520845
0.0533095
0.0543826
0.0552444
0.0562902
0.0575656
0.0586999
0.0597254
0.0609204
0.0621907
0.0633518
0.0645499
0.0658602
0.0671739
0.0684574
0.0697753
0.0711536
0.0725326
0.0739493
0.0754147
0.0768724
0.078337
0.0798917
0.0814485
0.0830216
0.084629
0.0862898
0.0879526
0.0896571
0.0914097
0.0931878
0.0949803
0.0968226
0.0987212
0.100618
0.102587
0.104555
0.106589
0.108646
0.110761
0.1129
0.115059
0.117299
0.119552
0.121856
0.1242
0.126575
0.129033
0.13149
0.134032
0.136614
0.139233
0.141831
0.144221
0.0220841
0.022983
0.0240835
0.025165
0.0261091
0.0268497
0.027375
0.0277282
0.0279724
0.0281578
0.0283107
0.0284741
0.0286755
0.0289354
0.0292551
0.0296231
0.0300322
0.0304676
0.0309599
0.0315277
0.0321335
0.032744
0.0333159
0.0338721
0.0344758
0.0351183
0.035772
0.0364209
0.0370802
0.0377975
0.0384909
0.0391541
0.0398729
0.0406386
0.0414588
0.0422966
0.0430656
0.0438333
0.0447134
0.0456627
0.0465499
0.0473535
0.0482496
0.0493305
0.050352
0.0511578
0.0520687
0.0532819
0.054426
0.0552916
0.056282
0.0575555
0.0587275
0.0597461
0.0609173
0.0621988
0.0633706
0.0645569
0.0658611
0.0671835
0.0684686
0.0697809
0.0711598
0.0725391
0.0739534
0.0754227
0.0768822
0.0783415
0.0798942
0.0814563
0.0830292
0.0846345
0.0862965
0.0879591
0.0896624
0.0914162
0.0931941
0.0949864
0.0968289
0.0987266
0.100624
0.102592
0.104559
0.106593
0.108651
0.110765
0.112903
0.115062
0.117302
0.119555
0.121858
0.124205
0.126579
0.129037
0.131495
0.134039
0.136624
0.139244
0.141842
0.144234
0.0222569
0.0231488
0.0242279
0.0252801
0.0261988
0.0269319
0.0274584
0.0278095
0.028043
0.0282187
0.0283693
0.0285304
0.028736
0.029
0.0293251
0.0296969
0.0301126
0.0305626
0.0310528
0.0316073
0.0322012
0.032809
0.0333958
0.0339592
0.0345509
0.035178
0.0358216
0.0364766
0.0371339
0.0378366
0.0385416
0.0392141
0.0399233
0.0406811
0.0414849
0.0423195
0.0431147
0.0438883
0.0447331
0.0456599
0.0465744
0.0474143
0.0482808
0.0493024
0.0503662
0.0512381
0.0520825
0.0532379
0.0544543
0.0553561
0.0562834
0.0575372
0.0587531
0.0597724
0.0609149
0.0622042
0.0633915
0.0645671
0.0658609
0.0671917
0.068481
0.0697871
0.0711661
0.0725459
0.0739565
0.0754299
0.0768929
0.0783461
0.079899
0.0814646
0.0830376
0.0846405
0.0863037
0.0879663
0.0896689
0.0914231
0.0932007
0.094993
0.0968354
0.0987323
0.10063
0.102597
0.104563
0.106597
0.108656
0.110769
0.112906
0.115066
0.117307
0.119559
0.121862
0.12421
0.126584
0.129043
0.131502
0.134047
0.136634
0.139254
0.141853
0.144247
0.0224369
0.0233164
0.0243737
0.0253966
0.0262828
0.0269924
0.0275083
0.0278521
0.0280765
0.0282425
0.0283931
0.0285575
0.0287687
0.0290404
0.0293753
0.029761
0.0301857
0.0306497
0.0311434
0.0316858
0.0322692
0.0328713
0.0334676
0.0340407
0.0346274
0.0352418
0.0358716
0.0365256
0.0371853
0.0378761
0.0385839
0.0392694
0.0399751
0.0407251
0.0415161
0.0423419
0.043154
0.0439428
0.0447649
0.0456644
0.0465891
0.047459
0.0483263
0.0492906
0.0503476
0.051302
0.0521288
0.0531876
0.0544476
0.0554288
0.0562999
0.0575071
0.05877
0.0598031
0.0609128
0.0622047
0.0634122
0.0645803
0.0658587
0.0671967
0.0684935
0.0697943
0.0711724
0.0725534
0.0739596
0.075436
0.0769041
0.0783504
0.0798888
0.0814713
0.0830456
0.0846447
0.0863097
0.0879723
0.0896746
0.0914288
0.0932065
0.0949996
0.0968414
0.0987369
0.100636
0.102601
0.104567
0.106602
0.108661
0.110772
0.112908
0.11507
0.117309
0.119561
0.121864
0.124214
0.126588
0.129047
0.131508
0.134054
0.136643
0.139264
0.141863
0.144259
0.022638
0.0234937
0.0245208
0.0255071
0.0263524
0.027023
0.0275124
0.0278402
0.0280553
0.0282148
0.0283675
0.028543
0.0287665
0.0290544
0.0294054
0.0298123
0.0302544
0.0307317
0.0312326
0.0317629
0.0323339
0.0329267
0.0335263
0.0341115
0.0346973
0.0353027
0.0359187
0.0365688
0.0372335
0.0379173
0.0386245
0.0393223
0.0400312
0.0407736
0.0415516
0.0423668
0.0431851
0.0439915
0.0448062
0.0456791
0.0466033
0.0474935
0.0483771
0.0493108
0.0503262
0.0513414
0.0522088
0.0531662
0.0544101
0.0555011
0.0563483
0.0574749
0.0587762
0.059842
0.0609161
0.0622017
0.0634338
0.064599
0.0658579
0.0671994
0.0685061
0.0698024
0.0711788
0.0725613
0.0739624
0.0754405
0.0769161
0.0783568
0.0798953
0.0814806
0.0830547
0.0846513
0.0863167
0.0879802
0.0896826
0.0914354
0.0932127
0.0950077
0.0968486
0.0987431
0.100643
0.102607
0.104572
0.106608
0.108666
0.110776
0.112912
0.115076
0.117315
0.119565
0.121869
0.12422
0.126594
0.129052
0.131515
0.134062
0.136653
0.139274
0.141874
0.144272
0.022878
0.0237006
0.024683
0.0256166
0.0264054
0.0270192
0.0274619
0.0277607
0.0279627
0.0281208
0.0282806
0.0284752
0.0287198
0.0290331
0.0294112
0.0298442
0.0303101
0.0307998
0.031308
0.0318298
0.0323868
0.0329692
0.0335669
0.0341644
0.0347522
0.035352
0.0359577
0.0366014
0.0372704
0.0379499
0.0386557
0.0393628
0.0400788
0.0408189
0.0415845
0.04239
0.0432081
0.0440266
0.0448459
0.0456963
0.0466104
0.0475121
0.0484079
0.0493379
0.0503089
0.0513383
0.0522813
0.0531778
0.0543445
0.0555384
0.0564218
0.057448
0.0587582
0.0598814
0.060925
0.0621905
0.0634515
0.0646207
0.0658567
0.0671983
0.0685168
0.0698112
0.0711863
0.0725705
0.0739649
0.075443
0.0769276
0.0783645
0.079895
0.0814773
0.0830619
0.0846562
0.086322
0.0879862
0.0896898
0.0914409
0.0932176
0.0950153
0.0968544
0.0987473
0.100648
0.10261
0.104575
0.106613
0.108671
0.110778
0.112915
0.115079
0.117317
0.119567
0.121873
0.124225
0.126598
0.129056
0.13152
0.13407
0.136662
0.139284
0.141879
0.144283
0.0231611
0.0239503
0.0248776
0.0257405
0.026452
0.02699
0.0273691
0.02763
0.0278228
0.0279957
0.0281828
0.0284129
0.0286951
0.0290408
0.0294465
0.0298969
0.0303762
0.0308692
0.0313768
0.031893
0.0324347
0.0330063
0.0335976
0.0342047
0.034799
0.0353988
0.0360049
0.0366407
0.0373116
0.0379895
0.0386934
0.0394063
0.0401253
0.0408662
0.0416211
0.0424162
0.0432336
0.0440574
0.0448889
0.0457299
0.0466274
0.0475382
0.0484382
0.0493721
0.0503241
0.0513263
0.0523328
0.0532328
0.0542917
0.055535
0.056511
0.057452
0.0587216
0.0599165
0.0609506
0.062176
0.0634652
0.0646485
0.0658596
0.0671959
0.0685256
0.0698203
0.0711949
0.0725808
0.0739675
0.0754435
0.0769396
0.0783741
0.0798978
0.0814873
0.0830712
0.0846633
0.0863282
0.0879934
0.0896976
0.0914463
0.0932228
0.0950239
0.0968617
0.0987536
0.100655
0.102615
0.10458
0.10662
0.108676
0.110782
0.11292
0.115086
0.117322
0.11957
0.121877
0.124231
0.126603
0.129062
0.131527
0.134078
0.136671
0.139295
0.141905
0.144296
0.0233076
0.0239186
0.024669
0.0253817
0.0259827
0.0264609
0.0268379
0.0271551
0.0274443
0.0277309
0.0280273
0.0283473
0.0286978
0.0290851
0.0295119
0.0299662
0.0304428
0.03093
0.0314296
0.031942
0.0324696
0.0330286
0.0336103
0.0342182
0.0348214
0.0354267
0.0360427
0.0366729
0.0373394
0.0380191
0.0387227
0.0394427
0.0401644
0.0409075
0.0416574
0.0424414
0.0432561
0.0440785
0.044917
0.0457604
0.0466401
0.0475532
0.0484574
0.0493884
0.0503472
0.0513215
0.0523499
0.0532998
0.0542749
0.0554951
0.0565836
0.0574928
0.0586778
0.0599307
0.0609894
0.0621619
0.0634665
0.0646782
0.0658655
0.0671906
0.0685316
0.0698281
0.0712034
0.0725934
0.0739714
0.0754403
0.0769481
0.0783857
0.0798999
0.081491
0.0830797
0.0846707
0.0863342
0.0880021
0.0897066
0.091452
0.0932291
0.0950334
0.0968679
0.0987584
0.100661
0.102619
0.104584
0.106627
0.10868
0.110783
0.112924
0.115091
0.117325
0.119573
0.121883
0.124237
0.126609
0.129067
0.131533
0.134086
0.136679
0.139304
0.141911
0.144306
0.0252349
0.0252266
0.0251083
0.0250624
0.0251616
0.0254139
0.0257913
0.026257
0.0267669
0.0272884
0.0277939
0.0282702
0.0287218
0.0291602
0.0295998
0.0300468
0.0305071
0.0309807
0.0314706
0.0319804
0.0325002
0.0330482
0.0336232
0.034225
0.0348351
0.0354492
0.0360775
0.0367098
0.0373677
0.0380488
0.0387488
0.0394721
0.0401958
0.0409373
0.0416887
0.0424638
0.0432759
0.0440981
0.0449399
0.0457941
0.0466622
0.0475685
0.0484781
0.049399
0.0503652
0.0513293
0.0523432
0.0533434
0.0542903
0.0554393
0.0566102
0.0575562
0.0586458
0.0599174
0.0610325
0.0621595
0.0634558
0.064706
0.0658804
0.0671846
0.0685355
0.0698358
0.0712098
0.0726066
0.0739792
0.0754361
0.0769548
0.0784018
0.0799059
0.0814926
0.0830872
0.0846775
0.0863374
0.0880084
0.0897133
0.091453
0.0932326
0.0950423
0.0968736
0.0987624
0.100667
0.102623
0.104588
0.106633
0.108684
0.110786
0.112929
0.115097
0.117328
0.119575
0.121887
0.124242
0.126612
0.129071
0.131539
0.134092
0.136687
0.139312
0.14192
0.144316
0.0249965
0.0247981
0.0245255
0.024378
0.024428
0.024691
0.0251346
0.0257024
0.0263276
0.0269597
0.0275644
0.028125
0.0286445
0.0291311
0.0296022
0.030068
0.0305364
0.0310128
0.0315044
0.0320153
0.0325349
0.0330757
0.033642
0.0342342
0.0348425
0.0354613
0.0360926
0.036732
0.037388
0.0380718
0.0387733
0.0394989
0.040231
0.0409693
0.0417248
0.0424941
0.0432985
0.0441208
0.0449598
0.0458248
0.0466883
0.0475838
0.0484988
0.0494126
0.0503815
0.0513548
0.0523495
0.0533742
0.0543403
0.0554161
0.0566056
0.0576286
0.0586522
0.0598904
0.0610691
0.0621753
0.0634372
0.0647236
0.0659039
0.0671791
0.0685354
0.0698451
0.0712115
0.0726191
0.0739918
0.075428
0.0769537
0.0784173
0.0799132
0.0814923
0.0830945
0.0846887
0.0863445
0.0880201
0.0897263
0.0914586
0.0932397
0.0950556
0.0968826
0.0987673
0.100674
0.102628
0.104595
0.106641
0.108688
0.110788
0.112934
0.115103
0.117332
0.119579
0.121894
0.124249
0.126619
0.129077
0.131546
0.1341
0.136694
0.13932
0.141926
0.144323
0.0257205
0.0256138
0.0253716
0.0251814
0.0251194
0.0252102
0.0254479
0.0258095
0.0262662
0.026784
0.0273324
0.0278815
0.0284221
0.0289486
0.0294702
0.0299864
0.0304976
0.0310062
0.0315163
0.0320388
0.0325671
0.0331105
0.0336686
0.0342522
0.0348538
0.0354674
0.0360917
0.0367351
0.0373986
0.0380822
0.0387859
0.0395088
0.0402473
0.040985
0.0417411
0.0425135
0.0433092
0.0441356
0.0449734
0.0458424
0.0467089
0.0475905
0.048508
0.0494175
0.0503801
0.051367
0.0523491
0.0533731
0.0543724
0.055407
0.0565654
0.057662
0.0586809
0.0598589
0.0610801
0.0622043
0.0634187
0.0647253
0.0659348
0.0671782
0.0685306
0.0698565
0.0712104
0.0726294
0.0740128
0.0754207
0.0769479
0.0784376
0.0799244
0.0814896
0.0830986
0.0846944
0.0863456
0.0880255
0.0897328
0.0914564
0.0932399
0.095064
0.096889
0.0987691
0.100677
0.102632
0.1046
0.106646
0.10869
0.11079
0.11294
0.115109
0.117334
0.119581
0.121897
0.124253
0.126621
0.12908
0.13155
0.134105
0.1367
0.139326
0.141932
0.144331
0.0237055
0.0240953
0.0245892
0.0250409
0.0254103
0.025707
0.025966
0.0262227
0.0265166
0.026866
0.0272834
0.0277577
0.0282748
0.0288157
0.0293662
0.0299183
0.0304627
0.0310015
0.03153
0.032066
0.0326064
0.0331557
0.0337096
0.0342802
0.0348682
0.0354674
0.0360872
0.0367351
0.0374113
0.0380999
0.0388062
0.039529
0.0402653
0.0410083
0.041761
0.0425377
0.0433274
0.0441515
0.0449956
0.0458576
0.0467321
0.0476053
0.0485187
0.049437
0.0503878
0.0513872
0.0523681
0.0533784
0.0544074
0.0554318
0.0565455
0.0576727
0.0587255
0.0598534
0.0610695
0.0622372
0.0634134
0.0647075
0.0659665
0.0671854
0.068517
0.0698708
0.0712062
0.0726285
0.0740414
0.0754175
0.076931
0.0784553
0.0799397
0.081486
0.0831057
0.0847071
0.086352
0.0880394
0.0897493
0.0914626
0.0932467
0.0950777
0.0969004
0.0987756
0.100682
0.102637
0.104608
0.106654
0.108693
0.110793
0.112946
0.115115
0.117338
0.119586
0.121905
0.124261
0.126628
0.129086
0.131556
0.134113
0.136706
0.139331
0.141938
0.144336
0.0258842
0.0256362
0.0252345
0.0248876
0.024695
0.0246871
0.0248714
0.0252226
0.0257063
0.0262745
0.0268897
0.0275204
0.0281417
0.0287449
0.0293241
0.0298909
0.0304443
0.0309909
0.0315263
0.0320656
0.0326107
0.0331609
0.0337159
0.0342771
0.0348539
0.0354463
0.0360712
0.0367295
0.0374109
0.0381064
0.0388133
0.0395371
0.0402672
0.0410128
0.0417682
0.0425452
0.0433398
0.0441574
0.0450097
0.0458674
0.0467412
0.0476181
0.0485174
0.0494463
0.0503897
0.0513872
0.052378
0.0533713
0.0544169
0.0554515
0.0565345
0.0576623
0.0587495
0.0598668
0.0610517
0.0622555
0.0634299
0.0646824
0.0659849
0.067207
0.0684976
0.069881
0.071213
0.0726171
0.0740658
0.0754278
0.0769108
0.0784648
0.079959
0.0814811
0.0831047
0.0847149
0.0863506
0.0880412
0.0897576
0.0914617
0.0932448
0.0950837
0.0969065
0.0987785
0.100685
0.102639
0.104612
0.10666
0.108696
0.110794
0.11295
0.11512
0.11734
0.119587
0.121908
0.124264
0.12663
0.129088
0.131559
0.134116
0.13671
0.139335
0.141942
0.144341
0.0251649
0.0247945
0.0243197
0.0239547
0.0237946
0.0238662
0.0241675
0.0246599
0.0252852
0.0259807
0.0266977
0.0274062
0.028084
0.0287242
0.0293218
0.0298923
0.0304436
0.0309856
0.0315212
0.0320581
0.0326009
0.0331493
0.0337048
0.0342634
0.0348338
0.0354262
0.0360556
0.0367219
0.0374055
0.038105
0.0388149
0.0395392
0.0402673
0.0410106
0.0417695
0.0425441
0.0433414
0.0441565
0.0450079
0.0458685
0.0467382
0.0476217
0.0485171
0.0494482
0.0503978
0.0513891
0.0523884
0.0533773
0.0544211
0.0554662
0.0565387
0.0576578
0.0587557
0.0598792
0.0610465
0.0622543
0.0634457
0.0646735
0.0659813
0.067228
0.0684927
0.0698799
0.0712257
0.0726086
0.0740726
0.0754489
0.0769028
0.0784614
0.0799739
0.0814873
0.0831077
0.0847273
0.086362
0.088051
0.0897731
0.0914744
0.0932527
0.0950941
0.0969172
0.0987862
0.100691
0.102645
0.104618
0.106667
0.108701
0.110798
0.112954
0.115126
0.117346
0.119593
0.121915
0.124272
0.126637
0.129094
0.131564
0.134122
0.136714
0.13934
0.141945
0.144344
)
;

boundaryField
{
    ZeroGradientPlanes
    {
        type            zeroGradient;
    }
    inlet
    {
        type            zeroGradient;
    }
    plate
    {
        type            zeroGradient;
    }
    frontAndBack
    {
        type            empty;
    }
}


// ************************************************************************* //
