/*--------------------------------*- C++ -*----------------------------------*\
| =========                 |                                                 |
| \\      /  F ield         | OpenFOAM: The Open Source CFD Toolbox           |
|  \\    /   O peration     | Version:  2506                                  |
|   \\  /    A nd           | Website:  www.openfoam.com                      |
|    \\/     M anipulation  |                                                 |
\*---------------------------------------------------------------------------*/
FoamFile
{
    version     2.0;
    format      ascii;
    arch        "LSB;label=32;scalar=64";
    class       volScalarField;
    location    "9.25";
    object      p;
}
// * * * * * * * * * * * * * * * * * * * * * * * * * * * * * * * * * * * * * //

dimensions      [0 2 -2 0 0 0 0];

internalField   nonuniform List<scalar> 
9600
(
2.68941e-11
2.72948e-05
-0.00180829
0.000919842
0.00242533
-0.00198562
6.49906e-05
0.00431936
0.00136121
0.0054229
0.00673479
0.00786345
0.00830581
0.00832708
0.0102632
0.0124571
0.0125995
0.0145041
0.0156977
0.0196899
-2.18974e-06
4.26717e-05
-0.00179954
0.000908611
0.00240384
-0.00197771
7.73363e-05
0.00432424
0.00136631
0.00541233
0.00674102
0.00784917
0.00829858
0.00833632
0.0102674
0.0124566
0.0126104
0.0144346
0.0157471
0.019372
-1.62735e-06
5.75053e-05
-0.00179222
0.000889586
0.00238307
-0.00193752
9.53452e-05
0.00431906
0.00137587
0.00539737
0.00674701
0.00783479
0.00830117
0.00835556
0.0102778
0.0124469
0.0126216
0.0143546
0.0157625
0.0189874
3.99841e-07
6.96495e-05
-0.0017824
0.00089047
0.00236552
-0.00186056
0.000131965
0.00430396
0.00139792
0.00538402
0.00675275
0.00782432
0.00830007
0.00838346
0.0102897
0.0124271
0.0126295
0.014269
0.0157466
0.0186148
2.03767e-06
8.01952e-05
-0.00176278
0.000911058
0.00234628
-0.00174582
0.000190698
0.00428088
0.00143659
0.00537231
0.00675802
0.00781155
0.00829627
0.00841673
0.0103021
0.0124011
0.012634
0.0141774
0.0157047
0.018253
1.89514e-06
9.04185e-05
-0.00173067
0.000939598
0.00232485
-0.00159984
0.000272503
0.00425484
0.0014911
0.00536108
0.00676219
0.00779431
0.00829203
0.00845188
0.0103158
0.0123728
0.0126352
0.014082
0.01564
0.0178968
-9.78053e-07
0.000101686
-0.00168719
0.00096939
0.00230311
-0.001432
0.000372685
0.00422853
0.0015567
0.00535015
0.00676637
0.00777278
0.00828824
0.00848639
0.0103316
0.012344
0.012633
0.0139856
0.0155527
0.0175442
-6.53715e-06
0.000115357
-0.00163457
0.000998855
0.00228158
-0.00125252
0.00048564
0.00420249
0.00162824
0.0053395
0.00677169
0.00774734
0.00828434
0.00851896
0.0103488
0.0123159
0.0126276
0.0138896
0.015444
0.0171973
-1.367e-05
0.000132276
-0.00157391
0.00102864
0.00225869
-0.00107025
0.000606092
0.00417609
0.00170253
0.00532866
0.00677809
0.00771853
0.0082796
0.00854844
0.0103659
0.0122894
0.012618
0.0137943
0.0153184
0.0168592
-2.08942e-05
0.000152444
-0.00150428
0.00106072
0.00223213
-0.000892263
0.0007301
0.00414917
0.00177902
0.00531727
0.00678584
0.0076877
0.00827375
0.00857352
0.0103812
0.0122648
0.012602
0.0137002
0.0151816
0.0165303
-2.71103e-05
0.000175271
-0.00142353
0.00109738
0.00220025
-0.0007236
0.000854854
0.00412228
0.00185896
0.00530557
0.00679585
0.00765713
0.00826709
0.00859333
0.0103927
0.0122416
0.0125787
0.0136083
0.0150369
0.0162088
-3.18532e-05
0.000200169
-0.00133016
0.00113978
0.00216267
-0.000566977
0.0009786
0.00409626
0.0019441
0.00529347
0.00680955
0.00762952
0.00826037
0.00860776
0.0103986
0.0122195
0.0125484
0.0135166
0.0148852
0.0158939
-3.51114e-05
0.000226908
-0.00122447
0.00118751
0.00212032
-0.000422897
0.00110058
0.00407174
0.00203523
0.00528437
0.00682848
0.00760706
0.00825434
0.00861735
0.010398
0.0121982
0.0125111
0.013421
0.0147279
0.0155863
-3.70329e-05
0.000255548
-0.00110845
0.0012391
0.00207487
-0.000290213
0.00122096
0.00404928
0.00213171
0.00527763
0.00685347
0.00759077
0.00824929
0.00862323
0.0103903
0.0121776
0.0124671
0.013318
0.0145663
0.0152866
-3.77213e-05
0.000286249
-0.000984754
0.00129296
0.00202816
-0.000166955
0.00134051
0.00402942
0.00223208
0.00527308
0.00688441
0.00758065
0.00824477
0.00862677
0.0103758
0.0121575
0.0124179
0.0132042
0.0144011
0.0149948
-3.71778e-05
0.000319138
-0.000855745
0.00134797
0.0019819
-5.11809e-05
0.00146006
0.00401282
0.00233475
0.00527046
0.00692059
0.00757595
0.00823985
0.00862923
0.010355
0.0121369
0.0123647
0.013078
0.0142319
0.0147113
-3.53244e-05
0.000354259
-0.000723022
0.00140361
0.00193759
5.86065e-05
0.00158016
0.00400012
0.00243846
0.00526965
0.00696105
0.00757573
0.00823339
0.00863162
0.0103289
0.0121145
0.0123096
0.0129393
0.0140579
0.0144378
-3.20234e-05
0.000391581
-0.000587479
0.00145976
0.00189637
0.000163459
0.00170103
0.00399188
0.00254235
0.0052707
0.00700481
0.0075792
0.00822452
0.00863459
0.0102985
0.0120885
0.0122538
0.012788
0.0138771
0.0141765
-2.70804e-05
0.000431025
-0.000449616
0.00151646
0.00185921
0.000264135
0.00182267
0.00398858
0.0026458
0.00527385
0.00705101
0.00758591
0.0082127
0.00863838
0.010265
0.0120574
0.0121977
0.0126257
0.0136874
0.0139288
-2.02594e-05
0.000472481
-0.000309751
0.00157375
0.00182693
0.000361293
0.00194489
0.00399068
0.0027483
0.00527927
0.00709896
0.00759585
0.00819753
0.00864254
0.0102296
0.0120202
0.0121415
0.0124551
0.0134868
0.013695
-1.12938e-05
0.000515833
-0.000168111
0.00163163
0.00180021
0.000455596
0.00206735
0.00399861
0.00284951
0.00528707
0.00714817
0.00760906
0.00817871
0.00864629
0.0101931
0.0119757
0.0120849
0.0122795
0.0132743
0.0134738
1.11876e-07
0.00056097
-2.48805e-05
0.0016901
0.00177959
0.000547617
0.00218959
0.00401274
0.00294925
0.00529735
0.00719832
0.00762533
0.00815617
0.00864911
0.010156
0.0119232
0.0120271
0.0121017
0.0130504
0.0132631
1.42785e-05
0.000607774
0.00011979
0.00174912
0.00176544
0.000637833
0.0023111
0.00403339
0.00304744
0.00531007
0.00724906
0.00764451
0.00813021
0.00865038
0.0101189
0.0118624
0.0119666
0.0119241
0.0128167
0.0130616
3.15459e-05
0.000656139
0.000265768
0.0018087
0.00175801
0.00072674
0.00243129
0.00406076
0.00314409
0.00532513
0.00730014
0.00766674
0.00810127
0.00864908
0.0100819
0.0117935
0.0119021
0.0117473
0.0125743
0.0128696
5.22459e-05
0.000705985
0.000412938
0.00186878
0.00175741
0.000814893
0.00254962
0.00409489
0.00323932
0.00534236
0.0073513
0.00769442
0.0080699
0.00864421
0.0100447
0.0117175
0.0118336
0.0115725
0.0123221
0.0126847
7.66991e-05
0.000757208
0.000561161
0.0019294
0.00176369
0.000902843
0.0026657
0.00413574
0.00333335
0.00536159
0.00740223
0.00772248
0.00803679
0.0086351
0.0100067
0.0116345
0.011761
0.0114027
0.0120594
0.0124998
0.000105274
0.000809728
0.00071018
0.00199069
0.00177686
0.000991103
0.00277915
0.00418322
0.00342647
0.00538276
0.00745281
0.00775307
0.00800254
0.00862168
0.0099675
0.0115442
0.0116832
0.0112415
0.0117897
0.0123045
0.000138371
0.00086359
0.00085968
0.00205278
0.00179681
0.00108017
0.00288976
0.0042371
0.00351888
0.00540564
0.00750315
0.00778579
0.00796746
0.00860433
0.00992744
0.011447
0.0115977
0.0110902
0.0115209
0.0120922
0.000176323
0.000918869
0.0010094
0.00211587
0.00182343
0.00117047
0.00299743
0.00429725
0.00361089
0.00542986
0.00755331
0.00782016
0.00793138
0.00858327
0.00988687
0.0113446
0.0115028
0.010946
0.0112598
0.0118644
0.000219447
0.000975614
0.00115905
0.00218026
0.00185663
0.00126232
0.00310202
0.00436348
0.00370298
0.00545502
0.00760337
0.00785593
0.00789386
0.00855833
0.00984585
0.0112386
0.0113998
0.0108052
0.0110075
0.011628
0.000268087
0.00103391
0.00130825
0.00224634
0.00189639
0.00135604
0.00320343
0.00443565
0.00379559
0.0054804
0.00765323
0.00789369
0.00785452
0.00852905
0.00980467
0.0111294
0.0112906
0.010668
0.0107624
0.0113864
0.000322558
0.00109395
0.00145659
0.00231443
0.00194264
0.0014519
0.00330154
0.00451366
0.00388939
0.005505
0.00770235
0.00793427
0.00781299
0.00849442
0.00976479
0.011018
0.0111743
0.0105369
0.010526
0.0111389
0.000383128
0.00115597
0.00160368
0.00238473
0.00199549
0.0015503
0.00339595
0.0045971
0.00398537
0.00552792
0.00774996
0.00797853
0.00776869
0.00845237
0.0097283
0.0109076
0.0110483
0.0104115
0.0103052
0.0108859
0.000450016
0.00122022
0.00174924
0.00245753
0.00205515
0.00165176
0.00348626
0.00468524
0.00408474
0.00554847
0.00779485
0.00802733
0.00772165
0.00840044
0.00969531
0.0108033
0.0109119
0.0102862
0.0101059
0.0106345
0.00052347
0.00128685
0.00189313
0.00253319
0.00212156
0.0017567
0.0035723
0.00477736
0.00418894
0.00556655
0.0078349
0.0080813
0.00767358
0.00833653
0.0096633
0.0107096
0.0107686
0.0101545
0.00992915
0.0103964
0.000603757
0.00135593
0.00203526
0.00261192
0.00219448
0.00186563
0.0036538
0.00487238
0.00429943
0.00558269
0.00786768
0.00814057
0.0076273
0.00825918
0.00962883
0.0106286
0.010624
0.0100125
0.0097694
0.0101818
0.000691102
0.00142752
0.00217571
0.00269399
0.0022736
0.00197936
0.00373065
0.00496868
0.00441746
0.00559795
0.00789059
0.00820412
0.00757821
0.00816772
0.00958804
0.0105616
0.010484
0.00985906
0.00961843
0.00999751
0.000785742
0.00150148
0.00231481
0.00278003
0.00235808
0.00209873
0.0038036
0.00506411
0.00454376
0.00561429
0.00790112
0.00826982
0.00754625
0.00806293
0.00953624
0.0105089
0.0103546
0.00969483
0.00946751
0.00984368
0.000888023
0.00157757
0.00245273
0.00287086
0.00244665
0.00222461
0.00387417
0.00515622
0.00467806
0.00563437
0.0078978
0.00833449
0.00752698
0.00794699
0.00946817
0.0104691
0.0102433
0.00952339
0.0093076
0.00971121
0.00099832
0.00165563
0.00258926
0.00296751
0.00253851
0.0023573
0.00394452
0.00524299
0.00481918
0.00566083
0.00788043
0.00839466
0.00752256
0.007824
0.00937863
0.0104371
0.0101567
0.00935331
0.00913211
0.0095863
0.00111698
0.00173561
0.00272402
0.0030712
0.00263146
0.00249598
0.00401734
0.00532324
0.00496503
0.00569601
0.0078501
0.00844654
0.00753398
0.00769977
0.00926362
0.0104038
0.0100992
0.0091976
0.0089411
0.00945526
0.00124432
0.00181764
0.00285649
0.00318363
0.00272523
0.00263849
0.00409527
0.00539685
0.00511276
0.00574151
0.00780894
0.00848656
0.00756097
0.00757951
0.00912169
0.0103586
0.0100714
0.00906921
0.00874129
0.00930626
0.00138065
0.00190218
0.00298546
0.0033063
0.00282017
0.00278188
0.00418024
0.00546495
0.00525916
0.00579781
0.0077596
0.00851165
0.00760195
0.00747282
0.00895459
0.0102912
0.0100688
0.00897972
0.00854409
0.00913179
0.00152618
0.00198991
0.00310879
0.00344063
0.00291956
0.0029225
0.0042726
0.00553022
0.00540117
0.0058639
0.00770506
0.00851966
0.00765448
0.00738558
0.00876727
0.0101917
0.0100808
0.00893969
0.00836653
0.00892994
0.00168069
0.00208202
0.0032243
0.00358691
0.00302799
0.00305666
0.00437073
0.00559648
0.00553752
0.00593732
0.00764759
0.00850994
0.00771551
0.00732375
0.0085688
0.0100532
0.0100926
0.00895316
0.00822827
0.00870842
0.00184375
0.00218011
0.00333045
0.00374412
0.00315059
0.00318268
0.00447096
0.00566651
0.00566871
0.00601549
0.00758844
0.00848325
0.00778206
0.00729101
0.0083689
0.0098754
0.0100877
0.00900861
0.00814809
0.00848948
0.00201483
0.00228557
0.00342654
0.0039101
0.00329201
0.0033008
0.00456757
0.00574176
0.005797
0.00609651
0.00752888
0.00844096
0.00785043
0.00728828
0.00817424
0.00966576
0.0100523
0.00908675
0.00813315
0.00830104
0.00219316
0.00240014
0.00351292
0.00408009
0.00345642
0.00341379
0.00465403
0.00582177
0.00592571
0.00617958
0.00747062
0.00838491
0.00791567
0.00731465
0.00800659
0.0094351
0.00998052
0.00916858
0.00817168
0.00816646
0.00237763
0.00252576
0.00359092
0.00424742
0.00364548
0.003528
0.00472551
0.00590268
0.00605852
0.00626652
0.00741547
0.00831713
0.00797254
0.00736677
0.0078721
0.00919462
0.00986984
0.00923881
0.00824578
0.00809354
0.00256686
0.00266407
0.00366295
0.00440537
0.00385745
0.00365223
0.00478005
0.00597743
0.00619798
0.00636217
0.00736616
0.00823912
0.00801559
0.00743805
0.00777684
0.00895709
0.00972038
0.00928651
0.00834135
0.0080742
0.00275959
0.00281637
0.00373243
0.0045485
0.00408903
0.00379546
0.00481914
0.00603701
0.00634239
0.00647229
0.00732771
0.00815348
0.00804111
0.00751918
0.00772168
0.00873688
0.00954012
0.00930172
0.00844647
0.00809574
0.00295445
0.00298304
0.00380385
0.00467374
0.00433271
0.00396463
0.00484923
0.00607282
0.00648477
0.00660029
0.00730731
0.00806469
0.00804761
0.00760091
0.00770146
0.00854895
0.00934535
0.00927851
0.00854869
0.00814808
0.0031504
0.00316387
0.00388227
0.00477904
0.00457735
0.00416388
0.00488279
0.00608156
0.00661339
0.00674568
0.00731335
0.00798035
0.0080347
0.00767447
0.00770829
0.00839867
0.00915264
0.00922016
0.00863519
0.00822335
0.00334643
0.00335822
0.00397444
0.00486445
0.00480911
0.00439044
0.00493361
0.00606606
0.00671539
0.00690338
0.00735291
0.00791146
0.0080054
0.00773307
0.0077342
0.00829249
0.00897649
0.00913824
0.00869744
0.00831221
0.00354213
0.00356281
0.00408455
0.00493447
0.00502057
0.00463886
0.00501114
0.006034
0.00677998
0.00706163
0.00742797
0.00786994
0.0079681
0.00777224
0.00776871
0.00821959
0.00882436
0.00904602
0.00873512
0.00840273
0.0037382
0.0037747
0.00421228
0.00499404
0.00520641
0.00490049
0.00512557
0.00600186
0.00680471
0.00720282
0.00753393
0.0078652
0.00793448
0.00779189
0.00780193
0.00817448
0.00869869
0.00895407
0.00875503
0.00848568
0.00393622
0.00399204
0.00435871
0.00504672
0.00535924
0.00515958
0.00527938
0.00599173
0.00679641
0.00731062
0.00765891
0.00790153
0.00791869
0.00779869
0.00782608
0.00814809
0.00860063
0.00886994
0.0087655
0.00855994
0.00413756
0.00422079
0.00452309
0.00509475
0.00547216
0.00540128
0.00546738
0.00601926
0.00677194
0.00737575
0.00778317
0.00797652
0.00793266
0.00780461
0.00783949
0.00813097
0.00853022
0.00879871
0.00877173
0.00863063
0.00434035
0.00443966
0.0047032
0.00516112
0.00556123
0.00561949
0.00568067
0.00608936
0.00675143
0.00739945
0.00788382
0.00807858
0.00798288
0.00782267
0.00784744
0.00811695
0.00848115
0.00874338
0.00877586
0.00870168
0.00454337
0.00465429
0.00489339
0.00525003
0.0056371
0.00580751
0.00589988
0.00619702
0.00675081
0.00739364
0.00794821
0.00818881
0.00807039
0.0078643
0.00785826
0.00810522
0.0084599
0.0087044
0.00877937
0.00877171
0.00474595
0.00486264
0.00509189
0.00536401
0.00570863
0.00596214
0.00610988
0.0063362
0.00678246
0.00738106
0.00797749
0.00828636
0.00818689
0.00793842
0.00788146
0.00809301
0.00842121
0.00867381
0.00878384
0.0088375
0.0049485
0.00506537
0.00528831
0.00549846
0.00578876
0.00609067
0.00630457
0.00649805
0.00684795
0.00737763
0.00797988
0.00835696
0.00831381
0.00804729
0.00792867
0.00808756
0.0083898
0.00865117
0.00879242
0.00889767
0.00515051
0.00525966
0.00548219
0.00565193
0.00588258
0.00619955
0.00647746
0.00666981
0.00694438
0.00739525
0.00797201
0.00840053
0.00843247
0.00818206
0.00800923
0.00810035
0.00836596
0.00863207
0.00880413
0.00895285
0.00535337
0.00545686
0.00566702
0.00581189
0.0059908
0.00629775
0.00662753
0.00684231
0.00706673
0.00744055
0.00796939
0.00842265
0.008533
0.00832723
0.00812242
0.00814279
0.00835553
0.00861512
0.00881838
0.00900611
0.00555449
0.00564571
0.00584447
0.0059746
0.00611394
0.00639578
0.00675865
0.0070088
0.00720717
0.00751339
0.00798334
0.00843468
0.00861373
0.00847071
0.00825876
0.00821947
0.00836932
0.00860863
0.00883619
0.00905924
0.00575132
0.00583301
0.00601512
0.00613902
0.00625257
0.00649762
0.00687173
0.00716078
0.00735607
0.00761099
0.00802148
0.00844992
0.00867711
0.00860633
0.00840948
0.00832779
0.00841605
0.00861517
0.00884753
0.00910891
0.00594285
0.00601302
0.00618018
0.00629916
0.00639858
0.00660768
0.00697644
0.00729965
0.00750793
0.00772964
0.00808556
0.00847897
0.00873155
0.00873061
0.0085686
0.00846106
0.00849776
0.00865004
0.00887608
0.00916124
0.00612839
0.00619329
0.00634
0.00645073
0.00654537
0.00672472
0.00707656
0.00742462
0.00765633
0.00786391
0.00817542
0.00853088
0.00879074
0.00884574
0.00873107
0.00861516
0.00861081
0.00871812
0.00892039
0.0092147
0.00630465
0.00636547
0.00649532
0.00659791
0.00669281
0.00684932
0.0071761
0.00753739
0.00779666
0.00800528
0.00828573
0.00860735
0.00886625
0.00896257
0.00889827
0.0087906
0.0087551
0.00882216
0.00899198
0.00928384
0.00646995
0.00652411
0.00664396
0.0067389
0.00683698
0.00697901
0.00727878
0.00764148
0.0079295
0.00815296
0.00841345
0.00870424
0.00895782
0.00908745
0.00907172
0.00898843
0.00893734
0.00897055
0.00910591
0.00937938
0.00662603
0.0066827
0.00678578
0.00686643
0.00696869
0.00710797
0.00738618
0.00773792
0.00804754
0.00830244
0.00856487
0.00883445
0.00907838
0.00922977
0.00925531
0.00920161
0.00915078
0.00915829
0.00925746
0.00949763
0.00676834
0.00682657
0.00691914
0.00698417
0.00708599
0.00723012
0.00750315
0.00784255
0.00815281
0.00842928
0.00871285
0.00899157
0.00924708
0.0094327
0.00950077
0.00947849
0.0094377
0.00943193
0.00950141
0.00970194
0.00689132
0.00695312
0.0070463
0.00710102
0.0071974
0.00733309
0.00759753
0.00794215
0.00826794
0.00854881
0.00883552
0.00911584
0.00939065
0.00962271
0.00975441
0.00978361
0.00977293
0.00977274
0.00982208
0.00998971
0.00700103
0.00706651
0.00716106
0.0072075
0.0073103
0.00744704
0.00768395
0.00800703
0.00837088
0.00872641
0.00906272
0.00938167
0.00967787
0.00993595
0.0101186
0.0102077
0.0102305
0.0102359
0.0102483
0.0103107
0.00707798
0.00713752
0.00721312
0.00726902
0.00739005
0.00756416
0.0077987
0.0080397
0.00827754
0.00855818
0.00895039
0.00943231
0.00988981
0.0102548
0.0105452
0.0107894
0.0110506
0.0113795
0.0117558
0.0121039
0.00720975
0.00726151
0.00735226
0.00736449
0.00744043
0.007591
0.00787889
0.00826381
0.00867008
0.00905445
0.00940052
0.00972753
0.0100615
0.010381
0.0106864
0.0109816
0.0112675
0.0115662
0.0118508
0.0120534
0.00708516
0.00714638
0.00733803
0.00752619
0.00771045
0.00790419
0.00816124
0.00844259
0.00873206
0.00900785
0.00931577
0.00964515
0.0100152
0.0103963
0.0107766
0.0112203
0.0117037
0.0121767
0.0125816
0.0128444
0.00732569
0.00741391
0.00757988
0.00767499
0.00781461
0.00799834
0.008256
0.00854803
0.00887019
0.00923588
0.00963117
0.0100026
0.0103306
0.0106319
0.0108496
0.010954
0.0109491
0.0108662
0.0107597
0.0106966
0.00718159
0.00724289
0.00749968
0.00776257
0.00797982
0.00817714
0.00841305
0.00866632
0.00895651
0.0092354
0.00954279
0.00990602
0.0102707
0.0106504
0.0110411
0.0114522
0.0118794
0.0122844
0.0126369
0.0128712
0.00732334
0.00740193
0.00770155
0.00794837
0.00814347
0.00831371
0.00853359
0.00876543
0.00904728
0.00936026
0.00970339
0.0100972
0.0104739
0.0108216
0.0111653
0.0114908
0.0117866
0.0120505
0.0122716
0.0123831
0.0228423
0.0173171
0.0101314
0.0049025
0.00376297
0.00501075
0.00642627
0.00752127
0.00840486
0.0091293
0.0097515
0.0102985
0.0107719
0.0112357
0.0117202
0.0121387
0.0124606
0.0128126
0.0132516
0.0136858
0.0140457
0.0143643
0.0147284
0.0152022
0.0157205
0.0161604
0.0165401
0.0169519
0.0174067
0.0178659
0.0183407
0.0188669
0.0194404
0.0200159
0.0205848
0.0211683
0.0217461
0.0222847
0.0228041
0.0233262
0.0238476
0.0243826
0.0249492
0.0255612
0.0262037
0.0268405
0.0274497
0.0280749
0.0287428
0.0294244
0.0300685
0.0307036
0.0313716
0.0320498
0.0327028
0.0333863
0.0341324
0.0348878
0.0356546
0.0364534
0.037302
0.0381715
0.0390131
0.0397603
0.0405036
0.0413353
0.0422707
0.0432141
0.0441335
0.0450643
0.0460201
0.0469614
0.0479201
0.0489167
0.0499307
0.0509752
0.0520229
0.0531064
0.0541908
0.05533
0.0564779
0.0576525
0.0588494
0.0600758
0.0613553
0.0626426
0.063944
0.0652498
0.0665748
0.0679776
0.0693699
0.0707954
0.0722023
0.0736373
0.0750786
0.0765241
0.0779653
0.0793226
0.0804807
0.0815166
0.0221658
0.0171763
0.0102171
0.00505788
0.00385801
0.0050555
0.00645281
0.0075389
0.00841767
0.00913958
0.00976038
0.0103063
0.0107787
0.0112416
0.0117255
0.0121436
0.0124648
0.0128161
0.0132548
0.0136888
0.0140485
0.0143666
0.0147303
0.0152039
0.0157222
0.016162
0.0165415
0.0169532
0.0174078
0.017867
0.0183416
0.0188677
0.0194413
0.0200167
0.0205855
0.0211691
0.0217468
0.0222854
0.0228048
0.0233269
0.0238483
0.0243832
0.0249498
0.0255618
0.0262043
0.0268411
0.0274503
0.0280754
0.0287433
0.0294249
0.030069
0.030704
0.031372
0.0320503
0.0327032
0.0333867
0.0341327
0.0348882
0.0356549
0.0364537
0.0373023
0.0381717
0.0390134
0.0397607
0.0405038
0.0413356
0.042271
0.0432143
0.0441337
0.0450645
0.0460203
0.0469615
0.0479203
0.0489168
0.0499308
0.0509754
0.052023
0.0531065
0.0541909
0.0553302
0.0564781
0.0576527
0.0588495
0.0600759
0.0613554
0.0626427
0.0639441
0.06525
0.066575
0.0679777
0.06937
0.0707955
0.0722024
0.0736374
0.0750787
0.0765242
0.0779654
0.0793227
0.0804806
0.0815165
0.02151
0.0170095
0.010369
0.00533167
0.00401815
0.00511309
0.00648126
0.00756081
0.00843455
0.00915202
0.00977
0.0103145
0.0107859
0.0112478
0.011731
0.0121484
0.0124689
0.0128197
0.013258
0.0136918
0.0140511
0.0143689
0.0147323
0.0152056
0.0157239
0.0161636
0.0165428
0.0169543
0.0174089
0.0178679
0.0183424
0.0188685
0.019442
0.0200174
0.0205862
0.0211697
0.0217475
0.0222861
0.0228054
0.0233275
0.0238488
0.0243838
0.0249503
0.0255623
0.0262048
0.0268417
0.0274508
0.0280758
0.0287438
0.0294253
0.0300695
0.0307044
0.0313724
0.0320507
0.0327036
0.033387
0.034133
0.0348885
0.0356552
0.0364539
0.0373026
0.038172
0.0390137
0.0397609
0.040504
0.0413357
0.0422712
0.0432145
0.0441339
0.0450647
0.0460205
0.0469617
0.0479204
0.048917
0.049931
0.0509755
0.0520232
0.0531066
0.0541911
0.0553303
0.0564782
0.0576528
0.0588497
0.060076
0.0613555
0.0626428
0.0639442
0.0652501
0.066575
0.0679778
0.0693701
0.0707955
0.0722025
0.0736375
0.0750788
0.0765243
0.0779655
0.0793228
0.0804807
0.0815164
0.0208877
0.0168408
0.0105622
0.00567686
0.00423802
0.00519597
0.0065246
0.00759591
0.00846146
0.00917063
0.00978287
0.0103246
0.0107947
0.0112555
0.0117375
0.0121543
0.0124745
0.0128248
0.0132624
0.0136954
0.0140544
0.0143721
0.0147352
0.0152081
0.015726
0.0161655
0.0165445
0.0169559
0.0174103
0.017869
0.0183434
0.0188694
0.019443
0.0200182
0.0205869
0.0211704
0.0217482
0.0222868
0.022806
0.0233281
0.0238494
0.0243843
0.0249508
0.0255628
0.0262053
0.0268422
0.0274513
0.0280763
0.0287442
0.0294258
0.0300699
0.0307048
0.0313728
0.032051
0.0327039
0.0333873
0.0341333
0.0348888
0.0356555
0.0364542
0.0373028
0.0381723
0.0390141
0.0397612
0.0405042
0.0413359
0.0422714
0.0432147
0.0441341
0.0450649
0.0460206
0.0469619
0.0479206
0.0489171
0.0499311
0.0509757
0.0520233
0.0531068
0.0541912
0.0553304
0.0564783
0.0576529
0.0588498
0.0600761
0.0613556
0.0626429
0.0639443
0.0652502
0.0665751
0.0679779
0.0693702
0.0707956
0.0722026
0.0736376
0.0750789
0.0765244
0.0779656
0.0793229
0.0804809
0.0815164
0.0202781
0.0166626
0.0107689
0.00604601
0.00448412
0.00529261
0.00657641
0.00764091
0.00849805
0.00919652
0.00980039
0.0103377
0.0108063
0.0112657
0.0117457
0.0121613
0.0124819
0.0128324
0.0132687
0.0137001
0.0140587
0.0143768
0.0147399
0.0152121
0.0157291
0.0161682
0.0165472
0.0169583
0.0174122
0.0178705
0.0183446
0.0188707
0.0194442
0.0200193
0.0205878
0.0211713
0.0217491
0.0222876
0.0228066
0.0233286
0.0238498
0.0243848
0.0249514
0.0255633
0.0262059
0.0268428
0.0274519
0.0280769
0.0287448
0.0294263
0.0300705
0.0307053
0.0313732
0.0320515
0.0327043
0.0333876
0.0341337
0.0348891
0.0356558
0.0364545
0.0373031
0.0381726
0.0390145
0.0397616
0.0405044
0.041336
0.0422716
0.043215
0.0441343
0.0450651
0.0460208
0.0469621
0.0479207
0.0489173
0.0499312
0.0509758
0.0520234
0.0531069
0.0541913
0.0553305
0.0564784
0.057653
0.0588499
0.0600762
0.0613557
0.062643
0.0639445
0.0652503
0.0665752
0.067978
0.0693703
0.0707957
0.0722027
0.0736377
0.075079
0.0765245
0.0779658
0.0793231
0.0804813
0.0815164
0.0196782
0.0164716
0.0109715
0.00641883
0.00474325
0.00539599
0.00662959
0.00768915
0.00853989
0.00922739
0.00982162
0.0103537
0.0108207
0.0112783
0.0117552
0.0121693
0.012491
0.0128423
0.013277
0.0137061
0.0140641
0.0143834
0.014747
0.0152178
0.0157332
0.016172
0.0165513
0.0169622
0.0174151
0.0178726
0.0183465
0.0188724
0.0194458
0.0200207
0.020589
0.0211723
0.0217501
0.0222885
0.0228074
0.0233292
0.0238503
0.0243852
0.0249519
0.0255639
0.0262064
0.0268433
0.0274525
0.0280776
0.0287454
0.0294269
0.0300711
0.0307059
0.0313738
0.0320519
0.0327047
0.033388
0.0341341
0.0348895
0.0356561
0.0364548
0.0373034
0.038173
0.039015
0.039762
0.0405046
0.0413362
0.0422719
0.0432153
0.0441345
0.0450653
0.0460211
0.0469623
0.0479209
0.0489175
0.0499314
0.050976
0.0520236
0.0531071
0.0541914
0.0553306
0.0564786
0.0576531
0.05885
0.0600763
0.0613558
0.0626432
0.0639446
0.0652504
0.0665753
0.0679781
0.0693704
0.0707959
0.0722028
0.0736378
0.0750791
0.0765246
0.077966
0.0793234
0.0804818
0.0815164
0.0190942
0.016268
0.0111608
0.00678863
0.00501377
0.00550648
0.00668312
0.00773851
0.00858505
0.00926188
0.00984571
0.0103719
0.010837
0.0112927
0.0117659
0.012178
0.0125011
0.0128538
0.0132868
0.0137133
0.0140708
0.0143918
0.0147562
0.0152252
0.0157383
0.0161767
0.016557
0.0169679
0.0174195
0.0178756
0.0183491
0.0188749
0.0194479
0.0200223
0.0205904
0.0211736
0.0217514
0.0222898
0.0228085
0.02333
0.0238507
0.0243857
0.0249525
0.0255644
0.0262067
0.0268437
0.0274532
0.0280784
0.0287461
0.0294275
0.0300718
0.0307067
0.0313744
0.0320525
0.0327052
0.0333884
0.0341345
0.0348898
0.0356565
0.0364552
0.0373038
0.0381734
0.0390155
0.0397624
0.0405048
0.0413364
0.0422722
0.0432156
0.0441349
0.0450656
0.0460214
0.0469626
0.0479212
0.0489177
0.0499316
0.0509762
0.0520238
0.0531072
0.0541916
0.0553308
0.0564787
0.0576533
0.0588502
0.0600764
0.061356
0.0626433
0.0639447
0.0652505
0.0665754
0.0679782
0.0693705
0.070796
0.072203
0.0736379
0.0750793
0.0765248
0.0779662
0.0793239
0.0804826
0.0815165
0.0185331
0.0160507
0.0113296
0.00715249
0.00529804
0.00562817
0.0067388
0.00778896
0.00863316
0.00929973
0.00987239
0.0103919
0.0108547
0.0113083
0.0117775
0.0121874
0.0125121
0.0128662
0.0132976
0.0137211
0.0140784
0.0144017
0.0147673
0.0152339
0.0157439
0.0161821
0.016564
0.0169752
0.0174253
0.0178799
0.0183527
0.0188781
0.0194505
0.0200243
0.0205919
0.0211749
0.0217528
0.0222914
0.0228101
0.023331
0.0238514
0.0243863
0.0249533
0.0255651
0.026207
0.026844
0.0274539
0.0280793
0.0287468
0.0294281
0.0300727
0.0307078
0.0313753
0.0320531
0.0327058
0.033389
0.0341349
0.0348902
0.0356569
0.0364556
0.0373042
0.0381739
0.0390161
0.039763
0.0405051
0.0413367
0.0422726
0.043216
0.0441352
0.045066
0.0460217
0.0469629
0.0479214
0.0489179
0.0499318
0.0509765
0.052024
0.0531074
0.0541917
0.055331
0.0564789
0.0576534
0.0588503
0.0600765
0.0613561
0.0626435
0.0639449
0.0652506
0.0665755
0.0679784
0.0693707
0.0707961
0.0722031
0.073638
0.0750794
0.076525
0.0779666
0.0793246
0.0804838
0.0815168
0.0179978
0.0158187
0.0114753
0.00751047
0.00559916
0.00576503
0.00679813
0.00783996
0.00868357
0.00934069
0.00990153
0.0104134
0.0108736
0.011325
0.01179
0.0121974
0.0125236
0.0128793
0.0133089
0.0137295
0.0140866
0.0144126
0.0147795
0.0152435
0.01575
0.0161878
0.0165717
0.0169836
0.0174324
0.0178854
0.0183575
0.0188823
0.0194538
0.0200266
0.0205936
0.0211761
0.021754
0.0222931
0.0228119
0.0233325
0.0238524
0.0243873
0.0249545
0.0255659
0.0262072
0.026844
0.0274545
0.0280802
0.0287474
0.0294285
0.0300735
0.030709
0.0313763
0.0320539
0.0327067
0.0333899
0.0341355
0.0348905
0.0356572
0.036456
0.0373046
0.0381744
0.0390168
0.0397636
0.0405054
0.041337
0.042273
0.0432165
0.0441357
0.0450664
0.0460222
0.0469633
0.0479218
0.0489183
0.0499321
0.0509768
0.0520243
0.0531077
0.054192
0.0553312
0.0564791
0.0576536
0.0588505
0.0600767
0.0613562
0.0626436
0.063945
0.0652508
0.0665756
0.0679785
0.0693708
0.0707963
0.0722033
0.0736381
0.0750797
0.0765252
0.077967
0.0793255
0.0804853
0.0815171
0.0174888
0.0155766
0.0115999
0.00786231
0.0059168
0.00591843
0.00686136
0.00789047
0.00873541
0.00938455
0.00993313
0.0104365
0.0108935
0.0113426
0.0118034
0.012208
0.0125356
0.0128931
0.0133209
0.0137384
0.0140952
0.0144241
0.0147926
0.0152539
0.0157564
0.0161937
0.0165797
0.0169925
0.0174401
0.0178918
0.0183632
0.0188873
0.0194576
0.0200294
0.0205955
0.0211773
0.021755
0.0222945
0.0228138
0.0233344
0.0238539
0.0243888
0.0249561
0.0255671
0.0262075
0.0268441
0.0274551
0.0280811
0.0287478
0.0294287
0.0300743
0.0307104
0.0313775
0.0320548
0.0327078
0.0333911
0.0341364
0.034891
0.0356576
0.0364563
0.0373048
0.0381747
0.0390175
0.0397643
0.0405059
0.0413375
0.0422735
0.043217
0.0441362
0.0450669
0.0460227
0.0469638
0.0479222
0.0489187
0.0499325
0.0509772
0.0520247
0.053108
0.0541922
0.0553314
0.0564793
0.0576538
0.0588507
0.0600768
0.0613564
0.0626438
0.0639452
0.0652509
0.0665758
0.0679786
0.069371
0.0707965
0.0722035
0.0736383
0.07508
0.0765255
0.0779675
0.0793268
0.0804873
0.0815176
0.0170074
0.0153326
0.0117065
0.00820331
0.00624579
0.00608811
0.00692934
0.00794019
0.00878805
0.00943113
0.00996728
0.0104611
0.0109144
0.0113609
0.0118172
0.012219
0.0125481
0.0129073
0.0133336
0.0137479
0.0141043
0.014436
0.0148062
0.0152648
0.0157633
0.0161999
0.0165879
0.0170017
0.0174483
0.0178987
0.0183696
0.018893
0.019462
0.0200325
0.0205976
0.0211785
0.0217558
0.0222957
0.0228157
0.0233364
0.0238558
0.0243908
0.0249583
0.0255687
0.026208
0.0268442
0.0274558
0.0280821
0.0287481
0.0294286
0.0300749
0.0307116
0.0313786
0.0320557
0.0327091
0.0333926
0.0341376
0.0348918
0.0356582
0.0364566
0.0373047
0.0381748
0.039018
0.039765
0.0405065
0.0413381
0.0422741
0.0432175
0.0441367
0.0450674
0.0460232
0.0469643
0.0479228
0.0489192
0.049933
0.0509777
0.0520252
0.0531085
0.0541926
0.0553317
0.0564796
0.057654
0.0588509
0.060077
0.0613566
0.062644
0.0639454
0.0652511
0.0665759
0.0679788
0.0693712
0.0707967
0.0722037
0.0736385
0.0750803
0.0765259
0.0779681
0.0793284
0.0804898
0.0815184
0.0165563
0.0150938
0.0117948
0.00852599
0.00657991
0.00627433
0.00700407
0.00798925
0.00884048
0.00947983
0.010004
0.0104875
0.0109362
0.0113797
0.0118313
0.0122302
0.0125607
0.0129221
0.013347
0.0137581
0.0141138
0.0144482
0.0148202
0.0152762
0.0157705
0.0162063
0.0165963
0.017011
0.0174565
0.0179059
0.0183764
0.0188992
0.0194668
0.0200359
0.0205999
0.0211797
0.0217564
0.0222966
0.0228173
0.0233384
0.0238579
0.0243931
0.0249608
0.0255707
0.0262088
0.0268444
0.0274566
0.0280832
0.0287484
0.0294283
0.0300752
0.0307127
0.0313796
0.0320564
0.0327104
0.0333943
0.0341391
0.034893
0.0356593
0.0364571
0.0373045
0.0381744
0.0390181
0.0397656
0.0405072
0.041339
0.0422749
0.043218
0.0441372
0.045068
0.0460237
0.0469649
0.0479235
0.0489198
0.0499336
0.0509783
0.0520258
0.053109
0.0541931
0.0553322
0.05648
0.0576543
0.0588511
0.0600772
0.0613568
0.0626442
0.0639456
0.0652513
0.066576
0.0679789
0.0693714
0.0707969
0.0722039
0.0736386
0.0750808
0.0765263
0.0779687
0.0793304
0.0804928
0.0815194
0.0161353
0.014863
0.0118636
0.00882473
0.00691434
0.00647743
0.00708733
0.00803736
0.00889118
0.00952967
0.0100432
0.0105159
0.0109591
0.011399
0.0118456
0.0122414
0.0125736
0.0129374
0.013361
0.0137689
0.0141239
0.0144608
0.0148346
0.0152881
0.0157782
0.0162131
0.0166052
0.0170207
0.0174648
0.0179132
0.0183835
0.0189058
0.0194721
0.0200396
0.0206024
0.0211811
0.0217568
0.0222973
0.0228187
0.0233404
0.0238602
0.0243958
0.0249638
0.025573
0.0262098
0.0268448
0.0274576
0.0280844
0.0287487
0.0294278
0.0300753
0.0307136
0.0313804
0.032057
0.0327116
0.0333961
0.0341407
0.0348946
0.0356608
0.036458
0.0373042
0.0381735
0.0390177
0.0397657
0.0405078
0.04134
0.0422759
0.0432187
0.0441377
0.0450684
0.0460241
0.0469655
0.0479241
0.0489205
0.0499343
0.050979
0.0520265
0.0531098
0.0541938
0.0553329
0.0564805
0.0576548
0.0588515
0.0600774
0.061357
0.0626445
0.0639458
0.0652514
0.0665761
0.067979
0.0693716
0.0707972
0.0722042
0.0736388
0.0750812
0.0765268
0.0779695
0.0793328
0.0804965
0.0815206
0.01574
0.0146399
0.0119141
0.00909729
0.00724499
0.00669643
0.00718015
0.00808432
0.00893883
0.00957977
0.0100851
0.010547
0.0109837
0.0114191
0.0118601
0.0122527
0.0125866
0.0129531
0.0133757
0.0137805
0.0141345
0.0144739
0.0148494
0.0153003
0.0157862
0.0162203
0.0166144
0.0170306
0.0174733
0.0179206
0.018391
0.0189129
0.0194777
0.0200437
0.0206052
0.0211825
0.0217573
0.0222978
0.0228201
0.0233424
0.0238625
0.0243987
0.024967
0.0255756
0.0262109
0.0268453
0.0274587
0.0280858
0.028749
0.0294272
0.0300752
0.0307143
0.031381
0.0320575
0.0327127
0.0333979
0.0341424
0.0348963
0.0356627
0.0364593
0.037304
0.0381723
0.0390165
0.0397653
0.040508
0.0413411
0.0422773
0.0432196
0.0441384
0.0450689
0.0460244
0.0469659
0.0479248
0.0489212
0.049935
0.0509798
0.0520273
0.0531106
0.0541947
0.0553337
0.0564812
0.0576554
0.058852
0.0600777
0.0613573
0.0626448
0.0639461
0.0652517
0.0665763
0.0679791
0.0693717
0.0707974
0.0722045
0.073639
0.0750818
0.0765274
0.0779704
0.0793356
0.0805008
0.0815221
0.0153642
0.0144243
0.0119502
0.00934331
0.00756751
0.00692947
0.00728405
0.00813119
0.00898299
0.00962945
0.0101296
0.0105812
0.0110103
0.0114402
0.0118751
0.0122641
0.0126
0.0129694
0.0133912
0.0137928
0.0141458
0.0144874
0.0148647
0.0153131
0.0157947
0.016228
0.0166242
0.017041
0.0174821
0.0179283
0.018399
0.0189206
0.0194838
0.020048
0.0206083
0.0211841
0.0217577
0.0222983
0.0228214
0.0233444
0.023865
0.0244018
0.0249706
0.0255785
0.0262122
0.0268458
0.0274599
0.0280873
0.0287495
0.0294265
0.0300749
0.0307148
0.0313814
0.0320577
0.0327138
0.0333995
0.034144
0.0348981
0.0356649
0.0364609
0.0373039
0.0381708
0.0390148
0.0397641
0.0405078
0.0413421
0.0422788
0.0432207
0.0441392
0.0450693
0.0460247
0.0469663
0.0479254
0.0489219
0.0499358
0.0509806
0.0520281
0.0531115
0.0541957
0.0553347
0.0564821
0.0576562
0.0588526
0.0600781
0.0613576
0.0626451
0.0639465
0.065252
0.0665765
0.0679791
0.0693719
0.0707976
0.0722048
0.0736392
0.0750824
0.076528
0.0779714
0.0793389
0.0805057
0.0815239
0.0150028
0.0142159
0.0119761
0.00956281
0.00787762
0.00717499
0.00740173
0.0081803
0.00902377
0.00967788
0.0101765
0.0106188
0.0110395
0.0114626
0.0118906
0.0122759
0.0126138
0.0129865
0.0134076
0.0138058
0.0141575
0.0145014
0.0148806
0.0153265
0.0158038
0.0162361
0.0166343
0.0170517
0.0174913
0.0179366
0.0184077
0.0189289
0.0194903
0.0200528
0.0206116
0.0211858
0.0217581
0.0222987
0.0228228
0.0233465
0.0238675
0.0244052
0.0249745
0.0255817
0.0262137
0.0268465
0.0274611
0.028089
0.02875
0.0294259
0.0300746
0.0307153
0.0313818
0.0320579
0.0327148
0.0334012
0.0341456
0.0348998
0.035667
0.0364628
0.0373039
0.0381689
0.0390124
0.0397624
0.0405072
0.0413429
0.0422804
0.043222
0.0441401
0.0450698
0.0460248
0.0469665
0.0479259
0.0489225
0.0499365
0.0509814
0.0520289
0.0531124
0.0541968
0.0553358
0.0564831
0.0576572
0.0588535
0.0600786
0.0613579
0.0626455
0.0639469
0.0652524
0.0665767
0.067979
0.0693719
0.0707978
0.0722052
0.0736394
0.0750831
0.0765288
0.0779725
0.0793426
0.0805112
0.0815259
0.0146529
0.0140134
0.0119951
0.00975672
0.00817207
0.00743175
0.00753628
0.00823446
0.0090615
0.00972412
0.0102251
0.01066
0.0110716
0.0114867
0.0119068
0.0122881
0.0126282
0.0130044
0.0134249
0.0138196
0.0141698
0.0145159
0.0148971
0.0153406
0.0158133
0.0162445
0.0166448
0.0170629
0.0175011
0.0179457
0.0184173
0.018938
0.0194974
0.0200578
0.0206153
0.0211878
0.0217587
0.0222993
0.0228242
0.0233486
0.0238702
0.0244088
0.0249788
0.0255851
0.0262153
0.0268471
0.0274625
0.0280908
0.0287507
0.0294253
0.0300742
0.0307156
0.0313821
0.0320582
0.0327159
0.033403
0.0341472
0.0349013
0.0356691
0.0364646
0.0373039
0.0381669
0.0390095
0.0397602
0.0405064
0.0413435
0.0422819
0.0432234
0.0441411
0.0450704
0.046025
0.0469667
0.0479263
0.0489231
0.0499373
0.0509822
0.0520296
0.0531132
0.0541979
0.055337
0.0564843
0.0576583
0.0588546
0.0600793
0.0613583
0.0626458
0.0639474
0.065253
0.0665771
0.067979
0.0693719
0.0707979
0.0722056
0.0736397
0.0750839
0.0765297
0.0779736
0.0793466
0.0805172
0.0815281
0.014314
0.0138142
0.0120094
0.00992765
0.00844866
0.00769762
0.00769002
0.00829649
0.00909689
0.00976736
0.0102747
0.0107045
0.0111069
0.0115127
0.0119241
0.0123008
0.0126432
0.0130234
0.0134433
0.0138341
0.0141826
0.014531
0.0149142
0.0153552
0.0158233
0.0162532
0.0166556
0.0170746
0.0175116
0.0179559
0.0184279
0.0189479
0.0195049
0.0200633
0.0206193
0.02119
0.0217594
0.0222999
0.0228258
0.0233509
0.0238731
0.0244128
0.0249834
0.0255889
0.026217
0.0268478
0.0274639
0.0280927
0.0287515
0.0294247
0.0300737
0.0307159
0.0313825
0.0320584
0.0327171
0.033405
0.0341489
0.0349029
0.0356711
0.0364666
0.037304
0.0381646
0.0390062
0.0397578
0.0405057
0.0413443
0.0422834
0.0432247
0.044142
0.0450709
0.0460251
0.0469669
0.0479268
0.0489237
0.0499381
0.0509831
0.0520304
0.0531139
0.0541989
0.0553383
0.0564855
0.0576595
0.0588558
0.0600801
0.0613586
0.062646
0.0639479
0.0652537
0.0665777
0.067979
0.0693719
0.0707979
0.0722059
0.0736401
0.0750847
0.0765307
0.0779749
0.0793509
0.0805237
0.0815306
0.0139874
0.0136159
0.0120206
0.0100796
0.00870562
0.00796885
0.0078641
0.00836936
0.00913127
0.00980704
0.0103242
0.010752
0.0111455
0.011541
0.0119425
0.0123142
0.0126589
0.0130433
0.0134627
0.0138496
0.014196
0.0145466
0.0149321
0.0153706
0.0158337
0.0162623
0.0166668
0.017087
0.0175232
0.0179672
0.0184397
0.0189587
0.019513
0.0200691
0.0206236
0.0211924
0.0217602
0.0223007
0.0228275
0.0233533
0.0238762
0.0244171
0.0249884
0.0255929
0.0262188
0.0268485
0.0274654
0.0280948
0.0287523
0.0294242
0.0300733
0.0307163
0.031383
0.0320589
0.0327185
0.0334071
0.0341508
0.0349045
0.0356731
0.0364685
0.0373041
0.0381623
0.0390026
0.0397555
0.0405056
0.0413453
0.0422848
0.0432258
0.0441429
0.0450714
0.0460253
0.0469671
0.0479273
0.0489244
0.049939
0.050984
0.0520312
0.0531147
0.0542
0.0553397
0.0564867
0.0576607
0.0588571
0.0600812
0.0613591
0.0626461
0.0639483
0.0652544
0.0665784
0.0679791
0.0693717
0.0707978
0.0722063
0.0736404
0.0750856
0.0765318
0.0779762
0.0793554
0.0805305
0.0815334
0.0136752
0.0134167
0.0120297
0.0102166
0.00894107
0.00824065
0.00805856
0.00845611
0.0091665
0.00984272
0.0103723
0.0108018
0.0111874
0.0115719
0.0119623
0.0123284
0.0126754
0.0130642
0.0134833
0.0138659
0.0142102
0.014563
0.0149507
0.0153866
0.0158447
0.0162717
0.0166785
0.0171
0.0175356
0.0179796
0.0184525
0.0189702
0.0195216
0.0200753
0.0206282
0.0211951
0.0217613
0.0223016
0.0228294
0.0233558
0.0238795
0.0244217
0.0249937
0.0255971
0.0262208
0.0268492
0.0274669
0.028097
0.0287533
0.0294237
0.0300729
0.0307168
0.0313836
0.0320595
0.0327201
0.0334095
0.034153
0.0349063
0.0356752
0.0364704
0.0373044
0.03816
0.0389989
0.0397535
0.0405064
0.041347
0.0422862
0.0432267
0.0441436
0.0450719
0.0460254
0.0469675
0.0479281
0.0489253
0.04994
0.050985
0.052032
0.0531155
0.054201
0.055341
0.056488
0.057662
0.0588584
0.0600823
0.0613596
0.0626462
0.0639486
0.0652551
0.0665792
0.0679793
0.0693716
0.0707976
0.0722066
0.0736408
0.0750866
0.0765331
0.0779778
0.0793601
0.0805378
0.0815364
0.0133795
0.0132166
0.0120371
0.0103419
0.00915354
0.00850818
0.0082723
0.00855934
0.00920469
0.00987441
0.0104182
0.0108531
0.0112328
0.0116057
0.0119838
0.0123433
0.0126925
0.0130861
0.013505
0.0138833
0.014225
0.0145799
0.01497
0.0154034
0.0158562
0.0162815
0.0166907
0.0171138
0.017549
0.0179929
0.018466
0.0189824
0.0195307
0.0200819
0.020633
0.021198
0.0217625
0.0223027
0.0228315
0.0233585
0.0238829
0.0244264
0.0249992
0.0256016
0.0262229
0.02685
0.0274685
0.0280992
0.0287543
0.0294232
0.0300725
0.0307173
0.0313843
0.0320602
0.0327219
0.0334121
0.0341554
0.0349083
0.0356772
0.0364723
0.0373049
0.0381577
0.0389954
0.039752
0.0405083
0.0413496
0.0422877
0.0432274
0.0441442
0.0450723
0.0460256
0.0469679
0.0479289
0.0489263
0.049941
0.050986
0.052033
0.0531165
0.0542022
0.0553422
0.0564893
0.0576633
0.0588598
0.0600835
0.0613602
0.0626463
0.0639489
0.0652558
0.06658
0.0679796
0.0693714
0.0707973
0.0722068
0.0736412
0.0750877
0.0765345
0.0779795
0.0793651
0.0805454
0.0815397
0.0131014
0.0130149
0.0120426
0.010459
0.00934295
0.00876685
0.00850273
0.00868096
0.00924832
0.00990287
0.0104611
0.0109052
0.0112811
0.0116425
0.0120074
0.0123594
0.0127105
0.0131091
0.0135279
0.0139015
0.0142406
0.0145976
0.0149902
0.015421
0.0158683
0.0162919
0.0167036
0.0171284
0.017563
0.0180068
0.0184802
0.0189951
0.0195403
0.0200888
0.0206382
0.0212012
0.021764
0.022304
0.0228337
0.0233613
0.0238865
0.0244313
0.025005
0.0256063
0.0262251
0.0268509
0.0274702
0.0281016
0.0287554
0.0294228
0.0300722
0.0307179
0.0313852
0.0320613
0.0327239
0.033415
0.034158
0.0349104
0.0356794
0.0364742
0.0373054
0.0381556
0.038992
0.0397511
0.0405113
0.041353
0.0422893
0.0432279
0.0441446
0.0450726
0.0460257
0.0469684
0.04793
0.0489275
0.0499422
0.050987
0.052034
0.0531176
0.0542034
0.0553435
0.0564906
0.0576646
0.0588613
0.0600849
0.0613609
0.0626464
0.0639492
0.0652566
0.066581
0.06798
0.0693712
0.0707971
0.0722071
0.0736416
0.0750888
0.076536
0.0779813
0.0793703
0.0805533
0.0815432
0.0128415
0.0128098
0.0120448
0.0105727
0.00951107
0.00901213
0.00874609
0.00882236
0.00930011
0.00992946
0.0105004
0.010957
0.0113319
0.0116825
0.0120334
0.0123769
0.0127295
0.0131331
0.0135518
0.0139207
0.0142569
0.014616
0.0150112
0.0154393
0.015881
0.0163029
0.0167171
0.0171436
0.0175777
0.0180213
0.0184949
0.0190084
0.0195503
0.0200961
0.0206437
0.0212046
0.0217656
0.0223056
0.0228361
0.0233643
0.0238902
0.0244363
0.0250109
0.0256111
0.0262275
0.0268518
0.0274719
0.0281042
0.0287566
0.0294223
0.0300718
0.0307187
0.0313863
0.0320625
0.0327262
0.0334182
0.0341609
0.0349128
0.0356816
0.0364762
0.0373061
0.0381537
0.0389887
0.0397507
0.0405151
0.0413572
0.0422911
0.0432282
0.044145
0.0450729
0.0460259
0.0469691
0.0479311
0.0489288
0.0499434
0.050988
0.0520351
0.0531188
0.0542048
0.0553448
0.0564919
0.057666
0.0588628
0.0600864
0.0613617
0.0626465
0.0639495
0.0652573
0.066582
0.0679805
0.0693711
0.0707968
0.0722074
0.073642
0.0750899
0.0765376
0.0779834
0.0793756
0.0805616
0.0815471
0.0126027
0.0125985
0.0120395
0.010688
0.0096613
0.00923954
0.00899816
0.00898441
0.00936254
0.00995586
0.010536
0.0110075
0.0113845
0.0117254
0.0120619
0.0123962
0.0127496
0.0131582
0.013577
0.0139408
0.0142739
0.0146352
0.015033
0.0154585
0.0158945
0.0163146
0.0167314
0.0171597
0.017593
0.0180361
0.01851
0.0190221
0.0195608
0.0201037
0.0206494
0.0212084
0.0217676
0.0223074
0.0228387
0.0233675
0.0238939
0.0244414
0.025017
0.0256162
0.0262299
0.0268528
0.0274738
0.0281068
0.0287579
0.0294219
0.0300716
0.0307196
0.0313876
0.0320639
0.0327286
0.0334217
0.0341639
0.0349152
0.0356839
0.0364782
0.0373068
0.0381518
0.0389856
0.0397507
0.0405197
0.0413618
0.042293
0.0432285
0.0441452
0.0450731
0.0460262
0.0469698
0.0479324
0.0489303
0.0499447
0.0509891
0.0520362
0.0531202
0.0542064
0.0553462
0.0564933
0.0576674
0.0588645
0.060088
0.0613627
0.0626467
0.0639497
0.065258
0.0665832
0.0679811
0.069371
0.0707966
0.0722078
0.0736425
0.0750911
0.0765394
0.0779856
0.0793812
0.0805702
0.0815512
0.0123914
0.0123821
0.0120198
0.0108076
0.00979889
0.0094453
0.00925436
0.00916748
0.00943749
0.00998379
0.0105686
0.0110562
0.0114383
0.0117709
0.0120931
0.0124174
0.0127712
0.0131844
0.0136033
0.013962
0.0142916
0.014655
0.0150558
0.0154787
0.0159087
0.016327
0.0167464
0.0171765
0.0176088
0.0180513
0.0185254
0.0190363
0.0195717
0.0201117
0.0206555
0.0212124
0.0217698
0.0223094
0.0228415
0.0233708
0.0238978
0.0244466
0.0250232
0.0256214
0.0262326
0.0268539
0.0274757
0.0281096
0.0287593
0.0294214
0.0300714
0.0307206
0.031389
0.0320655
0.0327313
0.0334253
0.0341672
0.0349178
0.0356863
0.0364802
0.0373076
0.03815
0.0389826
0.039751
0.0405245
0.0413667
0.0422949
0.0432288
0.0441455
0.0450734
0.0460264
0.0469706
0.0479338
0.0489318
0.0499461
0.0509902
0.0520374
0.0531218
0.054208
0.0553476
0.0564947
0.0576688
0.0588662
0.0600897
0.0613637
0.062647
0.06395
0.0652588
0.0665844
0.0679817
0.0693709
0.0707964
0.0722082
0.0736431
0.0750924
0.0765412
0.0779879
0.079387
0.0805792
0.0815557
0.0122125
0.0121694
0.0119786
0.0109298
0.00993142
0.00962746
0.00950866
0.00937127
0.00952695
0.0100149
0.0105993
0.0111026
0.0114922
0.0118186
0.0121266
0.0124408
0.0127946
0.0132121
0.0136309
0.0139842
0.0143099
0.0146755
0.0150795
0.0155
0.0159238
0.01634
0.0167623
0.0171941
0.0176252
0.0180667
0.0185411
0.0190509
0.0195831
0.02012
0.0206619
0.0212167
0.0217723
0.0223117
0.0228446
0.0233744
0.0239018
0.0244518
0.0250295
0.0256268
0.0262354
0.026855
0.0274778
0.0281126
0.0287608
0.029421
0.0300712
0.0307218
0.0313906
0.0320672
0.0327341
0.0334292
0.0341706
0.0349206
0.0356888
0.0364822
0.0373084
0.0381483
0.0389797
0.0397514
0.0405295
0.0413718
0.042297
0.043229
0.0441457
0.0450737
0.0460267
0.0469714
0.0479352
0.0489333
0.0499476
0.0509913
0.0520387
0.0531235
0.0542098
0.0553491
0.0564961
0.0576704
0.0588679
0.0600915
0.0613648
0.0626474
0.0639504
0.0652596
0.0665856
0.0679824
0.0693709
0.0707962
0.0722087
0.0736437
0.0750937
0.0765433
0.0779904
0.079393
0.0805886
0.0815605
0.0120634
0.011973
0.0119123
0.0110482
0.0100677
0.00978741
0.00975317
0.00959426
0.00963343
0.0100504
0.0106296
0.0111471
0.0115453
0.0118678
0.0121626
0.0124663
0.01282
0.0132417
0.0136597
0.0140073
0.0143291
0.0146966
0.0151041
0.0155223
0.0159398
0.0163537
0.0167789
0.0172126
0.0176422
0.0180825
0.0185572
0.019066
0.019595
0.0201288
0.0206686
0.0212213
0.0217751
0.0223143
0.022848
0.0233782
0.023906
0.0244571
0.0250359
0.0256325
0.0262383
0.0268563
0.0274799
0.0281157
0.0287625
0.0294207
0.0300711
0.0307231
0.0313923
0.032069
0.032737
0.0334332
0.0341741
0.0349234
0.0356913
0.0364844
0.0373091
0.0381466
0.0389769
0.0397519
0.0405345
0.0413769
0.0422991
0.0432293
0.044146
0.045074
0.046027
0.0469722
0.0479366
0.0489349
0.049949
0.0509925
0.0520401
0.0531252
0.0542117
0.0553507
0.0564977
0.057672
0.0588698
0.0600933
0.061366
0.0626478
0.0639508
0.0652605
0.066587
0.067983
0.069371
0.0707961
0.0722092
0.0736443
0.0750951
0.0765455
0.0779931
0.0793993
0.0805984
0.0815656
0.0119335
0.0118037
0.011825
0.0111532
0.0102137
0.00993083
0.00997987
0.00983245
0.00976016
0.0100913
0.0106603
0.0111906
0.0115969
0.0119175
0.0122007
0.0124941
0.0128474
0.0132733
0.0136902
0.0140314
0.0143489
0.0147184
0.0151296
0.0155457
0.0159567
0.0163682
0.0167964
0.0172319
0.01766
0.0180988
0.0185737
0.0190817
0.0196074
0.0201379
0.0206757
0.0212263
0.0217783
0.0223173
0.0228517
0.0233822
0.0239103
0.0244625
0.0250425
0.0256383
0.0262414
0.0268576
0.0274822
0.028119
0.0287642
0.0294203
0.030071
0.0307245
0.0313942
0.0320708
0.03274
0.0334374
0.0341778
0.0349262
0.035694
0.0364865
0.0373099
0.038145
0.0389741
0.0397524
0.0405395
0.041382
0.0423012
0.0432296
0.0441463
0.0450744
0.0460273
0.0469731
0.0479381
0.0489366
0.0499506
0.0509938
0.0520415
0.0531271
0.0542136
0.0553523
0.0564992
0.0576737
0.0588717
0.0600952
0.0613672
0.0626483
0.0639512
0.0652615
0.0665884
0.0679837
0.0693711
0.070796
0.0722097
0.073645
0.0750966
0.0765479
0.077996
0.0794058
0.0806086
0.0815712
0.0118108
0.0116655
0.0117274
0.011236
0.0103686
0.0100675
0.010184
0.0100781
0.00990999
0.0101396
0.0106913
0.0112351
0.0116474
0.0119665
0.0122404
0.0125241
0.0128769
0.0133071
0.0137227
0.0140567
0.0143695
0.0147409
0.0151559
0.0155702
0.0159747
0.0163836
0.0168146
0.0172521
0.0176784
0.0181154
0.0185905
0.0190978
0.0196203
0.0201475
0.0206831
0.0212317
0.0217819
0.0223206
0.0228557
0.0233864
0.0239147
0.024468
0.0250494
0.0256444
0.0262447
0.026859
0.0274845
0.0281225
0.0287661
0.02942
0.030071
0.0307261
0.0313962
0.0320727
0.0327431
0.0334417
0.0341816
0.0349292
0.0356966
0.0364887
0.0373107
0.0381434
0.0389714
0.0397529
0.0405444
0.0413871
0.0423034
0.04323
0.0441467
0.0450748
0.0460277
0.0469741
0.0479397
0.0489382
0.0499521
0.0509951
0.052043
0.053129
0.0542156
0.055354
0.0565009
0.0576755
0.0588738
0.0600972
0.0613685
0.0626488
0.0639517
0.0652624
0.0665898
0.0679844
0.0693712
0.0707959
0.0722104
0.0736458
0.0750981
0.0765504
0.0779991
0.0794126
0.0806192
0.0815772
0.0116871
0.0115551
0.0116315
0.0112922
0.0105237
0.0102082
0.0103678
0.0103204
0.010083
0.0101996
0.0107217
0.0112814
0.0116981
0.0120137
0.0122807
0.0125563
0.0129085
0.0133429
0.0137575
0.0140836
0.0143906
0.0147641
0.0151832
0.0155956
0.0159937
0.0164
0.0168338
0.0172731
0.0176974
0.0181326
0.0186078
0.0191144
0.0196339
0.0201575
0.020691
0.0212375
0.0217858
0.0223242
0.0228601
0.023391
0.0239192
0.0244736
0.0250563
0.0256507
0.0262481
0.0268605
0.027487
0.0281262
0.0287682
0.0294197
0.030071
0.0307278
0.0313983
0.0320746
0.0327462
0.0334461
0.0341854
0.0349322
0.0356994
0.036491
0.0373115
0.0381418
0.0389689
0.0397534
0.0405491
0.0413921
0.0423057
0.0432304
0.0441471
0.0450753
0.0460281
0.046975
0.0479413
0.04894
0.0499538
0.0509965
0.0520446
0.053131
0.0542177
0.0553558
0.0565026
0.0576773
0.0588759
0.0600992
0.0613699
0.0626493
0.0639522
0.0652635
0.0665913
0.0679852
0.0693714
0.0707959
0.0722111
0.0736467
0.0750998
0.0765532
0.0780024
0.0794196
0.0806303
0.0815836
0.0115606
0.011466
0.0115465
0.0113252
0.0106674
0.0103574
0.0105389
0.0105502
0.0102745
0.0102768
0.010752
0.0113288
0.0117515
0.0120592
0.0123201
0.0125905
0.0129424
0.0133808
0.0137945
0.0141125
0.0144126
0.0147879
0.0152116
0.015622
0.0160135
0.0164174
0.0168541
0.017295
0.0177172
0.0181502
0.0186255
0.0191316
0.0196479
0.0201681
0.0206993
0.0212437
0.0217902
0.0223283
0.0228648
0.0233958
0.023924
0.0244793
0.0250635
0.0256573
0.0262518
0.0268621
0.0274897
0.0281301
0.0287704
0.0294195
0.0300711
0.0307297
0.0314006
0.0320766
0.0327494
0.0334507
0.0341894
0.0349352
0.0357022
0.0364934
0.0373123
0.0381403
0.0389664
0.039754
0.0405538
0.041397
0.042308
0.0432309
0.0441475
0.0450758
0.0460286
0.046976
0.0479429
0.0489417
0.0499554
0.050998
0.0520463
0.0531331
0.0542199
0.0553577
0.0565043
0.0576793
0.058878
0.0601013
0.0613713
0.0626499
0.0639528
0.0652646
0.0665928
0.0679859
0.0693715
0.070796
0.0722118
0.0736476
0.0751015
0.0765562
0.0780059
0.0794268
0.0806418
0.0815905
0.0114302
0.0113926
0.0114765
0.0113449
0.0107918
0.0105091
0.0107071
0.0107654
0.0104749
0.0103749
0.0107857
0.0113747
0.011809
0.0121047
0.0123569
0.0126254
0.0129789
0.013421
0.0138336
0.0141435
0.0144361
0.0148122
0.015241
0.0156498
0.0160341
0.0164355
0.0168755
0.0173181
0.0177376
0.0181682
0.0186438
0.0191494
0.0196626
0.0201792
0.020708
0.0212504
0.0217951
0.0223328
0.0228698
0.0234009
0.023929
0.0244852
0.0250708
0.0256642
0.0262556
0.0268637
0.0274924
0.0281342
0.0287727
0.0294194
0.0300713
0.0307317
0.0314031
0.0320786
0.0327527
0.0334554
0.0341935
0.0349383
0.0357051
0.0364959
0.0373132
0.0381389
0.038964
0.0397546
0.0405584
0.041402
0.0423104
0.0432314
0.0441481
0.0450764
0.0460291
0.0469771
0.0479446
0.0489436
0.0499572
0.0509995
0.052048
0.0531352
0.0542221
0.0553596
0.0565062
0.0576813
0.0588803
0.0601034
0.0613727
0.0626505
0.0639535
0.0652657
0.0665944
0.0679867
0.0693718
0.070796
0.0722125
0.0736487
0.0751032
0.0765594
0.0780097
0.0794343
0.0806537
0.0815978
0.011292
0.0113305
0.0114198
0.011361
0.0108986
0.0106515
0.0108777
0.0109726
0.0106735
0.0104919
0.0108295
0.0114182
0.0118698
0.012153
0.0123912
0.0126595
0.0130176
0.0134639
0.0138747
0.0141763
0.0144614
0.0148375
0.0152712
0.015679
0.0160556
0.0164542
0.0168981
0.0173425
0.0177588
0.0181866
0.0186625
0.0191679
0.0196778
0.0201907
0.0207173
0.0212575
0.0218003
0.0223377
0.0228753
0.0234064
0.0239342
0.0244912
0.0250784
0.0256713
0.0262597
0.0268655
0.0274953
0.0281385
0.0287753
0.0294193
0.0300715
0.030734
0.0314057
0.0320807
0.032756
0.0334602
0.0341978
0.0349415
0.035708
0.0364984
0.0373142
0.0381376
0.0389618
0.0397553
0.0405629
0.0414068
0.0423128
0.0432321
0.0441487
0.0450771
0.0460297
0.0469782
0.0479464
0.0489455
0.0499589
0.0510011
0.0520498
0.0531374
0.0542244
0.0553616
0.0565081
0.0576834
0.0588826
0.0601056
0.0613742
0.0626512
0.0639541
0.0652669
0.0665961
0.0679874
0.069372
0.0707962
0.0722134
0.0736498
0.0751051
0.0765628
0.0780138
0.079442
0.080666
0.0816057
0.0111412
0.0112749
0.0113729
0.0113777
0.0109968
0.0107771
0.0110455
0.0111805
0.0108662
0.0106197
0.0108885
0.0114619
0.0119308
0.0122064
0.0124246
0.0126909
0.0130573
0.0135096
0.0139185
0.0142107
0.0144883
0.0148644
0.0153023
0.0157093
0.0160784
0.0164734
0.0169214
0.0173683
0.017781
0.0182053
0.0186815
0.0191871
0.0196938
0.0202028
0.0207271
0.0212652
0.0218061
0.0223431
0.0228813
0.0234122
0.0239396
0.0244973
0.025086
0.0256788
0.0262641
0.0268674
0.0274983
0.0281431
0.0287781
0.0294193
0.0300718
0.0307364
0.0314085
0.0320828
0.0327594
0.0334651
0.0342021
0.0349447
0.035711
0.036501
0.0373151
0.0381363
0.0389598
0.039756
0.0405673
0.0414116
0.0423153
0.0432327
0.0441493
0.0450779
0.0460303
0.0469793
0.0479482
0.0489474
0.0499608
0.0510028
0.0520517
0.0531397
0.0542267
0.0553637
0.0565101
0.0576857
0.058885
0.0601079
0.0613757
0.062652
0.0639549
0.0652681
0.0665978
0.0679882
0.0693723
0.0707964
0.0722142
0.073651
0.0751071
0.0765665
0.0780182
0.07945
0.0806788
0.0816141
0.0109765
0.0112197
0.0113336
0.0113928
0.0110955
0.0108879
0.0111972
0.0113943
0.0110603
0.0107482
0.0109615
0.0115123
0.01199
0.0122641
0.0124602
0.0127192
0.0130963
0.0135579
0.0139655
0.014247
0.0145161
0.0148933
0.015335
0.0157405
0.0161023
0.0164934
0.0169453
0.0173955
0.0178045
0.0182244
0.0187007
0.0192069
0.0197107
0.0202154
0.0207372
0.0212735
0.0218124
0.0223489
0.0228877
0.0234185
0.0239452
0.0245036
0.0250939
0.0256865
0.0262686
0.0268695
0.0275015
0.0281479
0.0287811
0.0294194
0.0300722
0.0307391
0.0314115
0.032085
0.0327628
0.0334702
0.0342065
0.0349479
0.0357141
0.0365037
0.0373162
0.0381351
0.0389579
0.0397568
0.0405717
0.0414164
0.0423179
0.0432335
0.0441501
0.0450787
0.046031
0.0469805
0.0479501
0.0489494
0.0499627
0.0510046
0.0520537
0.0531421
0.0542291
0.0553658
0.0565121
0.057688
0.0588875
0.0601102
0.0613773
0.0626528
0.0639557
0.0652694
0.0665995
0.067989
0.0693726
0.0707967
0.0722151
0.0736524
0.0751091
0.0765704
0.0780229
0.0794583
0.0806921
0.0816231
0.0108034
0.011157
0.0113002
0.0114026
0.0111982
0.0109949
0.0113225
0.011607
0.011267
0.0108732
0.0110405
0.0115751
0.0120499
0.012323
0.0125001
0.012746
0.0131328
0.0136075
0.0140158
0.0142859
0.0145447
0.0149234
0.0153703
0.015773
0.0161271
0.0165143
0.0169698
0.0174237
0.0178295
0.0182443
0.0187202
0.0192273
0.0197283
0.0202287
0.0207479
0.0212823
0.0218194
0.0223552
0.0228944
0.0234251
0.0239512
0.02451
0.025102
0.0256945
0.0262735
0.0268716
0.0275047
0.028153
0.0287844
0.0294196
0.0300726
0.0307419
0.0314147
0.0320872
0.0327662
0.0334753
0.0342111
0.0349512
0.0357172
0.0365065
0.0373173
0.0381341
0.0389562
0.0397576
0.0405759
0.0414211
0.0423205
0.0432343
0.0441509
0.0450796
0.0460317
0.0469817
0.047952
0.0489514
0.0499647
0.0510065
0.0520558
0.0531446
0.0542316
0.055368
0.0565143
0.0576904
0.05889
0.0601125
0.0613789
0.0626537
0.0639565
0.0652707
0.0666013
0.0679899
0.069373
0.070797
0.0722161
0.0736539
0.0751113
0.0765745
0.078028
0.0794667
0.0807058
0.0816327
0.0106338
0.0110815
0.0112686
0.011405
0.0113021
0.0111107
0.0114211
0.0118014
0.0114931
0.011004
0.0111145
0.0116489
0.0121173
0.0123814
0.0125435
0.0127736
0.0131668
0.0136572
0.0140687
0.0143281
0.0145744
0.0149539
0.0154083
0.015808
0.0161522
0.0165359
0.0169951
0.0174526
0.0178558
0.0182652
0.01874
0.0192481
0.0197468
0.0202428
0.0207591
0.0212916
0.0218269
0.0223622
0.0229017
0.0234321
0.0239575
0.0245166
0.0251102
0.0257028
0.0262786
0.026874
0.0275082
0.0281583
0.0287879
0.0294199
0.0300732
0.030745
0.0314181
0.0320895
0.0327697
0.0334806
0.0342158
0.0349546
0.0357204
0.0365094
0.0373186
0.0381332
0.0389547
0.0397586
0.04058
0.0414257
0.0423231
0.0432352
0.0441518
0.0450806
0.0460325
0.046983
0.047954
0.0489535
0.0499667
0.0510084
0.052058
0.0531471
0.0542342
0.0553704
0.0565165
0.0576929
0.0588927
0.060115
0.0613806
0.0626547
0.0639574
0.065272
0.0666032
0.0679908
0.0693734
0.0707975
0.0722171
0.0736555
0.0751136
0.0765789
0.0780334
0.0794755
0.0807199
0.0816429
0.010482
0.0109969
0.0112324
0.0113975
0.0114002
0.0112443
0.0115061
0.011961
0.0117316
0.0111556
0.0111793
0.0117243
0.0121978
0.0124423
0.0125878
0.012803
0.013199
0.0137062
0.0141234
0.014373
0.0146062
0.0149845
0.0154481
0.0158467
0.0161783
0.0165573
0.0170215
0.0174824
0.017883
0.0182873
0.0187603
0.0192692
0.019766
0.0202577
0.020771
0.0213014
0.0218351
0.0223698
0.0229094
0.0234395
0.0239641
0.0245234
0.0251187
0.0257115
0.026284
0.0268765
0.0275118
0.0281638
0.0287917
0.0294204
0.0300738
0.0307482
0.0314218
0.0320919
0.0327732
0.033486
0.0342206
0.034958
0.0357236
0.0365123
0.0373199
0.0381324
0.0389534
0.0397596
0.040584
0.0414302
0.0423259
0.0432362
0.0441528
0.0450817
0.0460334
0.0469844
0.0479561
0.0489557
0.0499688
0.0510105
0.0520603
0.0531497
0.0542369
0.0553728
0.0565189
0.0576955
0.0588954
0.0601174
0.0613824
0.0626557
0.0639584
0.0652735
0.0666051
0.0679917
0.0693739
0.070798
0.0722181
0.0736573
0.075116
0.0765836
0.0780392
0.0794845
0.0807345
0.0816537
0.0103598
0.0109157
0.0111893
0.011376
0.0114837
0.0113968
0.0115957
0.0120788
0.0119624
0.0113395
0.0112454
0.0117888
0.0122893
0.0125131
0.0126328
0.0128327
0.0132299
0.0137551
0.0141799
0.0144197
0.0146404
0.0150161
0.0154886
0.015889
0.0162069
0.0165782
0.0170486
0.0175137
0.0179108
0.0183103
0.0187816
0.0192908
0.0197858
0.0202734
0.0207835
0.0213119
0.0218437
0.022378
0.0229178
0.0234473
0.0239711
0.0245304
0.0251273
0.0257205
0.0262897
0.0268791
0.0275156
0.0281697
0.0287958
0.029421
0.0300745
0.0307518
0.0314257
0.0320943
0.0327767
0.0334916
0.0342255
0.0349615
0.0357269
0.0365154
0.0373213
0.0381318
0.0389523
0.0397607
0.0405879
0.0414347
0.0423287
0.0432373
0.0441539
0.0450829
0.0460343
0.0469858
0.0479582
0.0489579
0.049971
0.0510126
0.0520627
0.0531524
0.0542396
0.0553753
0.0565213
0.0576982
0.0588982
0.06012
0.0613842
0.0626568
0.0639595
0.0652749
0.066607
0.0679926
0.0693744
0.0707987
0.0722192
0.0736592
0.0751186
0.0765885
0.0780455
0.0794938
0.0807494
0.0816652
0.0102689
0.0108527
0.0111471
0.0113381
0.011543
0.0115609
0.0117062
0.0121642
0.0121636
0.0115519
0.0113306
0.0118376
0.0123813
0.0125988
0.012683
0.0128611
0.013258
0.0138039
0.0142398
0.0144675
0.0146753
0.0150496
0.0155298
0.0159339
0.0162394
0.0165991
0.0170749
0.017547
0.0179397
0.0183335
0.018804
0.0193133
0.0198061
0.0202896
0.0207968
0.0213231
0.0218531
0.0223867
0.0229267
0.0234556
0.0239784
0.0245377
0.0251362
0.0257299
0.0262958
0.0268818
0.0275195
0.0281759
0.0288003
0.0294217
0.0300752
0.0307555
0.0314299
0.0320968
0.0327803
0.0334972
0.0342306
0.034965
0.0357302
0.0365186
0.0373229
0.0381313
0.0389514
0.0397619
0.0405917
0.0414391
0.0423315
0.0432385
0.0441551
0.0450842
0.0460353
0.0469872
0.0479604
0.0489602
0.0499733
0.0510148
0.0520652
0.0531552
0.0542424
0.0553779
0.0565238
0.057701
0.0589011
0.0601226
0.061386
0.062658
0.0639606
0.0652765
0.0666091
0.0679936
0.069375
0.0707995
0.0722203
0.0736613
0.0751213
0.0765936
0.0780522
0.0795033
0.0807648
0.0816774
0.0102001
0.0108176
0.0111198
0.0112889
0.0115684
0.0117225
0.0118476
0.0122371
0.0123205
0.0117724
0.0114498
0.0118811
0.0124608
0.0126958
0.0127463
0.0128908
0.0132801
0.0138503
0.014305
0.0145182
0.0147086
0.0150845
0.0155733
0.0159803
0.0162757
0.0166217
0.0171
0.0175813
0.0179708
0.0183567
0.0188269
0.0193373
0.0198271
0.0203063
0.0208107
0.0213351
0.0218631
0.0223961
0.0229363
0.0234645
0.023986
0.0245451
0.0251453
0.0257397
0.0263023
0.0268848
0.0275234
0.0281824
0.0288052
0.0294227
0.030076
0.0307596
0.0314345
0.0320994
0.0327839
0.033503
0.0342358
0.0349686
0.0357336
0.0365218
0.0373245
0.038131
0.0389508
0.0397632
0.0405955
0.0414435
0.0423344
0.0432397
0.0441564
0.0450856
0.0460364
0.0469888
0.0479627
0.0489626
0.0499756
0.0510172
0.0520677
0.0531581
0.0542453
0.0553806
0.0565264
0.057704
0.058904
0.0601253
0.0613879
0.0626593
0.0639618
0.065278
0.0666112
0.0679947
0.0693756
0.0708004
0.0722215
0.0736636
0.0751242
0.076599
0.0780594
0.0795131
0.0807806
0.0816902
0.0101397
0.0108101
0.0111212
0.0112442
0.011555
0.0118626
0.0120195
0.0123193
0.0124357
0.0119766
0.0116029
0.0119382
0.0125232
0.0127925
0.0128262
0.0129294
0.013296
0.0138886
0.0143757
0.0145763
0.0147391
0.0151176
0.0156209
0.016029
0.0163139
0.0166474
0.0171246
0.0176152
0.0180043
0.0183807
0.0188492
0.0193628
0.0198496
0.0203233
0.0208251
0.021348
0.021874
0.0224061
0.0229464
0.023474
0.023994
0.0245526
0.0251547
0.02575
0.0263092
0.026888
0.0275275
0.0281892
0.0288106
0.0294239
0.0300768
0.0307638
0.0314393
0.0321022
0.0327875
0.0335089
0.0342411
0.0349722
0.035737
0.0365252
0.0373264
0.0381309
0.0389504
0.0397647
0.0405991
0.0414478
0.0423373
0.043241
0.0441578
0.0450871
0.0460375
0.0469903
0.047965
0.048965
0.049978
0.0510196
0.0520705
0.0531611
0.0542482
0.0553834
0.0565291
0.057707
0.0589071
0.060128
0.0613899
0.0626607
0.0639631
0.0652797
0.0666133
0.0679958
0.0693763
0.0708015
0.0722227
0.0736661
0.0751274
0.0766046
0.078067
0.0795232
0.0807967
0.0817038
0.0100732
0.0108221
0.0111576
0.0112237
0.0115099
0.0119611
0.0122101
0.0124298
0.0125267
0.0121455
0.0117709
0.0120248
0.01258
0.012876
0.0129161
0.012986
0.0133122
0.0139129
0.0144465
0.0146472
0.0147697
0.0151438
0.0156714
0.0160833
0.0163532
0.0166752
0.0171508
0.0176483
0.0180392
0.0184066
0.0188708
0.0193887
0.0198743
0.0203409
0.0208395
0.0213615
0.0218859
0.022417
0.022957
0.023484
0.0240026
0.0245603
0.0251641
0.0257607
0.0263166
0.0268914
0.0275316
0.0281961
0.0288165
0.0294255
0.0300776
0.0307682
0.0314445
0.032105
0.032791
0.0335149
0.0342467
0.0349759
0.0357405
0.0365287
0.0373284
0.038131
0.0389502
0.0397663
0.0406027
0.041452
0.0423403
0.0432424
0.0441593
0.0450888
0.0460388
0.046992
0.0479674
0.0489676
0.0499805
0.0510221
0.0520733
0.0531641
0.0542513
0.0553863
0.0565319
0.0577102
0.0589102
0.0601308
0.061392
0.0626621
0.0639645
0.0652814
0.0666155
0.067997
0.0693771
0.0708027
0.072224
0.0736687
0.0751308
0.0766105
0.0780752
0.0795337
0.0808131
0.0817182
0.0099849
0.0108426
0.0112263
0.0112447
0.0114544
0.012003
0.0123965
0.0125784
0.0126157
0.0122766
0.0119292
0.0121411
0.0126513
0.0129436
0.0130014
0.0130624
0.0133408
0.013923
0.0145071
0.014733
0.0148087
0.0151595
0.0157197
0.0161463
0.0163954
0.0167023
0.0171794
0.017682
0.0180742
0.0184346
0.0188927
0.0194142
0.0199011
0.0203601
0.0208537
0.0213755
0.0218989
0.0224287
0.0229682
0.0234946
0.0240118
0.0245682
0.0251737
0.0257718
0.0263245
0.026895
0.0275358
0.0282033
0.0288229
0.0294274
0.0300785
0.0307728
0.0314501
0.0321081
0.0327946
0.033521
0.0342524
0.0349797
0.0357439
0.0365323
0.0373306
0.0381313
0.0389502
0.039768
0.0406062
0.0414561
0.0423434
0.043244
0.0441609
0.0450906
0.0460401
0.0469937
0.0479699
0.0489702
0.0499831
0.0510248
0.0520762
0.0531673
0.0542544
0.0553893
0.0565348
0.0577134
0.0589134
0.0601337
0.0613941
0.0626637
0.063966
0.0652832
0.0666178
0.0679982
0.0693779
0.0708041
0.0722254
0.0736716
0.0751344
0.0766166
0.0780839
0.0795445
0.0808298
0.0817332
0.00985976
0.0108576
0.0113188
0.0113146
0.0114147
0.0119881
0.012551
0.0127611
0.0127253
0.0123844
0.0120573
0.012267
0.0127534
0.0130106
0.0130683
0.0131472
0.0133935
0.0139291
0.0145467
0.0148263
0.014866
0.0151675
0.0157572
0.0162182
0.0164455
0.016727
0.0172083
0.017719
0.0181092
0.0184632
0.0189158
0.0194392
0.0199289
0.0203819
0.0208682
0.0213892
0.0219128
0.0224414
0.0229801
0.0235057
0.0240215
0.0245766
0.0251833
0.0257832
0.0263331
0.0268991
0.02754
0.0282108
0.0288297
0.0294296
0.0300795
0.0307776
0.031456
0.0321113
0.0327982
0.0335272
0.0342583
0.0349836
0.0357474
0.0365361
0.0373329
0.0381319
0.0389506
0.0397698
0.0406097
0.0414602
0.0423465
0.0432456
0.0441627
0.0450924
0.0460416
0.0469955
0.0479725
0.0489729
0.0499858
0.0510275
0.0520793
0.0531706
0.0542576
0.0553925
0.0565379
0.0577168
0.0589168
0.0601366
0.0613964
0.0626654
0.0639676
0.065285
0.0666201
0.0679995
0.0693789
0.0708058
0.0722268
0.0736746
0.0751384
0.0766228
0.0780931
0.0795556
0.0808468
0.081749
0.00968946
0.010848
0.0114241
0.0114303
0.0114148
0.0119358
0.012649
0.0129583
0.0128716
0.0124904
0.0121518
0.0123761
0.0128849
0.0131008
0.0131161
0.013221
0.0134716
0.013949
0.0145631
0.0149119
0.0149476
0.015179
0.0157763
0.0162924
0.0165098
0.0167513
0.0172332
0.01776
0.0181469
0.0184908
0.0189398
0.0194648
0.0199569
0.0204058
0.0208841
0.0214025
0.0219273
0.0224555
0.0229928
0.0235174
0.0240318
0.0245853
0.0251931
0.025795
0.0263424
0.0269035
0.0275443
0.0282185
0.0288371
0.0294322
0.0300806
0.0307827
0.0314623
0.0321146
0.0328018
0.0335335
0.0342643
0.0349876
0.0357509
0.0365399
0.0373355
0.0381327
0.0389511
0.0397718
0.0406131
0.0414642
0.0423497
0.0432473
0.0441646
0.0450945
0.0460431
0.0469974
0.0479752
0.0489757
0.0499885
0.0510304
0.0520825
0.053174
0.0542609
0.0553957
0.056541
0.0577203
0.0589202
0.0601396
0.0613987
0.0626672
0.0639693
0.0652869
0.0666224
0.0680009
0.0693799
0.0708076
0.0722284
0.0736779
0.0751428
0.0766293
0.0781029
0.0795672
0.0808641
0.0817655
0.00948149
0.0107937
0.0115261
0.0115822
0.0114693
0.0118751
0.0126796
0.0131416
0.0130567
0.0126173
0.0122277
0.0124465
0.0130215
0.0132338
0.0131653
0.0132657
0.0135588
0.0139994
0.0145699
0.0149734
0.0150461
0.015209
0.0157776
0.0163572
0.0165906
0.0167819
0.0172505
0.0178022
0.0181907
0.0185178
0.0189622
0.0194919
0.0199857
0.020431
0.0209021
0.0214158
0.0219416
0.0224709
0.0230066
0.0235297
0.0240425
0.0245943
0.0252032
0.0258069
0.0263521
0.0269085
0.0275486
0.0282265
0.0288452
0.0294351
0.0300816
0.030788
0.031469
0.0321181
0.0328053
0.0335399
0.0342706
0.0349916
0.0357544
0.0365438
0.0373383
0.0381337
0.038952
0.039774
0.0406165
0.0414682
0.0423531
0.0432491
0.0441666
0.0450966
0.0460448
0.0469994
0.047978
0.0489786
0.0499913
0.0510334
0.0520859
0.0531775
0.0542643
0.0553991
0.0565443
0.0577239
0.0589236
0.0601426
0.0614011
0.062669
0.0639711
0.0652889
0.0666248
0.0680025
0.0693809
0.0708096
0.07223
0.0736812
0.0751475
0.076636
0.0781131
0.0795792
0.0808815
0.0817826
0.00926157
0.0106841
0.0116031
0.0117562
0.0115818
0.0118351
0.0126514
0.0132824
0.0132657
0.012782
0.0123082
0.0124745
0.0131318
0.0134087
0.0132458
0.0132797
0.0136289
0.0140828
0.0145906
0.0150052
0.0151418
0.0152684
0.0157739
0.0164003
0.016682
0.016828
0.017261
0.0178396
0.0182426
0.018548
0.018981
0.0195192
0.0200167
0.0204568
0.0209217
0.0214302
0.0219554
0.0224867
0.0230217
0.0235428
0.0240538
0.0246038
0.0252135
0.0258193
0.0263624
0.0269139
0.0275531
0.0282347
0.028854
0.0294385
0.0300825
0.0307934
0.0314764
0.0321219
0.0328087
0.0335465
0.0342772
0.0349957
0.0357579
0.036548
0.0373414
0.0381349
0.0389531
0.0397763
0.0406198
0.0414721
0.0423564
0.043251
0.0441688
0.045099
0.0460465
0.0470014
0.0479808
0.0489816
0.0499943
0.0510365
0.0520893
0.0531811
0.0542677
0.0554027
0.0565477
0.0577277
0.0589272
0.0601458
0.0614035
0.062671
0.0639731
0.0652911
0.0666273
0.0680041
0.0693821
0.0708118
0.0722319
0.0736848
0.0751526
0.0766429
0.0781239
0.0795917
0.0808992
0.0818004
0.00905901
0.0105277
0.011634
0.0119326
0.0117465
0.0118396
0.0125881
0.0133623
0.013474
0.0129876
0.0124178
0.0124772
0.0131879
0.0135982
0.013384
0.0132867
0.0136574
0.0141787
0.014648
0.0150231
0.015213
0.0153512
0.0157843
0.0164181
0.0167702
0.0168957
0.0172719
0.0178665
0.0182998
0.0185862
0.0189966
0.0195436
0.0200508
0.0204846
0.0209419
0.0214463
0.0219694
0.0225022
0.0230382
0.0235572
0.0240656
0.0246134
0.025224
0.0258322
0.0263734
0.0269195
0.0275575
0.0282432
0.0288635
0.0294425
0.0300833
0.0307989
0.0314843
0.032126
0.032812
0.033553
0.034284
0.0349999
0.0357613
0.0365522
0.0373447
0.0381364
0.0389545
0.0397789
0.0406231
0.041476
0.0423599
0.043253
0.0441711
0.0451014
0.0460484
0.0470035
0.0479838
0.0489848
0.0499973
0.0510397
0.0520929
0.0531848
0.0542713
0.0554063
0.0565512
0.0577316
0.0589309
0.060149
0.0614061
0.0626732
0.0639751
0.0652933
0.0666297
0.0680059
0.0693834
0.0708142
0.0722338
0.0736885
0.0751582
0.07665
0.0781351
0.0796047
0.080917
0.0818188
0.0088963
0.0103487
0.0116097
0.0120876
0.011948
0.0119029
0.0125179
0.0133783
0.0136556
0.0132221
0.0125739
0.0124823
0.0131811
0.0137648
0.0135853
0.0133231
0.013639
0.0142548
0.0147465
0.0150562
0.0152508
0.0154344
0.0158247
0.016424
0.016839
0.0169812
0.0172941
0.0178811
0.0183556
0.0186354
0.0190129
0.0195621
0.0200863
0.0205162
0.0209622
0.0214632
0.0219847
0.0225172
0.0230552
0.0235732
0.0240782
0.0246234
0.0252346
0.0258454
0.0263851
0.0269256
0.0275619
0.0282519
0.0288739
0.0294471
0.030084
0.0308043
0.0314929
0.0321307
0.0328151
0.0335596
0.0342913
0.0350043
0.0357647
0.0365566
0.0373483
0.0381382
0.0389561
0.0397816
0.0406264
0.0414798
0.0423634
0.0432552
0.0441736
0.045104
0.0460504
0.0470057
0.0479869
0.0489881
0.0500004
0.051043
0.0520967
0.0531886
0.054275
0.0554101
0.0565549
0.0577355
0.0589347
0.0601523
0.0614088
0.0626754
0.0639773
0.0652956
0.0666322
0.0680078
0.0693849
0.0708169
0.072236
0.0736923
0.0751642
0.0766573
0.0781467
0.0796182
0.0809349
0.0818378
0.00878027
0.0101728
0.011539
0.0122019
0.0121636
0.0120275
0.0124692
0.0133415
0.0137898
0.0134645
0.0127797
0.0125187
0.0131267
0.0138717
0.0138237
0.0134241
0.0135983
0.0142799
0.0148625
0.0151321
0.0152729
0.0154917
0.0158905
0.0164406
0.0168814
0.0170701
0.0173371
0.0178893
0.0184029
0.0186944
0.0190351
0.0195746
0.0201197
0.0205528
0.0209844
0.0214796
0.0220014
0.0225325
0.0230716
0.0235907
0.0240923
0.0246335
0.0252451
0.0258591
0.0263978
0.0269321
0.027566
0.0282609
0.0288852
0.0294525
0.0300847
0.0308095
0.0315019
0.0321359
0.0328182
0.033566
0.0342988
0.0350088
0.035768
0.0365612
0.0373523
0.0381402
0.0389579
0.0397845
0.0406298
0.0414836
0.042367
0.0432574
0.0441762
0.0451068
0.0460525
0.0470079
0.04799
0.0489915
0.0500036
0.0510464
0.0521006
0.0531926
0.0542787
0.0554141
0.0565587
0.0577396
0.0589385
0.0601556
0.0614115
0.0626778
0.0639796
0.0652981
0.0666347
0.0680099
0.0693864
0.0708197
0.0722385
0.0736963
0.0751708
0.0766649
0.0781586
0.0796323
0.0809531
0.0818573
0.0087062
0.0100179
0.0114407
0.0122691
0.0123687
0.0122026
0.0124663
0.0132738
0.0138662
0.0136927
0.013024
0.0126085
0.0130564
0.0138982
0.0140573
0.0136051
0.0135752
0.0142438
0.0149592
0.0152575
0.0153129
0.0155104
0.0159546
0.016487
0.0169105
0.0171439
0.0174
0.0179022
0.0184376
0.018758
0.0190672
0.0195835
0.0201479
0.0205931
0.0210108
0.0214955
0.0220188
0.0225495
0.0230876
0.0236086
0.0241084
0.0246443
0.0252553
0.0258732
0.0264118
0.0269392
0.0275696
0.0282697
0.0288976
0.0294588
0.0300854
0.0308145
0.0315113
0.0321417
0.0328214
0.0335723
0.0343065
0.0350136
0.0357713
0.0365657
0.0373566
0.0381426
0.0389599
0.0397874
0.0406332
0.0414875
0.0423708
0.0432598
0.0441789
0.0451098
0.0460548
0.0470103
0.0479933
0.0489951
0.0500069
0.05105
0.0521047
0.0531967
0.0542826
0.0554182
0.0565627
0.0577438
0.0589425
0.0601591
0.0614144
0.0626804
0.063982
0.0653007
0.0666373
0.068012
0.0693882
0.0708226
0.0722412
0.0737004
0.0751778
0.0766728
0.078171
0.079647
0.0809713
0.0818772
0.00866914
0.00989051
0.0113329
0.0122957
0.012545
0.0124061
0.012521
0.0132019
0.0138852
0.0138862
0.0132868
0.0127599
0.0130048
0.0138511
0.0142423
0.0138482
0.0136109
0.0141687
0.0150004
0.0154074
0.0154038
0.0155112
0.0159863
0.0165592
0.0169515
0.0171932
0.0174687
0.0179309
0.0184623
0.0188193
0.0191107
0.0195927
0.0201696
0.0206343
0.0210421
0.0215119
0.0220352
0.0225681
0.0231038
0.0236257
0.0241263
0.0246566
0.0252648
0.0258872
0.026427
0.0269475
0.0275729
0.0282782
0.0289109
0.0294663
0.0300859
0.0308193
0.0315212
0.0321481
0.0328246
0.0335787
0.0343145
0.0350185
0.0357747
0.0365705
0.0373612
0.0381453
0.0389622
0.0397906
0.0406366
0.0414914
0.0423747
0.0432623
0.0441817
0.0451129
0.0460572
0.0470127
0.0479967
0.0489989
0.0500103
0.0510536
0.0521089
0.0532009
0.0542865
0.0554224
0.0565668
0.0577481
0.0589465
0.0601626
0.0614173
0.0626831
0.0639846
0.0653034
0.0666398
0.0680144
0.0693902
0.0708257
0.0722443
0.0737047
0.0751852
0.076681
0.0781835
0.0796623
0.0809898
0.0818976
0.00866774
0.00979264
0.0112275
0.0122938
0.0126862
0.0126146
0.0126292
0.0131524
0.0138581
0.0140303
0.0135467
0.0129648
0.0130024
0.01376
0.0143476
0.0141134
0.0137302
0.014094
0.0149704
0.0155416
0.0155544
0.0155322
0.015971
0.0166267
0.0170267
0.0172311
0.0175238
0.0179768
0.0184868
0.0188723
0.0191636
0.0196065
0.020185
0.0206749
0.0210784
0.0215306
0.0220507
0.0225877
0.0231216
0.0236419
0.0241447
0.0246713
0.0252744
0.0259005
0.0264434
0.0269569
0.027576
0.0282861
0.0289252
0.0294753
0.0300866
0.0308235
0.0315316
0.0321551
0.0328278
0.0335852
0.0343229
0.0350235
0.035778
0.0365753
0.0373661
0.0381483
0.0389648
0.0397939
0.04064
0.0414954
0.0423788
0.0432649
0.0441846
0.0451163
0.0460599
0.0470151
0.0480001
0.0490028
0.0500138
0.0510573
0.0521133
0.0532052
0.0542905
0.0554268
0.0565711
0.0577526
0.0589506
0.0601662
0.0614204
0.062686
0.0639873
0.0653063
0.0666424
0.0680169
0.0693925
0.0708288
0.0722477
0.0737092
0.0751931
0.0766897
0.0781963
0.0796781
0.0810084
0.0819182
0.00869778
0.0097272
0.0111302
0.0122726
0.0127947
0.0128108
0.0127757
0.0131432
0.0138056
0.0141184
0.0137829
0.0132032
0.0130646
0.0136626
0.0143665
0.0143552
0.0139283
0.0140634
0.0148868
0.0156201
0.0157382
0.0156105
0.0159294
0.0166536
0.0171327
0.0172861
0.0175545
0.018027
0.0185221
0.0189164
0.0192207
0.0196279
0.0201943
0.0207125
0.0211193
0.0215518
0.0220656
0.0226078
0.0231414
0.0236578
0.0241624
0.024688
0.0252851
0.0259131
0.0264606
0.026968
0.027579
0.028293
0.02894
0.0294858
0.0300876
0.0308271
0.0315424
0.032163
0.0328308
0.0335915
0.0343317
0.0350286
0.0357811
0.0365803
0.0373714
0.0381516
0.0389676
0.0397973
0.0406434
0.0414993
0.0423831
0.0432677
0.0441875
0.0451196
0.0460627
0.0470177
0.0480037
0.049007
0.0500174
0.0510611
0.0521178
0.0532097
0.0542947
0.0554314
0.0565755
0.0577572
0.0589548
0.06017
0.0614235
0.062689
0.0639901
0.0653093
0.0666451
0.0680194
0.0693951
0.0708321
0.0722515
0.0737138
0.0752013
0.0766989
0.0782092
0.0796945
0.0810272
0.0819391
0.00874849
0.0096952
0.0110467
0.0122381
0.0128765
0.0129877
0.0129428
0.0131794
0.013751
0.0141546
0.0139791
0.0134522
0.0131881
0.0135944
0.0143172
0.014534
0.0141728
0.0141083
0.0147882
0.0156245
0.0159136
0.0157588
0.0159036
0.0166199
0.0172356
0.0173833
0.0175738
0.0180616
0.0185717
0.0189593
0.0192761
0.0196597
0.0202
0.0207439
0.0211653
0.021576
0.0220787
0.0226282
0.0231637
0.0236744
0.0241788
0.0247056
0.0252978
0.0259251
0.0264778
0.0269809
0.0275825
0.0282993
0.0289552
0.0294978
0.0300892
0.0308301
0.0315534
0.0321719
0.0328338
0.0335976
0.0343412
0.0350341
0.035784
0.0365854
0.0373772
0.0381552
0.0389705
0.0398011
0.040647
0.0415032
0.0423874
0.0432708
0.0441906
0.0451232
0.0460656
0.0470203
0.0480074
0.0490114
0.0500211
0.0510649
0.0521225
0.0532142
0.0542989
0.055436
0.0565801
0.0577619
0.0589591
0.0601739
0.0614267
0.0626922
0.063993
0.0653124
0.0666479
0.0680221
0.0693981
0.0708354
0.0722556
0.0737188
0.0752099
0.0767085
0.0782223
0.0797114
0.0810463
0.0819601
0.00880722
0.00969009
0.0109825
0.0121955
0.0129352
0.0131446
0.0131172
0.0132558
0.0137139
0.0141529
0.0141276
0.013692
0.0133581
0.0135794
0.0142343
0.0146301
0.0144204
0.0142322
0.0147159
0.0155671
0.0160404
0.0159537
0.0159359
0.0165453
0.0172942
0.0175212
0.0176115
0.0180679
0.0186235
0.0190108
0.0193269
0.0197003
0.0202072
0.0207657
0.0212159
0.0216074
0.0220887
0.0226475
0.0231893
0.0236924
0.0241939
0.0247228
0.0253125
0.0259379
0.0264946
0.0269949
0.0275866
0.0283046
0.0289706
0.0295114
0.0300915
0.0308325
0.0315645
0.0321816
0.0328367
0.0336032
0.0343511
0.0350402
0.0357868
0.0365903
0.0373834
0.0381593
0.0389735
0.0398048
0.0406506
0.0415071
0.042392
0.043274
0.0441938
0.0451269
0.0460688
0.0470231
0.0480112
0.049016
0.0500248
0.0510688
0.0521274
0.0532191
0.0543032
0.0554408
0.0565847
0.0577667
0.0589634
0.0601779
0.0614301
0.0626956
0.0639962
0.0653156
0.0666508
0.0680248
0.0694014
0.0708388
0.0722601
0.0737242
0.0752186
0.0767187
0.0782356
0.0797286
0.0810657
0.0819814
0.0088692
0.00970221
0.0109392
0.0121514
0.012973
0.0132816
0.0132904
0.0133623
0.0137049
0.0141293
0.0142268
0.0139071
0.0135545
0.0136239
0.0141557
0.0146508
0.0146297
0.0144129
0.0147005
0.0154809
0.0160969
0.0161533
0.0160451
0.0164744
0.0172829
0.0176661
0.0176974
0.0180574
0.0186577
0.0190753
0.0193767
0.0197441
0.0202211
0.0207755
0.0212647
0.0216508
0.0220973
0.0226613
0.023219
0.0237137
0.024207
0.0247385
0.0253284
0.0259526
0.0265119
0.0270097
0.0275916
0.0283091
0.0289857
0.0295266
0.0300946
0.0308343
0.0315759
0.0321927
0.0328399
0.0336082
0.0343611
0.0350469
0.0357896
0.0365949
0.03739
0.0381639
0.0389768
0.0398088
0.0406545
0.0415111
0.0423966
0.0432774
0.0441972
0.0451306
0.0460721
0.0470258
0.0480152
0.0490209
0.0500287
0.0510726
0.0521323
0.053224
0.0543076
0.0554459
0.0565895
0.0577717
0.0589677
0.060182
0.0614335
0.0626992
0.0639996
0.0653188
0.0666539
0.0680277
0.0694052
0.0708424
0.0722648
0.07373
0.0752275
0.0767293
0.0782491
0.0797462
0.0810854
0.0820027
0.00893884
0.00972737
0.0109149
0.0121128
0.0129933
0.0133975
0.0134567
0.0134889
0.0137274
0.0140998
0.0142803
0.0140858
0.0137576
0.0137184
0.0141109
0.0146238
0.0147756
0.0146167
0.0147519
0.0154022
0.0160898
0.0163164
0.0162126
0.0164515
0.0172141
0.0177734
0.017835
0.0180606
0.0186598
0.0191436
0.0194349
0.0197873
0.0202451
0.0207781
0.0213024
0.021707
0.0221117
0.0226657
0.0232507
0.0237431
0.0242196
0.0247513
0.0253443
0.0259688
0.0265304
0.0270249
0.0275971
0.0283135
0.0290007
0.0295435
0.0300985
0.0308349
0.0315873
0.032205
0.0328432
0.0336125
0.0343714
0.0350546
0.0357929
0.0365993
0.0373967
0.0381689
0.0389802
0.0398126
0.0406584
0.0415153
0.0424014
0.0432809
0.0442006
0.0451347
0.0460757
0.0470285
0.0480192
0.0490261
0.0500326
0.0510766
0.0521374
0.053229
0.054312
0.055451
0.0565944
0.057777
0.0589723
0.0601863
0.061437
0.0627028
0.0640033
0.065322
0.0666572
0.0680305
0.0694093
0.0708461
0.0722697
0.0737363
0.0752365
0.0767404
0.0782629
0.0797639
0.0811053
0.0820242
0.0090203
0.00976773
0.0109066
0.0120826
0.0130005
0.0134899
0.0136105
0.013626
0.0137792
0.0140788
0.014298
0.014221
0.0139507
0.0138461
0.0141102
0.01458
0.014855
0.0148075
0.0148585
0.0153597
0.0160455
0.0164209
0.0164008
0.0165015
0.0171306
0.0178117
0.0179937
0.0181087
0.0186369
0.0191964
0.0195065
0.0198305
0.0202769
0.020783
0.0213232
0.0217687
0.0221413
0.0226599
0.0232749
0.0237823
0.0242353
0.0247593
0.0253593
0.0259868
0.0265513
0.0270411
0.0276019
0.0283167
0.0290156
0.0295621
0.0301037
0.0308345
0.0315986
0.0322193
0.032847
0.0336157
0.0343815
0.0350629
0.0357962
0.0366036
0.0374036
0.0381744
0.0389839
0.0398166
0.0406624
0.0415196
0.0424064
0.0432846
0.0442039
0.0451388
0.0460795
0.0470314
0.0480234
0.0490316
0.0500365
0.0510805
0.0521426
0.0532344
0.0543165
0.0554563
0.0565993
0.0577821
0.0589767
0.0601907
0.0614409
0.0627066
0.0640073
0.0653252
0.0666607
0.0680336
0.0694136
0.0708501
0.0722747
0.0737432
0.0752457
0.0767519
0.078277
0.0797819
0.0811253
0.0820457
0.00911134
0.00982591
0.0109136
0.0120609
0.0129998
0.0135595
0.0137475
0.013766
0.013855
0.0140775
0.0142945
0.0143115
0.014121
0.0139913
0.0141514
0.0145468
0.014885
0.0149585
0.0149956
0.0153644
0.0159918
0.0164673
0.016571
0.0166145
0.0170763
0.017785
0.0181305
0.0182115
0.0186166
0.0192181
0.0195852
0.0198796
0.0203103
0.0207964
0.021329
0.0218229
0.022192
0.0226552
0.0232831
0.0238278
0.0242616
0.0247626
0.0253696
0.0260064
0.026575
0.0270601
0.0276067
0.0283183
0.0290306
0.029583
0.03011
0.0308322
0.031609
0.0322358
0.0328516
0.0336176
0.0343915
0.0350722
0.0358
0.0366078
0.0374108
0.0381801
0.0389877
0.0398208
0.0406665
0.0415239
0.0424116
0.0432886
0.0442072
0.0451431
0.0460837
0.0470342
0.0480275
0.0490374
0.0500406
0.0510846
0.052148
0.0532399
0.0543211
0.0554618
0.0566044
0.0577876
0.0589813
0.0601949
0.0614447
0.0627102
0.0640116
0.0653284
0.0666643
0.0680369
0.0694181
0.0708545
0.0722799
0.0737506
0.075255
0.0767637
0.0782914
0.0797999
0.0811456
0.0820673
0.00920506
0.00990066
0.0109381
0.0120493
0.0129958
0.0136107
0.0138653
0.0139037
0.0139469
0.0140997
0.0142857
0.0143614
0.0142578
0.0141385
0.0142248
0.0145388
0.0148898
0.015063
0.015137
0.0154144
0.0159537
0.0164734
0.0166995
0.0167592
0.0170788
0.0177268
0.0182119
0.0183464
0.0186286
0.0192105
0.0196561
0.0199416
0.0203448
0.0208207
0.0213307
0.0218588
0.0222576
0.0226657
0.0232734
0.0238676
0.0243044
0.0247677
0.0253707
0.026025
0.0266019
0.0270815
0.0276118
0.0283168
0.0290449
0.0296075
0.0301184
0.0308279
0.0316182
0.0322546
0.0328578
0.0336181
0.0344009
0.0350825
0.0358041
0.0366118
0.0374184
0.038186
0.0389915
0.0398252
0.040671
0.0415282
0.0424171
0.0432929
0.0442103
0.0451473
0.0460882
0.0470373
0.0480317
0.0490433
0.0500449
0.0510887
0.0521534
0.0532456
0.0543257
0.0554673
0.0566095
0.057793
0.0589863
0.0601994
0.0614492
0.062714
0.0640162
0.0653315
0.066668
0.0680404
0.0694227
0.0708592
0.0722852
0.0737585
0.0752645
0.0767757
0.0783064
0.079818
0.0811658
0.0820888
0.00929613
0.00998715
0.0109818
0.0120514
0.0129918
0.013647
0.0139626
0.0140334
0.0140481
0.014142
0.0142854
0.014383
0.0143556
0.0142725
0.0143168
0.0145574
0.0148892
0.015129
0.0152608
0.0154949
0.0159452
0.0164616
0.0167837
0.0169044
0.017138
0.0176769
0.0182333
0.018477
0.0186852
0.0191921
0.0197021
0.0200121
0.0203813
0.0208497
0.0213377
0.0218748
0.0223226
0.0227015
0.0232567
0.0238875
0.0243592
0.0247856
0.0253627
0.026038
0.0266339
0.0271079
0.0276183
0.0283116
0.0290563
0.0296357
0.0301299
0.0308209
0.0316253
0.0322757
0.032866
0.0336173
0.0344092
0.035094
0.0358089
0.0366153
0.0374263
0.0381925
0.0389951
0.0398295
0.0406758
0.0415324
0.0424226
0.0432977
0.0442135
0.0451516
0.0460929
0.0470405
0.0480361
0.0490497
0.0500485
0.0510928
0.0521589
0.0532513
0.0543304
0.0554729
0.056615
0.0577984
0.0589912
0.0602034
0.0614536
0.0627179
0.0640212
0.0653349
0.0666719
0.0680445
0.0694273
0.0708644
0.0722906
0.0737668
0.0752742
0.0767877
0.0783216
0.0798361
0.081186
0.0821103
0.00938279
0.0100802
0.0110436
0.0120702
0.0129912
0.0136705
0.014038
0.0141484
0.014152
0.0141975
0.0142987
0.0143921
0.0144167
0.0143811
0.0144127
0.0145976
0.0148938
0.0151697
0.0153567
0.0155847
0.0159668
0.0164487
0.0168317
0.0170264
0.0172312
0.0176633
0.0182173
0.0185737
0.0187768
0.0191886
0.0197221
0.020082
0.0204255
0.0208794
0.0213535
0.021879
0.0223731
0.0227599
0.023252
0.023884
0.0244114
0.0248246
0.0253531
0.0260369
0.0266671
0.0271418
0.0276271
0.0283031
0.029064
0.0296672
0.0301465
0.0308117
0.0316285
0.0322989
0.0328773
0.0336154
0.0344159
0.0351064
0.0358143
0.0366182
0.0374344
0.0381998
0.0389986
0.0398337
0.0406809
0.0415368
0.0424281
0.0433026
0.0442163
0.0451559
0.0460979
0.0470439
0.0480404
0.0490561
0.0500524
0.0510972
0.0521648
0.0532574
0.0543353
0.0554783
0.0566205
0.0578037
0.0589966
0.0602077
0.0614583
0.0627217
0.0640259
0.0653383
0.0666755
0.068049
0.0694319
0.0708699
0.0722965
0.0737754
0.0752844
0.0767998
0.0783372
0.0798543
0.0812059
0.0821317
0.00946569
0.0101744
0.0111182
0.0121059
0.0129977
0.013684
0.0140912
0.0142428
0.0142508
0.0142595
0.0143226
0.0144
0.0144503
0.0144596
0.0144996
0.0146507
0.0149085
0.0151967
0.0154282
0.0156691
0.0160117
0.016449
0.0168587
0.01712
0.0173343
0.0176914
0.0181949
0.0186261
0.018878
0.0192137
0.0197263
0.0201406
0.0204794
0.0209116
0.0213768
0.0218817
0.0224027
0.0228229
0.0232693
0.0238673
0.0244443
0.0248813
0.0253577
0.0260208
0.0266933
0.0271864
0.0276412
0.0282899
0.0290662
0.029701
0.03017
0.0308017
0.0316265
0.032323
0.032892
0.0336128
0.034421
0.0351199
0.0358208
0.0366203
0.0374424
0.0382081
0.0390022
0.0398375
0.0406862
0.0415414
0.0424337
0.0433081
0.0442189
0.0451601
0.046103
0.0470474
0.048045
0.0490629
0.050056
0.0511013
0.0521706
0.0532634
0.0543406
0.055484
0.0566265
0.0578092
0.0590021
0.0602119
0.0614633
0.062726
0.064031
0.065342
0.066679
0.0680539
0.0694364
0.0708753
0.0723025
0.073784
0.0752948
0.0768119
0.0783529
0.0798727
0.0812258
0.0821529
0.00954505
0.0102666
0.0111988
0.0121557
0.0130151
0.0136932
0.0141249
0.0143141
0.0143383
0.0143232
0.014352
0.0144112
0.0144695
0.014512
0.0145715
0.0147094
0.0149362
0.0152188
0.0154815
0.0157402
0.0160658
0.0164652
0.0168756
0.0171877
0.017428
0.0177464
0.0181886
0.0186446
0.0189648
0.0192643
0.0197277
0.0201805
0.0205357
0.0209474
0.021405
0.0218907
0.0224202
0.0228798
0.0233081
0.0238561
0.0244512
0.0249367
0.0253855
0.0259988
0.0267006
0.0272382
0.0276681
0.0282727
0.0290598
0.0297356
0.0302013
0.0307926
0.0316188
0.0323472
0.0329111
0.0336101
0.0344243
0.0351342
0.0358283
0.0366216
0.03745
0.0382175
0.0390062
0.0398412
0.0406915
0.041546
0.0424395
0.0433138
0.0442213
0.0451645
0.0461086
0.0470511
0.0480496
0.0490697
0.0500591
0.0511057
0.0521768
0.0532692
0.0543457
0.055489
0.0566324
0.0578143
0.0590076
0.0602161
0.0614682
0.0627304
0.0640359
0.0653463
0.0666827
0.0680595
0.0694413
0.0708812
0.0723092
0.0737928
0.0753054
0.076824
0.0783686
0.0798909
0.0812452
0.0821737
0.00962364
0.0103578
0.011282
0.0122148
0.0130433
0.0137033
0.0141431
0.0143597
0.0144058
0.0143809
0.0143804
0.0144204
0.0144785
0.0145418
0.0146231
0.0147624
0.0149721
0.0152414
0.0155221
0.015799
0.0161193
0.0164945
0.0168911
0.0172355
0.0175052
0.0178096
0.0182051
0.018649
0.0190257
0.0193291
0.0197397
0.0202057
0.0205888
0.0209868
0.0214356
0.0219052
0.0224305
0.0229235
0.0233567
0.0238637
0.0244471
0.0249768
0.0254345
0.0259894
0.0266851
0.0272841
0.0277135
0.0282574
0.0290404
0.0297679
0.0302418
0.0307865
0.0316039
0.0323691
0.0329342
0.0336079
0.0344253
0.0351493
0.0358373
0.0366221
0.0374565
0.0382275
0.0390107
0.0398448
0.0406967
0.0415506
0.0424455
0.0433201
0.0442232
0.0451685
0.0461144
0.0470548
0.0480544
0.0490767
0.0500683
0.0511102
0.0521831
0.0532753
0.0543515
0.0554944
0.0566386
0.0578198
0.0590132
0.0602207
0.0614732
0.0627351
0.0640405
0.0653503
0.066686
0.0680649
0.0694461
0.0708869
0.0723164
0.0738018
0.0753164
0.0768364
0.0783847
0.0799094
0.0812645
0.0821945
0.00970183
0.0104504
0.0113671
0.0122778
0.0130779
0.0137144
0.0141498
0.0143798
0.0144461
0.0144227
0.0144011
0.0144215
0.0144761
0.0145528
0.0146536
0.0148031
0.0150094
0.0152686
0.0155562
0.0158488
0.0161689
0.0165314
0.0169122
0.0172714
0.0175688
0.0178706
0.0182371
0.0186546
0.0190597
0.0193907
0.0197646
0.0202223
0.0206344
0.0210289
0.0214692
0.0219276
0.0224397
0.0229538
0.0234033
0.0238848
0.0244441
0.0249955
0.0254855
0.0260058
0.02666
0.0273102
0.0277764
0.028257
0.029007
0.0297916
0.0302935
0.0307878
0.0315824
0.0323869
0.0329617
0.0336071
0.0344234
0.0351649
0.0358481
0.0366216
0.0374617
0.0382382
0.0390158
0.0398486
0.0407015
0.0415546
0.0424515
0.0433269
0.044225
0.0451726
0.0461208
0.0470587
0.048059
0.049083
0.0500679
0.0511142
0.0521891
0.0532809
0.0543573
0.0554997
0.0566448
0.0578251
0.0590185
0.0602252
0.061478
0.0627401
0.0640452
0.065355
0.0666899
0.0680707
0.0694511
0.0708923
0.0723238
0.0738103
0.0753268
0.0768485
0.0783999
0.0799272
0.0812832
0.0822142
0.00978489
0.010542
0.011452
0.0123384
0.0131096
0.0137199
0.0141427
0.0143751
0.0144549
0.01444
0.0144076
0.0144122
0.0144616
0.0145487
0.0146663
0.0148303
0.0150432
0.0152993
0.0155887
0.0158921
0.0162139
0.0165684
0.0169375
0.0172999
0.0176204
0.0179274
0.0182774
0.0186703
0.0190786
0.0194396
0.0197994
0.0202366
0.0206692
0.0210692
0.0215016
0.0219546
0.0224511
0.0229726
0.0234445
0.023915
0.0244508
0.0250037
0.0255218
0.0260396
0.026642
0.0273078
0.0278394
0.0282817
0.0289651
0.0297966
0.030354
0.0308019
0.0315555
0.0323984
0.0329943
0.0336104
0.0344192
0.0351811
0.0358624
0.0366208
0.0374656
0.0382498
0.0390223
0.0398532
0.0407069
0.0415584
0.0424573
0.0433345
0.0442265
0.045176
0.0461276
0.0470629
0.0480637
0.0490889
0.0500757
0.0511193
0.0521956
0.053287
0.0543636
0.0555053
0.0566511
0.0578309
0.059024
0.0602307
0.0614834
0.0627456
0.0640497
0.0653596
0.066694
0.0680768
0.069457
0.0708984
0.0723324
0.0738199
0.075338
0.0768615
0.078416
0.0799454
0.0813019
0.0822342
0.00988186
0.0106431
0.011545
0.0124054
0.0131394
0.013717
0.014116
0.014339
0.0144215
0.0144159
0.0143831
0.0143813
0.0144292
0.0145265
0.0146626
0.0148439
0.0150709
0.0153322
0.0156237
0.0159332
0.0162561
0.0166028
0.0169616
0.0173218
0.0176584
0.0179755
0.0183173
0.0186928
0.0190913
0.0194727
0.0198383
0.0202565
0.0206978
0.0211096
0.0215364
0.0219858
0.0224677
0.022983
0.0234769
0.0239482
0.0244644
0.0250123
0.0255439
0.0260768
0.0266444
0.0272881
0.0278836
0.0283322
0.0289275
0.0297727
0.0304143
0.0308325
0.0315225
0.0323964
0.0330271
0.0336164
0.0344098
0.0351942
0.0358787
0.0366183
0.0374653
0.0382604
0.0390287
0.0398574
0.0407122
0.0415613
0.0424611
0.0433432
0.0442285
0.045179
0.0461345
0.0470675
0.048068
0.0490946
0.0500789
0.0511235
0.0522003
0.0532922
0.0543694
0.0555107
0.0566569
0.0578359
0.0590282
0.0602353
0.061488
0.0627503
0.0640538
0.0653639
0.0666979
0.0680817
0.0694616
0.0709031
0.0723398
0.0738281
0.0753476
0.0768733
0.0784304
0.0799624
0.0813196
0.0822525
0.00998441
0.0107402
0.0116318
0.0124701
0.0131796
0.0137204
0.0140892
0.0142904
0.0143635
0.0143608
0.0143334
0.0143332
0.0143853
0.0144933
0.0146506
0.0148529
0.0150986
0.0153717
0.0156666
0.0159784
0.0162997
0.0166383
0.0169871
0.0173436
0.0176905
0.0180191
0.0183585
0.018721
0.0191056
0.0194958
0.0198756
0.0202834
0.0207224
0.0211474
0.0215738
0.0220199
0.0224924
0.0229937
0.0235031
0.0239852
0.0244846
0.0250266
0.0255598
0.0261057
0.0266685
0.027273
0.027902
0.028403
0.0289204
0.0297266
0.0304672
0.0308925
0.0314977
0.0323833
0.0330645
0.0336334
0.0344009
0.0352072
0.0359013
0.0366191
0.0374638
0.0382723
0.0390382
0.0398634
0.0407188
0.0415658
0.0424794
0.0433532
0.0442311
0.0451813
0.0461415
0.047073
0.0480722
0.0490991
0.0500867
0.05113
0.052206
0.0532983
0.0543764
0.0555171
0.0566634
0.0578421
0.0590339
0.0602418
0.0614941
0.062756
0.0640586
0.0653691
0.0667034
0.0680883
0.0694683
0.0709098
0.0723491
0.073838
0.0753584
0.0768865
0.0784461
0.0799796
0.0813373
0.0822715
0.0101471
0.0108618
0.0117046
0.0124815
0.0131204
0.0136065
0.0139205
0.014111
0.0141823
0.0141905
0.0141856
0.0142071
0.0142813
0.0144139
0.0146035
0.0148362
0.015104
0.0153937
0.0156938
0.0160063
0.0163243
0.0166554
0.0169962
0.0173485
0.0177031
0.0180431
0.0183865
0.0187428
0.0191157
0.0195077
0.0199007
0.0203076
0.0207404
0.0211743
0.0216055
0.0220464
0.0225137
0.0230008
0.0235145
0.0240157
0.0245059
0.0250402
0.0255741
0.0261174
0.0266925
0.0272703
0.0278876
0.0284583
0.0289437
0.0296607
0.0304794
0.0309676
0.0314839
0.0323469
0.0330924
0.0336565
0.0343873
0.0352121
0.035924
0.0366196
0.0374569
0.0382795
0.0390466
0.0398685
0.0407246
0.0415682
0.0424807
0.0433621
0.0442347
0.0451831
0.0461474
0.047079
0.0480757
0.0491034
0.0500922
0.0511354
0.0522094
0.0533033
0.0543828
0.0555233
0.0566689
0.0578465
0.0590375
0.0602467
0.0614989
0.0627603
0.0640625
0.0653729
0.0667072
0.0680924
0.0694725
0.0709145
0.0723566
0.0738465
0.0753676
0.0768982
0.07846
0.0799955
0.0813538
0.0822884
0.0104031
0.0110892
0.0118913
0.0126101
0.0131766
0.0135769
0.0138168
0.0139102
0.0139529
0.0139802
0.0140198
0.0140894
0.0142051
0.0143742
0.014595
0.0148526
0.0151308
0.0154269
0.0157268
0.0160351
0.0163482
0.0166715
0.017007
0.0173537
0.0177128
0.018063
0.0184134
0.018771
0.0191375
0.0195271
0.0199259
0.020336
0.0207659
0.0212039
0.0216422
0.0220795
0.0225407
0.0230191
0.0235254
0.024042
0.0245347
0.0250562
0.0255964
0.0261301
0.0267108
0.0272945
0.0278759
0.0284921
0.0290066
0.0296215
0.030455
0.03105
0.0315082
0.0323005
0.0331081
0.0336931
0.0343785
0.0352121
0.0359505
0.0366273
0.0374505
0.0382858
0.0390577
0.0398765
0.0407313
0.0415729
0.0424815
0.0433695
0.0442392
0.0451847
0.0461529
0.0470864
0.0480792
0.0491062
0.0501002
0.0511425
0.0522131
0.0533084
0.0543894
0.0555296
0.0566751
0.0578518
0.0590428
0.0602535
0.0615052
0.0627652
0.064067
0.0653784
0.0667133
0.0680988
0.069479
0.070921
0.0723651
0.0738556
0.075377
0.0769103
0.0784745
0.0800109
0.0813699
0.0823057
0.0105633
0.0110571
0.0116588
0.0122111
0.0126613
0.0130109
0.0132839
0.0134831
0.0135881
0.0136847
0.013821
0.0139873
0.0141728
0.0143842
0.0146218
0.0148849
0.01516
0.0154499
0.0157441
0.0160444
0.0163535
0.0166713
0.017005
0.0173477
0.0177079
0.0180685
0.0184271
0.0187916
0.0191588
0.0195459
0.0199434
0.0203537
0.0207843
0.0212233
0.0216665
0.0221047
0.0225598
0.0230363
0.0235348
0.0240557
0.0245627
0.0250722
0.0256142
0.0261444
0.0267099
0.0273139
0.0278739
0.0284905
0.0290656
0.0296158
0.0303979
0.031104
0.0315665
0.032259
0.0331012
0.0337374
0.0343788
0.035203
0.0359742
0.0366406
0.0374426
0.0382857
0.0390664
0.0398831
0.0407361
0.041562
0.0424792
0.0433761
0.0442453
0.0451852
0.0461568
0.047094
0.0480814
0.0491072
0.0501077
0.0511494
0.0522161
0.0533147
0.0543978
0.0555369
0.0566815
0.0578564
0.059047
0.0602593
0.061511
0.0627695
0.0640711
0.0653826
0.0667175
0.0681029
0.0694834
0.0709269
0.0723733
0.0738648
0.0753864
0.0769219
0.0784881
0.0800255
0.0813851
0.082321
0.0122481
0.012151
0.0119699
0.0118543
0.0118478
0.0119574
0.0121611
0.0124476
0.0128269
0.0132229
0.0135783
0.0138944
0.0141761
0.0144354
0.0146801
0.0149298
0.0151912
0.0154663
0.0157511
0.0160423
0.0163477
0.0166636
0.0169962
0.0173383
0.0176947
0.0180634
0.018429
0.0188011
0.0191757
0.019563
0.0199607
0.0203702
0.0208044
0.0212448
0.0216893
0.0221311
0.0225801
0.0230533
0.023546
0.0240616
0.0245831
0.0250915
0.0256276
0.0261632
0.0267102
0.0273229
0.0278897
0.0284837
0.0291049
0.0296437
0.0303381
0.0311128
0.0316386
0.0322347
0.0330668
0.0337718
0.0343884
0.0351846
0.0359882
0.0366602
0.0374374
0.0382817
0.0390747
0.039891
0.0407441
0.0415692
0.0424757
0.0433805
0.0442536
0.0451858
0.04616
0.0471039
0.048084
0.0491089
0.0501176
0.0511553
0.0522158
0.0533179
0.0544038
0.0555415
0.0566857
0.0578598
0.059051
0.060265
0.0615157
0.0627727
0.0640744
0.0653874
0.0667228
0.068108
0.0694884
0.0709321
0.0723799
0.0738717
0.0753938
0.0769319
0.0785003
0.0800384
0.0813987
0.082336
0.0120352
0.0117783
0.0114238
0.01119
0.0111282
0.0112557
0.0115666
0.0120134
0.0125115
0.0129868
0.0134132
0.0137932
0.0141283
0.0144244
0.0146915
0.01495
0.0152139
0.0154863
0.0157672
0.0160561
0.0163573
0.0166734
0.0170034
0.0173445
0.0176947
0.0180621
0.0184321
0.018807
0.0191901
0.0195766
0.0199766
0.0203864
0.0208211
0.0212635
0.0217059
0.0221553
0.0226027
0.0230729
0.0235646
0.0240728
0.0246034
0.0251171
0.0256426
0.0261817
0.0267185
0.027321
0.0279095
0.0284885
0.0291216
0.0296915
0.0303107
0.031091
0.0317145
0.0322564
0.0330324
0.0337999
0.0344204
0.0351723
0.0359957
0.0366875
0.037439
0.0382752
0.0390807
0.0398965
0.0407525
0.0415774
0.0424712
0.0433825
0.0442637
0.0451857
0.0461606
0.0471131
0.0480859
0.0491085
0.0501295
0.0511645
0.0522179
0.0533258
0.0544159
0.0555508
0.0566924
0.0578654
0.0590573
0.0602728
0.0615224
0.0627776
0.0640796
0.0653924
0.0667273
0.0681123
0.0694932
0.0709389
0.0723884
0.0738812
0.0754032
0.076943
0.0785131
0.0800511
0.0814121
0.0823496
0.0128279
0.0125337
0.012135
0.0117823
0.0115719
0.0115317
0.0116556
0.0119051
0.0122349
0.0126181
0.0130241
0.0134298
0.0138166
0.0141808
0.0145176
0.0148391
0.0151503
0.015458
0.0157604
0.0160627
0.0163683
0.0166852
0.0170127
0.0173483
0.0176919
0.0180489
0.0184188
0.0187923
0.0191814
0.0195739
0.0199806
0.0203996
0.0208303
0.0212743
0.021714
0.0221678
0.0226189
0.0230819
0.0235749
0.0240768
0.0246091
0.0251315
0.0256489
0.0261902
0.0267267
0.0273119
0.0279159
0.0284989
0.0291193
0.0297229
0.0303085
0.03104
0.0317433
0.0322948
0.0329902
0.0337908
0.0344508
0.0351558
0.0359842
0.0367125
0.0374424
0.0382674
0.0390853
0.0398987
0.0407621
0.0415883
0.042464
0.0433825
0.0442743
0.0451855
0.0461624
0.0471247
0.0480862
0.0491071
0.0501405
0.0511699
0.0522131
0.0533263
0.0544222
0.0555546
0.0566934
0.0578665
0.0590606
0.0602776
0.0615251
0.062779
0.0640821
0.0653964
0.0667314
0.068116
0.069497
0.0709428
0.0723931
0.073886
0.0754086
0.0769504
0.0785223
0.080061
0.0814226
0.0823613
0.0108232
0.0111466
0.0115517
0.011913
0.0121988
0.0123853
0.0124778
0.0125441
0.012637
0.0127945
0.0130266
0.013327
0.0136704
0.01404
0.014412
0.014774
0.0151188
0.0154514
0.0157731
0.0160868
0.0164
0.0167162
0.0170414
0.0173718
0.0177087
0.018054
0.018415
0.0187871
0.0191753
0.0195781
0.0199929
0.0204213
0.020848
0.0212846
0.0217279
0.02218
0.0226403
0.0230998
0.0235921
0.0240959
0.0246188
0.0251498
0.0256607
0.0261989
0.0267432
0.0273101
0.0279195
0.0285161
0.0291219
0.0297424
0.0303347
0.0310157
0.0317441
0.0323568
0.0329916
0.0337713
0.0344932
0.0351627
0.0359652
0.0367406
0.0374531
0.0382581
0.0390925
0.0398949
0.0407688
0.0416061
0.0424555
0.0433791
0.044288
0.0451829
0.0461624
0.0471364
0.048085
0.0491047
0.0501558
0.0511818
0.0522147
0.053334
0.0544363
0.0555665
0.0567004
0.0578718
0.0590678
0.0602865
0.0615318
0.0627832
0.0640871
0.065401
0.0667355
0.0681196
0.0695011
0.0709494
0.0724006
0.0738946
0.0754168
0.07696
0.0785331
0.0800712
0.0814334
0.0823724
0.0128365
0.012503
0.0120208
0.0115769
0.0112565
0.0111082
0.011162
0.0113847
0.0117324
0.0121616
0.0126233
0.0130895
0.0135413
0.0139707
0.0143735
0.0147492
0.0151025
0.0154363
0.0157588
0.016074
0.0163896
0.0167079
0.0170318
0.0173629
0.0176972
0.0180403
0.0183951
0.0187691
0.0191599
0.0195706
0.019997
0.0204289
0.0208575
0.0212843
0.0217312
0.0221831
0.0226446
0.0231098
0.0235952
0.0241068
0.0246214
0.025154
0.0256692
0.0261977
0.0267546
0.0273111
0.0279161
0.0285268
0.0291233
0.0297457
0.0303512
0.0310097
0.031718
0.0323787
0.0330106
0.0337372
0.0345048
0.0351815
0.0359376
0.0367541
0.0374706
0.0382458
0.0391007
0.0398925
0.0407652
0.0416274
0.0424498
0.0433674
0.0443028
0.0451842
0.0461574
0.0471504
0.0480863
0.049096
0.0501647
0.0511895
0.0522091
0.0533315
0.0544403
0.05557
0.0567014
0.0578715
0.059069
0.0602903
0.0615344
0.062784
0.0640889
0.065404
0.0667386
0.0681223
0.0695034
0.0709516
0.0724034
0.0738975
0.0754198
0.0769642
0.0785388
0.0800773
0.0814401
0.0823798
0.0122454
0.0118104
0.0112469
0.0107871
0.0105262
0.0104869
0.0106524
0.0109938
0.0114574
0.0119859
0.0125277
0.013051
0.0135399
0.0139882
0.0143975
0.0147718
0.0151186
0.0154445
0.0157593
0.016072
0.0163854
0.0167043
0.0170271
0.0173579
0.0176912
0.0180333
0.0183866
0.0187598
0.0191544
0.019567
0.0199991
0.0204309
0.02086
0.0212847
0.0217302
0.0221859
0.0226448
0.0231155
0.023599
0.0241114
0.024627
0.0251533
0.0256735
0.0261956
0.0267539
0.0273121
0.0279093
0.028527
0.029123
0.0297443
0.0303578
0.0310174
0.0317139
0.0323827
0.0330348
0.0337364
0.0345031
0.035203
0.0359316
0.0367518
0.0374872
0.0382411
0.0391017
0.0398986
0.0407602
0.0416371
0.0424555
0.0433519
0.0443069
0.0451895
0.0461524
0.0471563
0.0480955
0.0490945
0.0501711
0.0512047
0.0522174
0.053339
0.0544518
0.0555817
0.0567108
0.0578791
0.0590756
0.0602974
0.0615415
0.0627889
0.0640932
0.0654074
0.0667418
0.0681257
0.0695071
0.070957
0.0724091
0.0739049
0.0754265
0.0769711
0.0785462
0.0800845
0.0814482
0.0823887
)
;

boundaryField
{
    ZeroGradientPlanes
    {
        type            zeroGradient;
    }
    inlet
    {
        type            zeroGradient;
    }
    plate
    {
        type            zeroGradient;
    }
    frontAndBack
    {
        type            empty;
    }
}


// ************************************************************************* //
