/*--------------------------------*- C++ -*----------------------------------*\
| =========                 |                                                 |
| \\      /  F ield         | OpenFOAM: The Open Source CFD Toolbox           |
|  \\    /   O peration     | Version:  2506                                  |
|   \\  /    A nd           | Website:  www.openfoam.com                      |
|    \\/     M anipulation  |                                                 |
\*---------------------------------------------------------------------------*/
FoamFile
{
    version     2.0;
    format      ascii;
    arch        "LSB;label=32;scalar=64";
    class       volScalarField;
    location    "7.75";
    object      p;
}
// * * * * * * * * * * * * * * * * * * * * * * * * * * * * * * * * * * * * * //

dimensions      [0 2 -2 0 0 0 0];

internalField   nonuniform List<scalar> 
9600
(
-1.50492e-10
0.00653877
0.0105302
0.00532066
0.00490775
0.0127205
0.0113423
0.0105519
0.0140801
0.0155003
0.0134017
0.0138808
0.0150518
0.0155941
0.0155129
0.0167761
0.0173142
0.0184733
0.0209545
0.0236156
7.09114e-06
0.00651482
0.0105175
0.00534425
0.00493031
0.0126652
0.0113404
0.0105558
0.0140636
0.0155043
0.013406
0.0138844
0.0150475
0.0155964
0.0155276
0.0167719
0.01732
0.0184526
0.0209493
0.0232463
7.41311e-06
0.00648267
0.0105184
0.00536099
0.00493189
0.0125951
0.0113477
0.0105615
0.0140494
0.0155124
0.0134109
0.0138892
0.015046
0.0156059
0.0155463
0.0167605
0.0173231
0.0184188
0.0209134
0.022829
1.09546e-06
0.00647225
0.0105289
0.00537458
0.00492544
0.0125289
0.0113616
0.0105727
0.0140437
0.0155084
0.0134126
0.0138953
0.0150472
0.0156122
0.0155601
0.0167462
0.017321
0.0183802
0.0208537
0.0224472
-6.12762e-06
0.00648839
0.010541
0.00539137
0.00492113
0.0124685
0.0113794
0.0105902
0.014045
0.0154862
0.0134129
0.0139005
0.0150455
0.015612
0.0155725
0.0167287
0.0173191
0.0183317
0.02078
0.0221065
-8.62343e-06
0.00652622
0.0105468
0.0054156
0.00492562
0.0124147
0.0113992
0.0106115
0.0140452
0.0154486
0.0134133
0.0139021
0.0150406
0.0156088
0.0155859
0.0167074
0.0173173
0.0182739
0.0206941
0.0217928
-8.19577e-07
0.00657847
0.0105488
0.00544926
0.00494399
0.0123682
0.0114173
0.010634
0.014044
0.0154018
0.0134131
0.0139007
0.0150351
0.0156051
0.0155997
0.0166823
0.0173152
0.0182099
0.0205929
0.0214987
2.22601e-05
0.00663674
0.0105204
0.00549225
0.00497906
0.012327
0.01143
0.0106567
0.0140413
0.0153514
0.0134118
0.0138978
0.0150305
0.0156012
0.0156137
0.0166539
0.0173117
0.0181412
0.0204731
0.0212214
6.35946e-05
0.00669381
0.010476
0.0055429
0.0050316
0.0122891
0.0114365
0.0106793
0.014038
0.0153006
0.0134096
0.0138942
0.0150267
0.0155969
0.0156278
0.0166226
0.0173046
0.0180682
0.0203336
0.0209596
0.000123547
0.00674651
0.0104212
0.0055984
0.00510125
0.0122537
0.0114382
0.0107009
0.0140343
0.0152507
0.0134063
0.0138899
0.0150235
0.0155923
0.0156415
0.0165888
0.0172919
0.0179914
0.0201752
0.0207116
0.000200096
0.00679511
0.0103619
0.00565574
0.00518686
0.0122205
0.011437
0.0107205
0.0140301
0.0152022
0.0134019
0.0138849
0.0150211
0.0155872
0.0156548
0.0165533
0.0172715
0.0179114
0.0200001
0.0204741
0.000289907
0.00684105
0.010302
0.00571279
0.00528615
0.0121887
0.0114348
0.0107377
0.0140252
0.015155
0.0133963
0.013879
0.0150193
0.015582
0.015667
0.0165166
0.0172425
0.0178282
0.0198108
0.0202441
0.000389576
0.00688557
0.010243
0.00576852
0.00539591
0.0121569
0.0114326
0.0107526
0.0140193
0.0151091
0.0133894
0.0138719
0.0150181
0.0155767
0.0156776
0.0164793
0.0172047
0.0177411
0.0196096
0.0200194
0.00049647
0.00692934
0.0101849
0.00582262
0.00551291
0.0121238
0.0114311
0.0107656
0.0140124
0.0150649
0.0133808
0.0138634
0.0150172
0.0155717
0.0156857
0.0164408
0.0171584
0.017649
0.0193989
0.0197988
0.000608974
0.00697259
0.0101275
0.00587509
0.00563458
0.0120887
0.0114306
0.0107772
0.0140043
0.0150228
0.0133703
0.0138533
0.0150159
0.0155673
0.015691
0.0163999
0.017104
0.0175517
0.0191805
0.019581
0.000726298
0.00701531
0.0100705
0.00592613
0.00575932
0.0120517
0.0114314
0.0107879
0.013995
0.0149831
0.0133578
0.0138413
0.0150141
0.0155633
0.0156934
0.0163555
0.017042
0.0174496
0.0189556
0.0193642
0.000848144
0.00705749
0.010014
0.00597604
0.00588632
0.0120133
0.0114335
0.010798
0.0139842
0.0149462
0.0133431
0.0138274
0.0150116
0.0155596
0.0156933
0.0163063
0.0169725
0.0173432
0.0187252
0.0191468
0.000974433
0.00709916
0.00995823
0.00602516
0.00601518
0.0119742
0.0114371
0.0108077
0.0139713
0.0149125
0.0133261
0.0138116
0.0150085
0.0155553
0.0156911
0.0162521
0.0168947
0.0172329
0.0184906
0.0189274
0.00110518
0.00714034
0.00990374
0.00607392
0.00614553
0.0119349
0.0114422
0.0108174
0.0139558
0.014882
0.0133069
0.0137937
0.0150052
0.0155497
0.0156873
0.0161931
0.0168073
0.0171196
0.0182542
0.018705
0.00124042
0.00718102
0.00985099
0.00612274
0.00627691
0.0118961
0.0114485
0.0108271
0.0139372
0.0148551
0.0132856
0.0137732
0.0150023
0.0155418
0.0156816
0.0161298
0.0167096
0.0170039
0.018018
0.0184784
0.0013802
0.00722116
0.00980045
0.0061721
0.00640876
0.0118582
0.0114561
0.0108372
0.013915
0.0148318
0.0132627
0.0137496
0.0150003
0.0155313
0.015673
0.016063
0.0166015
0.0168857
0.017784
0.0182459
0.00152459
0.00726069
0.00975258
0.00622243
0.00654041
0.0118214
0.0114647
0.0108478
0.013889
0.0148122
0.0132389
0.0137221
0.0149998
0.015518
0.0156603
0.0159939
0.016483
0.0167641
0.0175546
0.0180065
0.00167363
0.00729957
0.00970772
0.00627408
0.00667121
0.0117862
0.0114742
0.0108592
0.0138589
0.0147959
0.0132149
0.0136899
0.0150008
0.0155024
0.0156416
0.0159234
0.0163546
0.0166374
0.0173333
0.0177606
0.00182733
0.00733775
0.00966612
0.00632747
0.00680046
0.0117529
0.0114844
0.0108714
0.0138246
0.0147825
0.0131917
0.0136523
0.0150031
0.0154854
0.0156155
0.0158517
0.0162172
0.0165036
0.0171234
0.0175105
0.00198573
0.00737522
0.00962797
0.00638301
0.00692756
0.0117214
0.0114954
0.0108845
0.0137862
0.0147716
0.01317
0.0136087
0.0150062
0.0154682
0.0155806
0.0157785
0.0160727
0.0163603
0.0169267
0.0172618
0.00214884
0.007412
0.00959339
0.00644116
0.00705192
0.011692
0.0115072
0.0108982
0.0137441
0.0147625
0.0131504
0.0135587
0.0150093
0.015452
0.0155355
0.0157032
0.015924
0.0162049
0.016742
0.0170235
0.00231661
0.00744819
0.00956245
0.00650234
0.00717304
0.0116648
0.01152
0.0109124
0.0136987
0.0147547
0.0131336
0.0135019
0.0150114
0.0154384
0.0154794
0.0156244
0.0157748
0.0160354
0.0165637
0.0168047
0.00248902
0.00748399
0.00953513
0.00656707
0.0072905
0.0116395
0.0115341
0.0109267
0.01365
0.0147482
0.0131201
0.0134381
0.0150113
0.0154286
0.0154122
0.0155401
0.0156291
0.0158524
0.0163818
0.0166106
0.00266597
0.00751962
0.00951139
0.00663584
0.00740402
0.0116159
0.0115502
0.0109409
0.0135978
0.0147426
0.0131107
0.0133667
0.0150072
0.0154248
0.0153346
0.015447
0.0154903
0.0156611
0.016186
0.0164353
0.00284732
0.00755543
0.00949121
0.00670902
0.00751345
0.0115935
0.0115688
0.010955
0.0135417
0.0147376
0.0131059
0.0132871
0.0149971
0.0154288
0.0152483
0.0153412
0.0153596
0.0154702
0.0159719
0.0162641
0.00303287
0.0075918
0.00947454
0.00678686
0.00761884
0.0115717
0.0115905
0.0109695
0.0134813
0.0147328
0.0131064
0.0131993
0.0149782
0.0154417
0.0151566
0.01522
0.0152344
0.0152875
0.015744
0.0160812
0.00322237
0.00762914
0.00946136
0.0068696
0.00772047
0.0115496
0.0116158
0.010985
0.0134159
0.0147277
0.0131135
0.0131038
0.0149473
0.0154628
0.0150635
0.0150827
0.0151114
0.0151163
0.0155111
0.0158779
0.0034155
0.00766788
0.00945167
0.00695733
0.0078189
0.011526
0.0116443
0.0110028
0.013345
0.0147209
0.0131282
0.0130017
0.0149012
0.0154911
0.0149729
0.0149292
0.0149886
0.0149574
0.0152796
0.0156543
0.00361193
0.00770851
0.00944565
0.00704992
0.00791477
0.0115002
0.0116756
0.0110242
0.0132682
0.0147107
0.0131518
0.0128946
0.0148365
0.0155249
0.0148892
0.0147587
0.0148645
0.0148144
0.0150531
0.0154134
0.00381125
0.00775156
0.00944371
0.00714703
0.00800886
0.0114719
0.0117087
0.0110505
0.0131861
0.0146946
0.0131848
0.012785
0.0147503
0.0155616
0.0148176
0.0145701
0.0147341
0.0146933
0.0148377
0.0151571
0.00401314
0.00779745
0.00944633
0.00724822
0.00810177
0.0114411
0.0117423
0.0110829
0.0130999
0.0146703
0.0132267
0.012676
0.0146402
0.0155966
0.0147633
0.014366
0.0145891
0.0145963
0.0146448
0.0148896
0.00421737
0.00784629
0.00945418
0.007353
0.00819363
0.0114078
0.011775
0.0111221
0.0130117
0.0146356
0.0132755
0.0125712
0.0145058
0.0156242
0.0147308
0.0141525
0.0144203
0.0145179
0.0144866
0.0146231
0.0044238
0.00789782
0.00946819
0.00746126
0.00828436
0.0113725
0.0118047
0.0111673
0.0129242
0.0145888
0.0133285
0.0124746
0.0143482
0.0156383
0.0147229
0.013938
0.0142212
0.0144468
0.0143706
0.0143755
0.00463235
0.00795162
0.00948968
0.00757304
0.00837304
0.0113369
0.0118305
0.0112174
0.0128398
0.0145296
0.0133829
0.0123889
0.0141689
0.0156329
0.0147405
0.0137323
0.0139887
0.0143696
0.0142976
0.0141646
0.00484318
0.00800696
0.00952002
0.00768871
0.00845784
0.0113043
0.011853
0.0112699
0.0127601
0.0144589
0.0134357
0.0123158
0.0139703
0.0156012
0.0147827
0.0135474
0.0137224
0.0142716
0.0142634
0.014005
0.00505662
0.00806269
0.00955995
0.00780949
0.00853669
0.0112768
0.0118733
0.011322
0.0126852
0.0143779
0.0134846
0.012257
0.0137562
0.0155357
0.0148443
0.0133973
0.0134278
0.0141354
0.0142569
0.0139082
0.00527298
0.00811827
0.00960942
0.00793714
0.0086079
0.0112532
0.0118936
0.0113723
0.0126145
0.0142882
0.0135285
0.0122143
0.0135311
0.0154288
0.0149152
0.0132968
0.0131206
0.0139445
0.0142571
0.0138798
0.00549273
0.00817327
0.00966738
0.0080742
0.00867059
0.0112347
0.0119168
0.0114203
0.0125466
0.0141907
0.0135674
0.0121894
0.0133
0.0152759
0.0149814
0.0132552
0.0128247
0.0136927
0.0142338
0.0139106
0.00571649
0.00822751
0.0097319
0.00822435
0.00872538
0.0112185
0.0119455
0.0114671
0.0124785
0.0140845
0.0136012
0.0121849
0.0130689
0.0150757
0.0150284
0.0132712
0.0125648
0.0133902
0.0141577
0.0139747
0.00594471
0.00827917
0.0097999
0.00839117
0.0087745
0.0111947
0.0119815
0.0115158
0.0124068
0.0139671
0.0136289
0.0122032
0.0128452
0.0148304
0.0150424
0.0133354
0.0123616
0.0130595
0.0140121
0.0140371
0.00617768
0.00833001
0.0098677
0.00857669
0.00882172
0.0111568
0.0120237
0.011571
0.0123302
0.0138357
0.0136476
0.0122461
0.0126386
0.014546
0.0150104
0.0134333
0.0122291
0.0127259
0.0137967
0.0140635
0.00641562
0.00838132
0.00993145
0.00878108
0.00887245
0.0110997
0.0120679
0.01164
0.0122527
0.0136866
0.013652
0.0123135
0.0124605
0.0142339
0.0149213
0.0135446
0.0121732
0.0124156
0.013523
0.0140315
0.0066584
0.00843499
0.00998771
0.00900232
0.00893355
0.0110202
0.0121081
0.0117282
0.0121794
0.0135183
0.0136354
0.0124004
0.0123221
0.0139102
0.0147718
0.0136446
0.0121872
0.0121546
0.0132102
0.0139326
0.00690555
0.00849334
0.0100339
0.0092359
0.00901291
0.0109163
0.0121332
0.0118358
0.0121198
0.0133348
0.0135903
0.0124965
0.0122301
0.0135926
0.0145693
0.0137109
0.0122516
0.011962
0.0128827
0.0137666
0.00715634
0.00855875
0.0100683
0.00947447
0.00911836
0.0107994
0.0121298
0.0119571
0.0120869
0.0131451
0.0135111
0.0125898
0.0121847
0.0132975
0.014327
0.0137319
0.012342
0.0118433
0.0125694
0.0135382
0.00740973
0.00863398
0.0100903
0.00970861
0.00925584
0.0106806
0.0120881
0.0120832
0.0120897
0.0129606
0.0133979
0.0126665
0.0121794
0.013039
0.0140588
0.0137053
0.0124369
0.0117892
0.0122979
0.0132648
0.00766442
0.00872151
0.0101001
0.00992908
0.00942817
0.0105713
0.0120037
0.0121979
0.0121296
0.0127969
0.0132587
0.0127132
0.012202
0.0128275
0.0137812
0.0136319
0.01252
0.0117821
0.0120865
0.0129795
0.00791876
0.00882304
0.0101021
0.0101284
0.00963242
0.0104856
0.0118808
0.0122792
0.0121997
0.0126705
0.0131063
0.0127232
0.0122369
0.0126638
0.0135121
0.013517
0.0125794
0.0118035
0.011936
0.0127185
0.00817105
0.00893977
0.0101008
0.010301
0.00985939
0.0104361
0.0117271
0.0123098
0.0122899
0.0125913
0.0129558
0.0126995
0.0122689
0.0125398
0.0132649
0.0133731
0.0126101
0.0118396
0.011832
0.0125001
0.00841956
0.00907283
0.0101011
0.0104427
0.0100949
0.0104304
0.0115589
0.0122841
0.0123811
0.0125589
0.012824
0.0126503
0.0122888
0.0124462
0.0130444
0.0132135
0.0126129
0.0118835
0.0117625
0.0123201
0.00866188
0.00921956
0.0101132
0.0105529
0.0103221
0.0104701
0.0113986
0.0122087
0.0124499
0.0125658
0.0127249
0.0125861
0.0122919
0.0123749
0.0128519
0.0130469
0.0125882
0.0119286
0.0117239
0.0121695
0.00889918
0.00937925
0.0101367
0.0106307
0.0105295
0.0105534
0.0112726
0.0120963
0.0124797
0.0125973
0.0126631
0.0125207
0.0122771
0.0123175
0.0126901
0.0128833
0.0125378
0.011964
0.0117133
0.0120476
0.00913185
0.00955697
0.0101701
0.01067
0.0107098
0.0106715
0.0111926
0.0119671
0.0124655
0.012631
0.0126344
0.0124674
0.0122504
0.0122642
0.0125562
0.0127337
0.0124703
0.0119805
0.0117201
0.0119582
0.00935392
0.00973172
0.0102294
0.0107051
0.0108577
0.0108054
0.0111574
0.0118411
0.0124121
0.012649
0.0126314
0.0124337
0.012222
0.0122121
0.0124406
0.0126027
0.0124005
0.0119799
0.011731
0.0119005
0.0095663
0.0099089
0.0103094
0.0107339
0.0109711
0.0109543
0.0111644
0.0117357
0.0123294
0.0126404
0.0126415
0.0124207
0.0121991
0.0121646
0.0123365
0.0124835
0.0123367
0.0119742
0.0117406
0.0118673
0.00977065
0.0100842
0.0104048
0.0107659
0.0110575
0.0110856
0.011207
0.0116595
0.0122326
0.0126046
0.0126515
0.0124273
0.0121856
0.0121241
0.0122468
0.0123708
0.0122745
0.011971
0.0117516
0.0118507
0.00996526
0.0102533
0.010515
0.0108075
0.0111155
0.0111979
0.0112724
0.0116143
0.0121376
0.0125469
0.0126507
0.0124476
0.0121861
0.0120902
0.0121731
0.0122701
0.0122077
0.0119671
0.0117667
0.0118453
0.0101517
0.0104151
0.0106347
0.0108605
0.0111582
0.0112904
0.0113486
0.0115982
0.0120557
0.0124746
0.0126335
0.0124718
0.0122048
0.0120688
0.012112
0.012188
0.0121431
0.0119582
0.0117869
0.0118503
0.0103317
0.0105725
0.0107546
0.0109234
0.0111956
0.0113641
0.0114273
0.011608
0.0119939
0.0123994
0.0126024
0.0124922
0.0122394
0.0120702
0.0120647
0.0121204
0.0120884
0.0119458
0.0118095
0.0118645
0.0105027
0.0107191
0.0108771
0.0109989
0.0112329
0.0114207
0.0115023
0.0116382
0.0119545
0.0123306
0.012563
0.0125055
0.0122807
0.0120941
0.0120384
0.012062
0.0120414
0.0119317
0.0118307
0.0118871
0.0106671
0.0108615
0.0109932
0.0110798
0.0112734
0.0114649
0.0115692
0.01168
0.0119365
0.0122744
0.0125205
0.0125127
0.012323
0.012133
0.0120397
0.012023
0.0120036
0.0119218
0.0118515
0.0119192
0.0108205
0.0109924
0.0111086
0.0111691
0.0113186
0.0114994
0.0116259
0.0117287
0.0119395
0.0122361
0.0124809
0.0125165
0.012368
0.0121824
0.0120647
0.0120123
0.0119812
0.0119192
0.0118736
0.0119572
0.0109675
0.0111176
0.011211
0.0112577
0.0113696
0.0115302
0.0116719
0.011778
0.0119596
0.0122187
0.0124506
0.0125183
0.0124165
0.0122463
0.0121109
0.0120309
0.0119827
0.0119287
0.0119003
0.0119963
0.011104
0.0112348
0.0113052
0.0113447
0.0114216
0.0115585
0.0117093
0.0118246
0.0119896
0.0122193
0.0124365
0.0125244
0.0124669
0.0123259
0.0121826
0.0120793
0.012016
0.0119607
0.0119405
0.0120409
0.0112239
0.0113383
0.0113992
0.0114391
0.0114735
0.0115854
0.0117386
0.011867
0.0120264
0.012234
0.0124391
0.0125447
0.0125233
0.0124184
0.0122834
0.012162
0.0120856
0.0120272
0.0120072
0.0121035
0.0113377
0.0114386
0.0114668
0.0114396
0.0115202
0.0116145
0.0117619
0.0119014
0.0120665
0.0122605
0.0124557
0.0125824
0.0125946
0.0125248
0.0124159
0.0122885
0.0121989
0.0121383
0.012116
0.0122018
0.0114331
0.0115266
0.0115349
0.011518
0.0115676
0.0116442
0.0117816
0.0119267
0.0121043
0.0122978
0.0124865
0.0126361
0.0126882
0.012652
0.01258
0.0124654
0.0123645
0.0122997
0.0122777
0.0123571
0.0115097
0.0115976
0.0115937
0.0115786
0.0116115
0.0116718
0.0117939
0.0119394
0.0121306
0.0123376
0.0125342
0.0127117
0.0128151
0.0128183
0.0127828
0.0126941
0.0125818
0.0125061
0.0124817
0.0125586
0.0115733
0.0116793
0.0116687
0.0116269
0.0116572
0.0117083
0.011809
0.0119359
0.0121227
0.0123533
0.0125969
0.0128368
0.0130292
0.0131201
0.0131561
0.0131382
0.0130427
0.0129082
0.0127806
0.0127227
0.011613
0.0116332
0.0116411
0.0116277
0.0116731
0.011734
0.0118383
0.0119393
0.0120588
0.01219
0.0124067
0.0127418
0.0130791
0.0133028
0.0134488
0.0136084
0.0138173
0.0140919
0.0144118
0.0146804
0.0116516
0.011776
0.0117458
0.0116957
0.0116951
0.0116984
0.0117774
0.0119567
0.012253
0.0125595
0.0128202
0.0130423
0.0132428
0.0134308
0.01362
0.0138334
0.0140544
0.0142475
0.0144092
0.0144868
0.0115385
0.0115618
0.0116729
0.0117711
0.0118803
0.0119648
0.0120646
0.0121884
0.0123627
0.0125444
0.0127341
0.0129259
0.013116
0.0133117
0.01354
0.0138105
0.0141412
0.0144943
0.0148272
0.0150623
0.0116652
0.0118357
0.0118622
0.0118677
0.0119447
0.0120327
0.012131
0.0122391
0.0124089
0.0126242
0.0128704
0.0131204
0.0133471
0.0135178
0.0136401
0.013673
0.0136013
0.0134249
0.0131798
0.0129603
0.0115229
0.0115997
0.0117566
0.0119036
0.0120545
0.0121575
0.0122427
0.012332
0.0124633
0.0126443
0.012852
0.0130406
0.013256
0.0134795
0.0137363
0.0140473
0.0143969
0.0147513
0.0150417
0.0151957
0.0115639
0.0117429
0.01191
0.0120442
0.0121972
0.012314
0.0123582
0.0124133
0.0125113
0.0126621
0.0128747
0.0130871
0.0133213
0.0135665
0.0138064
0.014049
0.0142746
0.0144621
0.0145725
0.0145535
0.0271192
0.0223527
0.0145119
0.00874945
0.00743699
0.0087476
0.0101723
0.0109745
0.0113327
0.0115215
0.0117475
0.0120575
0.0123581
0.012636
0.0129865
0.0133721
0.0136371
0.0137554
0.0138418
0.0140382
0.0143929
0.0147874
0.0151041
0.0154152
0.0157977
0.0161778
0.0164948
0.0168019
0.0171211
0.01742
0.0176917
0.0179701
0.0182621
0.0185481
0.0188407
0.0191743
0.0195476
0.0199225
0.0202827
0.0206377
0.0209708
0.0213014
0.0216705
0.0220475
0.0223966
0.0227374
0.0230931
0.0234457
0.0237636
0.0240713
0.024452
0.0248967
0.0253232
0.0257472
0.0262191
0.0267213
0.0272167
0.0277359
0.0282116
0.0285828
0.0289256
0.0293807
0.0299531
0.0305233
0.0310482
0.0315672
0.0321116
0.0326295
0.0331644
0.0337373
0.0343339
0.0349287
0.0355564
0.0361804
0.0368144
0.0374497
0.0381088
0.0387903
0.0394967
0.0402284
0.0409539
0.0417115
0.0424728
0.0432694
0.0440306
0.0448175
0.0456264
0.0464733
0.0473466
0.0481985
0.049075
0.0499513
0.050835
0.0517784
0.0526777
0.0536527
0.054594
0.055493
0.0564539
0.0572293
0.0264024
0.0222129
0.014598
0.00888996
0.00752595
0.00879292
0.0102017
0.0109949
0.0113471
0.011532
0.0117555
0.0120641
0.0123637
0.0126408
0.0129907
0.0133763
0.013641
0.0137588
0.0138447
0.0140405
0.014395
0.0147895
0.0151061
0.0154168
0.0157992
0.0161793
0.0164961
0.016803
0.0171222
0.0174211
0.0176927
0.017971
0.018263
0.018549
0.0188416
0.0191752
0.0195485
0.0199233
0.0202836
0.0206385
0.0209716
0.0213021
0.0216711
0.0220482
0.0223973
0.022738
0.0230937
0.0234463
0.0237642
0.0240718
0.0244525
0.0248972
0.0253236
0.0257476
0.0262195
0.0267217
0.027217
0.0277363
0.028212
0.0285832
0.0289259
0.0293809
0.0299534
0.0305235
0.0310484
0.0315674
0.0321118
0.0326297
0.0331646
0.0337374
0.0343341
0.0349289
0.0355565
0.0361805
0.0368145
0.0374498
0.0381089
0.0387905
0.0394968
0.0402286
0.0409541
0.0417117
0.0424729
0.0432695
0.0440307
0.0448176
0.0456265
0.0464734
0.0473467
0.0481986
0.0490751
0.0499514
0.0508351
0.0517785
0.0526778
0.0536528
0.0545941
0.055493
0.056454
0.0572294
0.0257493
0.0221035
0.0147869
0.0091547
0.00767654
0.00884658
0.0102266
0.0110157
0.0113656
0.0115471
0.0117671
0.0120729
0.0123705
0.0126461
0.0129952
0.0133803
0.0136448
0.0137622
0.0138475
0.0140429
0.0143971
0.0147916
0.0151079
0.0154185
0.0158008
0.0161807
0.0164974
0.0168041
0.0171232
0.0174221
0.0176936
0.0179718
0.0182638
0.0185498
0.0188423
0.0191759
0.0195492
0.0199241
0.0202843
0.0206392
0.0209723
0.0213027
0.0216718
0.0220488
0.0223979
0.0227385
0.0230942
0.0234468
0.0237647
0.0240722
0.0244528
0.0248976
0.025324
0.025748
0.0262198
0.026722
0.0272173
0.0277366
0.0282123
0.0285835
0.0289261
0.0293811
0.0299536
0.0305238
0.0310486
0.0315676
0.032112
0.0326299
0.0331647
0.0337376
0.0343343
0.034929
0.0355567
0.0361807
0.0368147
0.03745
0.038109
0.0387906
0.0394969
0.0402287
0.0409542
0.0417118
0.042473
0.0432696
0.0440309
0.0448177
0.0456266
0.0464735
0.0473468
0.0481987
0.0490752
0.0499515
0.0508351
0.0517785
0.0526778
0.0536528
0.0545942
0.0554931
0.0564541
0.0572296
0.025146
0.0219952
0.0150171
0.00948139
0.00787712
0.00891763
0.0102587
0.0110442
0.0113927
0.0115707
0.0117858
0.0120868
0.0123809
0.0126543
0.0130016
0.0133855
0.0136492
0.0137667
0.0138519
0.0140466
0.0143999
0.0147938
0.01511
0.0154206
0.015803
0.0161827
0.016499
0.0168055
0.0171245
0.0174233
0.0176946
0.0179727
0.0182646
0.0185505
0.018843
0.0191765
0.0195499
0.0199249
0.020285
0.0206399
0.020973
0.0213034
0.0216724
0.0220494
0.0223985
0.0227391
0.0230948
0.0234474
0.0237652
0.0240726
0.0244532
0.024898
0.0253245
0.0257483
0.0262201
0.0267223
0.0272176
0.0277369
0.0282128
0.0285839
0.0289263
0.0293812
0.0299538
0.0305241
0.0310489
0.0315678
0.0321122
0.0326301
0.0331649
0.0337378
0.0343344
0.0349292
0.0355568
0.0361808
0.0368148
0.0374501
0.0381092
0.0387907
0.039497
0.0402288
0.0409543
0.0417119
0.0424732
0.0432698
0.044031
0.0448178
0.0456267
0.0464736
0.0473469
0.0481988
0.0490753
0.0499516
0.0508352
0.0517786
0.0526779
0.0536529
0.0545943
0.0554931
0.0564542
0.0572299
0.0245435
0.0218521
0.0152463
0.00982384
0.00809726
0.00899732
0.0102937
0.0110775
0.0114275
0.0116033
0.0118131
0.0121073
0.0123964
0.0126668
0.0130113
0.0133923
0.0136548
0.0137729
0.013859
0.0140529
0.0144042
0.0147966
0.0151127
0.0154237
0.015806
0.0161854
0.0165013
0.0168076
0.0171264
0.0174249
0.0176959
0.0179738
0.0182655
0.0185511
0.0188435
0.0191771
0.0195506
0.0199256
0.0202857
0.0206406
0.0209737
0.0213041
0.0216731
0.0220501
0.0223992
0.0227398
0.0230955
0.023448
0.0237657
0.024073
0.0244536
0.0248985
0.0253249
0.0257487
0.0262205
0.0267227
0.027218
0.0277373
0.0282133
0.0285843
0.0289265
0.0293813
0.0299541
0.0305244
0.0310491
0.031568
0.0321124
0.0326303
0.0331651
0.0337379
0.0343346
0.0349293
0.035557
0.036181
0.036815
0.0374503
0.0381093
0.0387908
0.0394972
0.040229
0.0409544
0.041712
0.0424733
0.0432699
0.0440311
0.0448179
0.0456268
0.0464737
0.0473471
0.0481989
0.0490754
0.0499516
0.0508353
0.0517787
0.052678
0.053653
0.0545944
0.0554932
0.0564544
0.0572303
0.0239367
0.0216704
0.0154675
0.0101714
0.00832854
0.00908198
0.0103283
0.0111119
0.011466
0.0116413
0.0118462
0.0121332
0.0124164
0.0126833
0.0130242
0.0134011
0.0136616
0.013781
0.0138693
0.0140626
0.0144107
0.0148004
0.0151161
0.0154278
0.0158101
0.0161888
0.0165042
0.0168103
0.0171289
0.0174272
0.0176981
0.0179756
0.0182667
0.0185519
0.018844
0.0191777
0.0195513
0.0199262
0.0202862
0.0206412
0.0209745
0.021305
0.0216739
0.0220508
0.0224
0.0227407
0.0230964
0.0234488
0.0237663
0.0240736
0.0244541
0.024899
0.0253254
0.0257492
0.026221
0.0267232
0.0272184
0.0277378
0.0282139
0.0285847
0.0289267
0.0293815
0.0299544
0.0305248
0.0310495
0.0315683
0.0321127
0.0326306
0.0331653
0.0337381
0.0343348
0.0349295
0.0355572
0.0361812
0.0368151
0.0374504
0.0381095
0.038791
0.0394973
0.0402291
0.0409546
0.0417122
0.0424734
0.04327
0.0440312
0.044818
0.0456269
0.0464738
0.0473472
0.048199
0.0490755
0.0499518
0.0508354
0.0517788
0.0526781
0.0536531
0.0545946
0.0554934
0.0564546
0.0572307
0.0233332
0.0214571
0.0156803
0.0105222
0.00856997
0.0091719
0.0103622
0.0111461
0.0115067
0.0116825
0.0118827
0.0121621
0.0124392
0.0127025
0.0130394
0.0134113
0.0136694
0.0137909
0.0138824
0.0140755
0.0144194
0.0148053
0.0151206
0.015433
0.015815
0.0161927
0.0165076
0.0168135
0.0171319
0.0174302
0.017701
0.0179781
0.0182685
0.018553
0.0188447
0.0191783
0.019552
0.0199268
0.0202866
0.0206415
0.0209751
0.0213058
0.0216746
0.0220515
0.0224009
0.0227419
0.0230975
0.0234496
0.0237671
0.0240743
0.0244548
0.0248996
0.0253259
0.0257497
0.0262214
0.0267236
0.0272189
0.0277384
0.0282146
0.0285853
0.028927
0.0293817
0.0299548
0.0305253
0.0310499
0.0315686
0.032113
0.0326309
0.0331655
0.0337384
0.0343351
0.0349297
0.0355574
0.0361814
0.0368153
0.0374506
0.0381096
0.0387911
0.0394974
0.0402293
0.0409547
0.0417123
0.0424735
0.0432702
0.0440314
0.0448181
0.0456271
0.0464739
0.0473473
0.0481991
0.0490756
0.0499519
0.0508355
0.0517789
0.0526782
0.0536532
0.0545947
0.0554935
0.0564548
0.0572313
0.0227428
0.0212168
0.0158814
0.0108734
0.00882122
0.00926857
0.0103962
0.0111802
0.0115494
0.0117264
0.0119216
0.012193
0.0124638
0.0127235
0.0130561
0.0134227
0.0136782
0.0138019
0.0138972
0.0140905
0.0144299
0.0148115
0.0151262
0.0154393
0.0158206
0.0161969
0.0165112
0.0168168
0.017135
0.0174333
0.0177045
0.0179815
0.0182712
0.0185547
0.0188459
0.0191792
0.0195529
0.0199275
0.0202868
0.0206417
0.0209757
0.0213067
0.0216753
0.022052
0.0224018
0.0227433
0.0230988
0.0234507
0.0237681
0.0240754
0.0244557
0.0249003
0.0253265
0.0257503
0.0262219
0.0267241
0.0272194
0.0277391
0.0282154
0.028586
0.0289273
0.029382
0.0299553
0.0305258
0.0310504
0.0315691
0.0321134
0.0326313
0.0331659
0.0337387
0.0343353
0.03493
0.0355577
0.0361816
0.0368155
0.0374508
0.0381098
0.0387913
0.0394976
0.0402294
0.0409549
0.0417124
0.0424737
0.0432704
0.0440315
0.0448183
0.0456272
0.046474
0.0473475
0.0481993
0.0490757
0.049952
0.0508356
0.0517791
0.0526783
0.0536532
0.0545949
0.0554937
0.0564551
0.057232
0.0221738
0.0209506
0.0160646
0.0112228
0.0090832
0.0093743
0.0104314
0.0112138
0.0115936
0.0117729
0.0119629
0.0122257
0.0124897
0.0127457
0.0130741
0.0134352
0.0136878
0.0138136
0.0139131
0.0141067
0.0144417
0.0148189
0.0151327
0.0154465
0.0158268
0.0162015
0.016515
0.0168202
0.0171379
0.0174364
0.0177081
0.0179854
0.0182746
0.0185573
0.0188477
0.0191806
0.019554
0.0199283
0.0202871
0.0206417
0.0209762
0.0213076
0.0216758
0.0220522
0.0224025
0.0227447
0.0231003
0.0234519
0.0237693
0.0240769
0.024457
0.0249013
0.0253273
0.025751
0.0262224
0.0267243
0.0272198
0.0277398
0.0282163
0.0285868
0.0289279
0.0293824
0.0299559
0.0305265
0.031051
0.0315696
0.0321139
0.0326317
0.0331663
0.0337391
0.0343357
0.0349303
0.035558
0.0361819
0.0368158
0.0374511
0.03811
0.0387915
0.0394978
0.0402296
0.040955
0.0417126
0.0424738
0.0432705
0.0440317
0.0448184
0.0456273
0.0464741
0.0473476
0.0481994
0.0490759
0.0499521
0.0508357
0.0517792
0.0526785
0.0536533
0.0545952
0.055494
0.0564554
0.0572328
0.0216311
0.0206589
0.0162254
0.0115699
0.00935771
0.00949123
0.0104686
0.0112462
0.0116388
0.0118219
0.0120064
0.0122599
0.0125167
0.0127689
0.0130932
0.0134486
0.0136979
0.0138258
0.0139294
0.0141237
0.0144544
0.0148271
0.0151401
0.0154544
0.0158335
0.0162062
0.0165189
0.0168237
0.0171408
0.0174392
0.0177116
0.0179894
0.0182785
0.0185606
0.0188503
0.0191825
0.0195555
0.0199294
0.0202875
0.0206417
0.0209767
0.0213085
0.0216762
0.0220521
0.022403
0.0227461
0.0231018
0.0234529
0.0237706
0.0240787
0.0244588
0.0249026
0.0253285
0.025752
0.0262229
0.0267244
0.02722
0.0277402
0.028217
0.0285877
0.0289285
0.029383
0.0299566
0.0305273
0.0310517
0.0315703
0.0321145
0.0326323
0.0331669
0.0337396
0.0343361
0.0349308
0.0355584
0.0361823
0.0368162
0.0374514
0.0381103
0.0387917
0.039498
0.0402299
0.0409552
0.0417128
0.042474
0.0432707
0.0440319
0.0448186
0.0456275
0.0464743
0.0473478
0.0481996
0.049076
0.0499523
0.0508358
0.0517793
0.0526787
0.0536534
0.0545955
0.0554944
0.0564558
0.0572336
0.0211173
0.0203448
0.0163622
0.0119146
0.00964509
0.00962067
0.0105081
0.0112768
0.0116843
0.0118734
0.0120524
0.0122957
0.0125446
0.0127929
0.0131132
0.0134629
0.0137087
0.0138382
0.013946
0.0141413
0.0144678
0.0148359
0.0151481
0.0154629
0.0158406
0.0162112
0.0165229
0.0168272
0.0171436
0.0174418
0.0177148
0.0179933
0.0182826
0.0185644
0.0188535
0.0191851
0.0195574
0.0199306
0.0202879
0.0206419
0.0209774
0.0213096
0.0216766
0.0220518
0.0224033
0.0227473
0.023103
0.0234538
0.0237718
0.0240808
0.024461
0.0249044
0.0253302
0.0257535
0.0262237
0.0267244
0.0272198
0.0277403
0.0282175
0.0285885
0.0289293
0.0293838
0.0299574
0.0305281
0.0310526
0.031571
0.0321152
0.032633
0.0331677
0.0337402
0.0343367
0.0349313
0.035559
0.0361828
0.0368166
0.0374518
0.0381106
0.038792
0.0394982
0.0402301
0.0409555
0.041713
0.0424742
0.0432709
0.044032
0.0448187
0.0456277
0.0464744
0.047348
0.0481998
0.0490762
0.0499525
0.050836
0.0517795
0.0526789
0.0536535
0.0545959
0.0554949
0.0564562
0.0572346
0.0206346
0.0200138
0.0164736
0.0122544
0.00994392
0.00976389
0.0105516
0.0113056
0.0117295
0.0119272
0.0121011
0.0123332
0.0125735
0.0128177
0.0131341
0.013478
0.01372
0.0138509
0.0139631
0.0141596
0.014482
0.0148455
0.0151568
0.015472
0.0158481
0.0162164
0.0165271
0.0168309
0.0171465
0.0174443
0.0177179
0.0179972
0.0182867
0.0185684
0.0188573
0.0191882
0.0195597
0.019932
0.0202885
0.0206421
0.0209782
0.0213107
0.021677
0.0220515
0.0224034
0.0227483
0.023104
0.0234543
0.0237727
0.0240828
0.0244634
0.0249065
0.0253323
0.0257556
0.0262249
0.0267246
0.0272194
0.0277397
0.0282174
0.0285889
0.0289301
0.0293848
0.0299585
0.0305291
0.0310535
0.0315718
0.0321159
0.0326338
0.0331685
0.033741
0.0343374
0.034932
0.0355596
0.0361834
0.0368172
0.0374524
0.0381111
0.0387923
0.0394985
0.0402304
0.0409557
0.0417132
0.0424745
0.0432712
0.0440322
0.0448189
0.0456278
0.0464745
0.0473482
0.0482
0.0490764
0.0499526
0.0508361
0.0517797
0.0526792
0.0536535
0.0545963
0.0554955
0.0564567
0.0572357
0.0201846
0.0196713
0.0165578
0.0125855
0.0102523
0.00992263
0.0106013
0.0113329
0.0117736
0.0119829
0.0121528
0.0123729
0.0126036
0.0128434
0.0131559
0.013494
0.0137319
0.0138641
0.0139807
0.0141787
0.0144972
0.014856
0.0151662
0.0154817
0.0158561
0.0162219
0.0165314
0.0168348
0.0171495
0.0174469
0.0177211
0.0180011
0.0182909
0.0185726
0.0188613
0.0191917
0.0195623
0.0199336
0.0202891
0.0206423
0.0209791
0.021312
0.0216775
0.022051
0.0224034
0.0227491
0.0231048
0.0234544
0.0237733
0.0240847
0.0244657
0.0249087
0.0253348
0.0257582
0.0262267
0.026725
0.0272189
0.0277386
0.0282165
0.0285888
0.0289305
0.0293858
0.0299598
0.0305303
0.0310545
0.0315726
0.0321165
0.0326346
0.0331695
0.033742
0.0343383
0.0349329
0.0355604
0.0361842
0.036818
0.0374532
0.0381118
0.0387928
0.0394989
0.0402308
0.040956
0.0417135
0.0424747
0.0432715
0.0440325
0.0448191
0.045628
0.0464746
0.0473484
0.0482002
0.0490765
0.0499528
0.0508363
0.0517798
0.0526795
0.0536535
0.0545967
0.0554963
0.0564572
0.0572369
0.0197673
0.019322
0.0166129
0.0129041
0.0105683
0.0100982
0.0106596
0.0113593
0.0118159
0.0120403
0.0122075
0.012415
0.0126349
0.0128699
0.0131787
0.013511
0.0137445
0.0138778
0.0139991
0.0141992
0.0145137
0.0148675
0.0151765
0.0154922
0.0158645
0.0162276
0.016536
0.0168388
0.0171526
0.0174495
0.0177244
0.0180052
0.0182952
0.018577
0.0188657
0.0191956
0.0195652
0.0199353
0.0202897
0.0206426
0.0209801
0.0213135
0.021678
0.0220506
0.0224033
0.0227498
0.0231054
0.0234543
0.0237736
0.0240863
0.024468
0.024911
0.0253374
0.0257612
0.0262289
0.0267258
0.0272183
0.0277371
0.0282148
0.0285878
0.0289305
0.0293868
0.0299614
0.0305318
0.0310556
0.0315735
0.0321171
0.0326353
0.0331705
0.033743
0.0343392
0.0349339
0.0355613
0.036185
0.0368189
0.0374542
0.0381126
0.0387935
0.0394994
0.0402313
0.0409564
0.0417137
0.042475
0.0432718
0.0440328
0.0448193
0.0456281
0.0464747
0.0473485
0.0482004
0.0490767
0.049953
0.0508365
0.0517799
0.0526798
0.0536535
0.0545972
0.0554972
0.0564578
0.0572382
0.0193817
0.01897
0.0166386
0.0132071
0.010889
0.0102909
0.0107291
0.0113863
0.0118559
0.0120983
0.0122652
0.0124597
0.0126678
0.0128974
0.0132026
0.0135291
0.013758
0.0138923
0.0140188
0.0142213
0.014532
0.0148804
0.0151878
0.0155034
0.0158735
0.0162337
0.0165409
0.0168432
0.0171559
0.0174524
0.0177279
0.0180095
0.0182998
0.0185816
0.0188704
0.0191999
0.0195685
0.0199373
0.0202904
0.0206429
0.0209812
0.0213152
0.0216787
0.0220502
0.0224031
0.0227505
0.0231058
0.023454
0.0237737
0.0240879
0.0244702
0.0249131
0.02534
0.0257643
0.0262313
0.0267268
0.0272178
0.0277351
0.0282125
0.0285862
0.0289299
0.0293875
0.029963
0.0305336
0.0310569
0.0315744
0.0321177
0.0326359
0.0331715
0.033744
0.0343403
0.034935
0.0355623
0.0361858
0.0368199
0.0374553
0.0381137
0.0387943
0.0395001
0.0402318
0.0409569
0.041714
0.0424753
0.0432722
0.0440332
0.0448197
0.0456284
0.0464747
0.0473486
0.0482006
0.0490769
0.0499532
0.0508367
0.05178
0.0526802
0.0536534
0.0545978
0.0554982
0.0564584
0.0572396
0.0190265
0.01862
0.016636
0.0134917
0.0112112
0.0104998
0.0108118
0.0114156
0.0118932
0.0121558
0.0123252
0.012507
0.0127024
0.0129262
0.0132278
0.0135485
0.0137725
0.0139079
0.0140399
0.0142454
0.0145522
0.0148947
0.0152001
0.0155154
0.015883
0.01624
0.016546
0.0168478
0.0171595
0.0174554
0.0177317
0.0180141
0.0183046
0.0185865
0.0188754
0.0192047
0.0195722
0.0199394
0.0202911
0.0206431
0.0209824
0.021317
0.0216795
0.0220497
0.0224029
0.022751
0.0231061
0.0234536
0.0237738
0.0240895
0.0244724
0.0249153
0.0253426
0.0257674
0.0262339
0.0267279
0.0272172
0.0277328
0.0282096
0.028584
0.028929
0.0293878
0.0299646
0.0305355
0.0310584
0.0315753
0.0321182
0.0326365
0.0331723
0.0337449
0.0343414
0.0349362
0.0355633
0.0361867
0.0368209
0.0374565
0.038115
0.0387953
0.0395008
0.0402325
0.0409575
0.0417143
0.0424756
0.0432725
0.0440337
0.0448202
0.0456287
0.0464747
0.0473486
0.0482007
0.0490771
0.0499534
0.0508369
0.0517801
0.0526806
0.0536532
0.0545983
0.0554994
0.056459
0.0572411
0.0187006
0.0182766
0.0166059
0.0137552
0.0115315
0.0107233
0.0109097
0.0114495
0.0119278
0.0122118
0.0123872
0.0125571
0.0127391
0.0129565
0.0132543
0.0135691
0.0137881
0.0139246
0.0140628
0.0142717
0.0145743
0.0149104
0.0152134
0.0155283
0.0158931
0.0162468
0.0165514
0.0168527
0.0171633
0.0174587
0.0177357
0.018019
0.0183096
0.0185916
0.0188808
0.0192099
0.0195762
0.0199417
0.0202918
0.0206434
0.0209836
0.0213189
0.0216804
0.0220494
0.0224027
0.0227515
0.0231064
0.0234531
0.023774
0.0240913
0.0244748
0.0249174
0.0253451
0.0257705
0.0262364
0.0267291
0.0272165
0.0277301
0.0282061
0.0285814
0.0289281
0.0293881
0.029966
0.0305373
0.0310598
0.0315763
0.0321188
0.0326371
0.0331732
0.0337458
0.0343424
0.0349375
0.0355645
0.0361875
0.0368218
0.0374578
0.0381164
0.0387965
0.0395017
0.0402333
0.0409582
0.0417147
0.0424758
0.0432728
0.0440342
0.0448208
0.0456291
0.0464747
0.0473486
0.0482008
0.0490772
0.0499536
0.0508372
0.0517801
0.052681
0.053653
0.0545988
0.0555007
0.0564596
0.0572425
0.0184027
0.0179433
0.0165497
0.0139962
0.0118477
0.0109586
0.0110235
0.0114902
0.0119605
0.0122654
0.0124504
0.0126102
0.0127781
0.0129884
0.0132823
0.0135911
0.0138048
0.0139425
0.0140874
0.0143
0.0145982
0.0149274
0.0152276
0.0155419
0.0159038
0.0162539
0.0165572
0.016858
0.0171674
0.0174622
0.01774
0.0180241
0.0183149
0.0185971
0.0188866
0.0192154
0.0195805
0.0199442
0.0202926
0.0206436
0.0209848
0.0213209
0.0216814
0.022049
0.0224025
0.022752
0.0231066
0.0234528
0.0237744
0.0240934
0.0244776
0.0249198
0.0253476
0.0257735
0.026239
0.0267303
0.0272158
0.0277273
0.0282023
0.0285789
0.0289277
0.0293887
0.0299672
0.0305388
0.0310611
0.0315773
0.0321194
0.0326377
0.0331741
0.0337467
0.0343435
0.0349388
0.0355657
0.0361884
0.0368228
0.0374591
0.0381179
0.0387978
0.0395027
0.0402341
0.0409589
0.0417152
0.042476
0.043273
0.0440346
0.0448215
0.0456297
0.0464748
0.0473485
0.0482007
0.0490773
0.0499538
0.0508375
0.0517802
0.0526815
0.0536528
0.0545993
0.0555021
0.0564602
0.057244
0.01813
0.0176227
0.0164692
0.0142147
0.012158
0.0112022
0.0111532
0.0115402
0.0119928
0.0123164
0.0125139
0.0126657
0.0128196
0.0130221
0.0133119
0.0136144
0.0138227
0.0139617
0.0141136
0.0143302
0.0146237
0.0149455
0.0152427
0.0155564
0.0159153
0.0162616
0.0165633
0.0168636
0.0171718
0.0174659
0.0177445
0.0180295
0.0183205
0.0186029
0.0188927
0.0192213
0.0195852
0.019947
0.0202935
0.0206439
0.0209861
0.0213231
0.0216825
0.0220487
0.0224022
0.0227525
0.0231069
0.0234525
0.0237753
0.0240962
0.0244809
0.0249223
0.0253502
0.0257766
0.0262415
0.0267315
0.0272151
0.0277243
0.0281983
0.0285768
0.0289284
0.0293901
0.0299683
0.0305399
0.0310621
0.0315781
0.0321199
0.0326383
0.0331751
0.0337477
0.0343446
0.0349402
0.0355669
0.0361894
0.0368238
0.0374604
0.0381195
0.0387992
0.0395037
0.040235
0.0409598
0.0417158
0.0424762
0.0432731
0.0440351
0.0448223
0.0456305
0.046475
0.0473483
0.0482006
0.0490774
0.049954
0.0508378
0.0517802
0.052682
0.0536525
0.0545998
0.0555036
0.0564608
0.0572455
0.0178794
0.0173176
0.0163673
0.0144104
0.0124603
0.0114504
0.0112983
0.0116021
0.0120269
0.0123644
0.0125764
0.0127231
0.0128636
0.0130581
0.0133434
0.0136394
0.0138418
0.0139819
0.0141412
0.0143619
0.0146506
0.0149645
0.0152584
0.0155715
0.0159274
0.0162698
0.0165699
0.0168695
0.0171765
0.0174699
0.0177492
0.0180351
0.0183264
0.018609
0.0188991
0.0192275
0.01959
0.01995
0.0202946
0.0206442
0.0209875
0.0213254
0.0216837
0.0220484
0.022402
0.0227531
0.0231073
0.0234525
0.0237765
0.0240995
0.0244847
0.0249251
0.0253528
0.0257796
0.026244
0.0267327
0.0272144
0.0277214
0.0281942
0.0285752
0.0289303
0.0293927
0.0299696
0.0305407
0.0310629
0.0315789
0.0321205
0.0326391
0.0331763
0.0337489
0.0343458
0.0349415
0.0355681
0.0361903
0.0368248
0.0374618
0.0381211
0.0388008
0.0395049
0.0402359
0.0409608
0.0417165
0.0424765
0.0432731
0.0440354
0.0448231
0.0456313
0.0464753
0.0473481
0.0482004
0.0490774
0.0499542
0.0508382
0.0517803
0.0526826
0.0536523
0.0546002
0.0555052
0.0564615
0.057247
0.0176482
0.0170318
0.0162469
0.0145818
0.0127527
0.0117008
0.0114574
0.0116778
0.0120649
0.0124097
0.0126369
0.0127814
0.0129099
0.0130965
0.0133772
0.0136662
0.0138621
0.0140031
0.0141699
0.014395
0.0146787
0.0149843
0.0152748
0.0155874
0.0159402
0.0162785
0.0165768
0.0168758
0.0171816
0.0174742
0.0177541
0.0180409
0.0183325
0.0186153
0.0189058
0.0192339
0.0195952
0.0199531
0.0202958
0.0206447
0.020989
0.0213277
0.0216849
0.0220481
0.0224018
0.0227538
0.0231078
0.0234527
0.0237783
0.0241035
0.0244891
0.0249282
0.0253555
0.0257826
0.0262465
0.0267339
0.0272137
0.0277185
0.0281902
0.0285742
0.0289335
0.0293965
0.0299713
0.0305411
0.0310634
0.0315796
0.0321211
0.03264
0.0331777
0.0337504
0.0343471
0.0349428
0.0355693
0.0361913
0.0368258
0.0374632
0.0381228
0.0388024
0.0395061
0.0402369
0.0409617
0.0417173
0.0424767
0.0432731
0.0440358
0.0448239
0.0456322
0.0464756
0.0473479
0.0482001
0.0490774
0.0499544
0.0508386
0.0517803
0.0526831
0.0536522
0.0546007
0.0555068
0.0564622
0.0572485
0.017433
0.0167692
0.0161111
0.0147267
0.0130346
0.011952
0.0116278
0.0117682
0.0121096
0.0124533
0.0126948
0.0128397
0.0129582
0.0131376
0.0134136
0.0136951
0.0138838
0.0140251
0.0141995
0.0144293
0.0147079
0.0150048
0.0152918
0.015604
0.0159538
0.0162878
0.0165842
0.0168825
0.017187
0.0174789
0.0177594
0.018047
0.0183389
0.0186219
0.0189126
0.0192405
0.0196005
0.0199566
0.0202972
0.0206452
0.0209905
0.0213302
0.0216863
0.0220478
0.0224016
0.0227545
0.0231084
0.0234531
0.0237804
0.0241081
0.024494
0.0249316
0.0253583
0.0257857
0.026249
0.026735
0.0272131
0.0277156
0.0281863
0.0285738
0.028938
0.0294016
0.0299734
0.0305413
0.0310638
0.0315803
0.0321217
0.032641
0.0331794
0.0337522
0.0343486
0.0349442
0.0355705
0.0361923
0.036827
0.0374646
0.0381245
0.0388041
0.0395074
0.0402379
0.0409628
0.0417181
0.0424771
0.0432731
0.0440361
0.0448247
0.0456331
0.0464761
0.0473477
0.0481998
0.0490774
0.0499546
0.050839
0.0517804
0.0526837
0.053652
0.0546012
0.0555086
0.0564631
0.0572501
0.0172276
0.0165323
0.015965
0.014843
0.0133052
0.0122031
0.011806
0.0118731
0.0121637
0.012497
0.0127497
0.0128967
0.0130077
0.0131814
0.013453
0.0137264
0.0139069
0.0140479
0.0142298
0.0144646
0.0147381
0.0150259
0.0153093
0.0156213
0.0159682
0.0162978
0.0165921
0.0168896
0.0171928
0.0174838
0.0177649
0.0180533
0.0183455
0.0186287
0.0189195
0.0192471
0.019606
0.0199602
0.0202988
0.0206458
0.0209921
0.0213328
0.0216877
0.0220476
0.0224015
0.0227554
0.0231092
0.0234537
0.0237829
0.0241132
0.0244994
0.0249353
0.0253612
0.0257888
0.0262516
0.0267362
0.0272126
0.0277129
0.0281826
0.0285738
0.0289435
0.0294076
0.0299758
0.0305414
0.0310641
0.0315809
0.0321223
0.0326422
0.0331814
0.0337542
0.0343502
0.0349456
0.0355717
0.0361934
0.0368282
0.0374661
0.0381263
0.0388059
0.0395088
0.0402389
0.0409639
0.041719
0.0424775
0.043273
0.0440364
0.0448255
0.0456342
0.0464766
0.0473476
0.0481996
0.0490773
0.0499548
0.0508394
0.0517804
0.0526843
0.0536519
0.0546017
0.0555104
0.0564641
0.0572518
0.0170237
0.0163213
0.0158169
0.0149295
0.0135623
0.0124542
0.0119888
0.0119916
0.0122296
0.0125429
0.0128017
0.0129517
0.0130574
0.0132275
0.0134956
0.0137604
0.0139317
0.0140716
0.0142608
0.0145007
0.0147692
0.0150478
0.0153275
0.0156394
0.0159835
0.0163085
0.0166004
0.0168972
0.017199
0.0174892
0.0177708
0.0180601
0.0183525
0.0186356
0.0189266
0.0192539
0.0196117
0.019964
0.0203005
0.0206466
0.0209938
0.0213356
0.0216892
0.0220474
0.0224014
0.0227564
0.0231102
0.0234546
0.0237856
0.0241188
0.0245052
0.0249392
0.0253642
0.025792
0.0262542
0.0267373
0.0272121
0.0277103
0.0281791
0.0285741
0.02895
0.0294143
0.0299786
0.0305415
0.0310644
0.0315815
0.032123
0.0326435
0.0331835
0.0337564
0.034352
0.0349471
0.035573
0.0361945
0.0368294
0.0374677
0.0381283
0.0388078
0.0395103
0.0402399
0.040965
0.04172
0.042478
0.043273
0.0440368
0.0448264
0.0456353
0.0464772
0.0473475
0.0481993
0.0490774
0.049955
0.0508399
0.0517805
0.052685
0.0536518
0.0546022
0.0555123
0.0564652
0.0572536
0.0168128
0.0161314
0.0156768
0.0149875
0.0138011
0.0127054
0.0121749
0.0121211
0.012309
0.0125938
0.0128515
0.0130039
0.0131063
0.0132754
0.0135417
0.0137976
0.0139584
0.0140962
0.0142924
0.0145377
0.0148014
0.0150705
0.0153463
0.0156583
0.0159996
0.0163199
0.0166093
0.0169052
0.0172057
0.017495
0.0177771
0.0180672
0.0183598
0.0186427
0.0189337
0.0192608
0.0196176
0.0199681
0.0203025
0.0206474
0.0209957
0.0213384
0.0216909
0.0220472
0.0224014
0.0227574
0.0231113
0.0234556
0.0237885
0.0241246
0.0245114
0.0249433
0.0253673
0.0257953
0.0262568
0.0267384
0.0272117
0.0277077
0.0281757
0.0285746
0.0289563
0.0294213
0.0299815
0.0305416
0.0310647
0.0315822
0.0321237
0.0326449
0.0331859
0.0337588
0.0343538
0.0349486
0.0355743
0.0361956
0.0368307
0.0374693
0.0381303
0.0388099
0.0395119
0.040241
0.0409661
0.0417211
0.0424786
0.043273
0.0440371
0.0448273
0.0456365
0.0464779
0.0473474
0.0481991
0.0490774
0.0499552
0.0508403
0.0517805
0.0526857
0.0536517
0.0546026
0.0555143
0.0564664
0.0572554
0.0165906
0.0159525
0.015553
0.015023
0.0140159
0.0129561
0.0123645
0.0122578
0.0124021
0.0126528
0.0129003
0.0130528
0.0131533
0.0133241
0.0135912
0.0138385
0.0139872
0.0141216
0.0143247
0.0145756
0.0148345
0.015094
0.0153657
0.0156781
0.0160167
0.0163321
0.0166188
0.0169136
0.0172128
0.0175012
0.0177837
0.0180747
0.0183674
0.0186501
0.018941
0.0192679
0.0196237
0.0199724
0.0203046
0.0206484
0.0209976
0.0213414
0.0216927
0.022047
0.0224014
0.0227587
0.0231127
0.0234567
0.0237915
0.0241306
0.0245178
0.0249476
0.0253706
0.0257986
0.0262595
0.0267395
0.0272113
0.0277053
0.0281724
0.0285753
0.0289626
0.0294284
0.0299845
0.0305419
0.0310651
0.0315829
0.0321245
0.0326463
0.0331884
0.0337614
0.0343558
0.0349502
0.0355756
0.0361969
0.0368321
0.037471
0.0381324
0.038812
0.0395136
0.0402422
0.0409674
0.0417222
0.0424792
0.0432731
0.0440375
0.0448283
0.0456377
0.0464786
0.0473474
0.0481988
0.0490775
0.0499555
0.0508408
0.0517806
0.0526864
0.0536517
0.0546031
0.0555165
0.0564678
0.0572573
0.0163611
0.015771
0.0154473
0.0150476
0.0142019
0.0132027
0.0125601
0.0123987
0.0125075
0.0127229
0.0129502
0.0130984
0.013198
0.0133728
0.0136436
0.0138833
0.0140186
0.0141482
0.0143578
0.0146145
0.0148684
0.0151182
0.0153859
0.0156988
0.0160348
0.0163451
0.0166289
0.0169226
0.0172204
0.0175078
0.0177908
0.0180826
0.0183753
0.0186576
0.0189484
0.0192752
0.0196301
0.0199771
0.020307
0.0206494
0.0209996
0.0213446
0.0216946
0.0220469
0.0224014
0.02276
0.0231142
0.0234579
0.0237946
0.0241367
0.0245243
0.0249521
0.025374
0.0258021
0.0262623
0.0267406
0.0272109
0.0277029
0.0281693
0.028576
0.028969
0.0294356
0.0299876
0.0305422
0.0310655
0.0315837
0.0321253
0.0326479
0.033191
0.033764
0.0343579
0.0349519
0.0355771
0.0361981
0.0368336
0.0374728
0.0381346
0.0388142
0.0395154
0.0402434
0.0409687
0.0417234
0.0424799
0.0432733
0.0440379
0.0448293
0.045639
0.0464793
0.0473474
0.0481987
0.0490776
0.0499557
0.0508413
0.0517807
0.0526871
0.0536517
0.0546036
0.0555187
0.0564694
0.0572592
0.0161385
0.0155754
0.0153509
0.0150749
0.0143601
0.0134368
0.0127636
0.0125431
0.0126217
0.0128062
0.0130042
0.0131409
0.0132398
0.0134206
0.0136982
0.0139321
0.014053
0.014176
0.0143918
0.0146547
0.0149034
0.015143
0.0154068
0.0157205
0.016054
0.0163589
0.0166396
0.0169322
0.0172286
0.017515
0.0177984
0.0180909
0.0183836
0.0186655
0.018956
0.0192826
0.0196367
0.019982
0.0203095
0.0206506
0.0210018
0.021348
0.0216966
0.0220468
0.0224015
0.0227615
0.023116
0.0234593
0.0237977
0.024143
0.0245311
0.0249567
0.0253775
0.0258057
0.0262652
0.0267417
0.0272106
0.0277007
0.0281663
0.0285767
0.0289753
0.0294428
0.0299908
0.0305426
0.031066
0.0315846
0.0321262
0.0326495
0.0331937
0.0337668
0.03436
0.0349536
0.0355786
0.0361995
0.0368352
0.0374747
0.0381368
0.0388166
0.0395172
0.0402447
0.04097
0.0417247
0.0424806
0.0432735
0.0440384
0.0448303
0.0456403
0.0464801
0.0473474
0.0481985
0.0490777
0.049956
0.0508418
0.0517808
0.0526879
0.0536517
0.054604
0.055521
0.0564712
0.0572612
0.0159396
0.0153656
0.0152484
0.0151145
0.0144992
0.0136487
0.0129741
0.0126943
0.0127399
0.0129023
0.0130663
0.0131812
0.0132777
0.013467
0.0137541
0.0139846
0.0140907
0.0142054
0.0144266
0.0146961
0.0149397
0.0151683
0.0154282
0.0157432
0.0160743
0.0163737
0.0166509
0.0169423
0.0172373
0.0175226
0.0178064
0.0180997
0.0183923
0.0186735
0.0189638
0.0192903
0.0196436
0.0199872
0.0203123
0.0206519
0.0210041
0.0213515
0.0216988
0.0220468
0.0224016
0.0227632
0.0231179
0.0234608
0.0238008
0.0241494
0.024538
0.0249614
0.025381
0.0258094
0.0262682
0.0267429
0.0272103
0.0276985
0.0281634
0.0285775
0.0289815
0.0294498
0.029994
0.0305431
0.0310666
0.0315855
0.0321271
0.0326512
0.0331965
0.0337696
0.0343621
0.0349554
0.0355801
0.0362009
0.0368368
0.0374767
0.0381392
0.0388189
0.0395191
0.0402461
0.0409714
0.041726
0.0424813
0.0432737
0.0440389
0.0448314
0.0456417
0.0464808
0.0473474
0.0481984
0.0490778
0.0499563
0.0508423
0.0517808
0.0526887
0.0536518
0.0546044
0.0555235
0.0564731
0.0572633
0.0157758
0.0151566
0.0151238
0.0151639
0.0146352
0.0138326
0.0131834
0.0128578
0.0128596
0.013008
0.0131408
0.0132215
0.013311
0.0135114
0.0138108
0.0140403
0.0141317
0.0142366
0.0144624
0.0147388
0.0149775
0.0151942
0.0154498
0.0157669
0.016096
0.0163895
0.0166628
0.016953
0.0172466
0.0175308
0.0178149
0.018109
0.0184014
0.0186819
0.0189717
0.0192981
0.0196509
0.0199928
0.0203154
0.0206533
0.0210065
0.0213553
0.0217011
0.0220468
0.0224018
0.0227651
0.0231202
0.0234625
0.023804
0.0241558
0.024545
0.0249663
0.0253847
0.0258133
0.0262713
0.0267441
0.02721
0.0276964
0.0281607
0.0285784
0.0289876
0.0294568
0.0299972
0.0305438
0.0310673
0.0315865
0.0321281
0.0326529
0.0331994
0.0337725
0.0343644
0.0349573
0.0355818
0.0362024
0.0368385
0.0374787
0.0381416
0.0388214
0.0395211
0.0402476
0.0409729
0.0417274
0.0424821
0.0432741
0.0440394
0.0448325
0.045643
0.0464816
0.0473474
0.0481982
0.049078
0.0499565
0.0508429
0.051781
0.0526894
0.053652
0.0546049
0.0555261
0.0564753
0.0572654
0.0156448
0.0149697
0.0149692
0.0152072
0.014785
0.0139926
0.013378
0.0130361
0.0129835
0.0131178
0.0132294
0.0132663
0.013339
0.0135531
0.0138682
0.0140985
0.0141759
0.0142697
0.0144996
0.014783
0.0150168
0.0152212
0.0154716
0.0157912
0.0161191
0.0164064
0.0166755
0.0169642
0.0172565
0.0175396
0.0178239
0.0181188
0.0184109
0.0186905
0.0189799
0.0193062
0.0196584
0.0199987
0.0203187
0.0206548
0.021009
0.0213593
0.0217037
0.0220469
0.0224021
0.0227671
0.0231226
0.0234642
0.0238071
0.0241623
0.0245522
0.0249713
0.0253885
0.0258173
0.0262746
0.0267453
0.0272098
0.0276945
0.0281581
0.0285793
0.0289936
0.0294636
0.0300005
0.0305445
0.031068
0.0315876
0.0321292
0.0326546
0.0332024
0.0337754
0.0343666
0.0349593
0.0355835
0.036204
0.0368402
0.0374808
0.0381441
0.0388239
0.0395231
0.0402491
0.0409745
0.0417288
0.042483
0.0432744
0.0440399
0.0448336
0.0456445
0.0464824
0.0473474
0.0481981
0.0490782
0.0499568
0.0508435
0.0517811
0.0526902
0.0536522
0.0546053
0.0555287
0.0564776
0.0572676
0.0155321
0.0148231
0.0147926
0.0152227
0.0149565
0.0141443
0.0135445
0.0132244
0.0131195
0.0132265
0.0133295
0.0133215
0.0133628
0.01359
0.0139262
0.014159
0.0142226
0.0143045
0.0145381
0.0148292
0.015058
0.0152492
0.0154936
0.0158159
0.0161436
0.0164248
0.0166889
0.016976
0.0172671
0.0175491
0.0178335
0.018129
0.0184209
0.0186994
0.0189882
0.0193145
0.0196661
0.0200049
0.0203223
0.0206565
0.0210117
0.0213636
0.0217065
0.0220471
0.0224024
0.0227694
0.0231253
0.0234662
0.0238103
0.0241689
0.0245596
0.0249764
0.0253924
0.0258214
0.0262779
0.0267466
0.0272096
0.0276928
0.0281557
0.0285802
0.0289995
0.0294704
0.0300038
0.0305454
0.0310689
0.0315888
0.0321303
0.0326565
0.0332054
0.0337785
0.034369
0.0349614
0.0355854
0.0362056
0.0368421
0.037483
0.0381467
0.0388265
0.0395252
0.0402506
0.0409761
0.0417302
0.0424838
0.0432748
0.0440405
0.0448348
0.0456459
0.0464832
0.0473475
0.048198
0.0490784
0.0499571
0.0508441
0.0517813
0.052691
0.0536526
0.0546057
0.0555315
0.0564802
0.0572699
0.0154206
0.0147247
0.0146151
0.0151907
0.015139
0.0143099
0.0136793
0.0134081
0.0132747
0.0133344
0.0134351
0.0133917
0.0133862
0.0136201
0.0139843
0.014222
0.0142713
0.0143405
0.0145778
0.0148778
0.0151013
0.0152783
0.0155162
0.0158409
0.016169
0.0164447
0.0167034
0.0169882
0.0172783
0.0175593
0.0178437
0.0181397
0.0184313
0.0187087
0.0189968
0.019323
0.0196743
0.0200116
0.0203262
0.0206583
0.0210145
0.021368
0.0217095
0.0220474
0.0224028
0.0227718
0.0231283
0.0234683
0.0238135
0.0241755
0.0245671
0.0249817
0.0253964
0.0258256
0.0262814
0.0267479
0.0272095
0.0276912
0.0281535
0.0285813
0.0290053
0.029477
0.0300071
0.0305464
0.0310699
0.0315901
0.0321315
0.0326583
0.0332085
0.0337816
0.0343714
0.0349635
0.0355873
0.0362074
0.036844
0.0374853
0.0381494
0.0388292
0.0395273
0.0402523
0.0409778
0.0417317
0.0424847
0.0432753
0.0440411
0.044836
0.0456474
0.0464841
0.0473475
0.048198
0.0490786
0.0499574
0.0508447
0.0517814
0.0526919
0.053653
0.0546061
0.0555344
0.0564831
0.0572723
0.0152969
0.0146697
0.0144615
0.0151044
0.0153068
0.0145086
0.013795
0.0135689
0.013449
0.0134493
0.013539
0.0134767
0.0134156
0.0136421
0.0140404
0.0142887
0.0143219
0.0143771
0.0146181
0.0149287
0.0151476
0.0153086
0.0155392
0.0158666
0.0161952
0.0164659
0.0167191
0.0170012
0.01729
0.0175702
0.0178546
0.0181509
0.0184422
0.0187184
0.0190056
0.0193317
0.0196827
0.0200186
0.0203305
0.0206604
0.0210174
0.0213727
0.0217127
0.0220479
0.0224033
0.0227745
0.0231316
0.0234706
0.0238167
0.0241821
0.0245748
0.0249871
0.0254004
0.02583
0.026285
0.0267493
0.0272095
0.0276897
0.0281514
0.0285824
0.0290111
0.0294835
0.0300105
0.0305476
0.031071
0.0315915
0.0321328
0.0326603
0.0332118
0.0337848
0.0343739
0.0349657
0.0355893
0.0362092
0.0368461
0.0374877
0.0381521
0.0388319
0.0395296
0.040254
0.0409795
0.0417333
0.0424857
0.0432758
0.0440418
0.0448373
0.0456489
0.0464849
0.0473476
0.0481979
0.0490788
0.0499576
0.0508454
0.0517817
0.0526927
0.0536535
0.0546066
0.0555374
0.0564862
0.0572748
0.0151505
0.0146442
0.014354
0.0149777
0.0154306
0.0147415
0.0139153
0.0136942
0.0136302
0.0135816
0.0136388
0.0135708
0.0134575
0.0136584
0.0140913
0.0143594
0.0143749
0.0144135
0.0146583
0.0149814
0.0151977
0.0153408
0.0155622
0.015893
0.0162223
0.016488
0.0167361
0.0170151
0.0173023
0.0175817
0.0178661
0.0181628
0.0184534
0.0187284
0.0190148
0.0193406
0.0196914
0.0200261
0.0203351
0.0206627
0.0210206
0.0213776
0.0217161
0.0220485
0.0224039
0.0227773
0.0231353
0.023473
0.02382
0.0241889
0.0245826
0.0249926
0.0254045
0.0258346
0.0262887
0.0267507
0.0272095
0.0276885
0.0281496
0.0285835
0.0290167
0.0294899
0.0300139
0.0305488
0.0310723
0.031593
0.0321341
0.0326623
0.0332151
0.0337881
0.0343764
0.0349681
0.0355914
0.0362111
0.0368482
0.0374902
0.038155
0.0388347
0.0395319
0.0402558
0.0409814
0.0417349
0.0424867
0.0432764
0.0440424
0.0448386
0.0456505
0.0464858
0.0473476
0.0481979
0.0490791
0.0499579
0.050846
0.0517819
0.0526935
0.0536542
0.054607
0.0555405
0.0564896
0.0572774
0.0149723
0.0146285
0.0143054
0.0148386
0.015488
0.0149865
0.0140661
0.0137892
0.0137988
0.0137357
0.0137404
0.013667
0.013514
0.0136738
0.0141345
0.0144332
0.0144319
0.014449
0.0146977
0.0150355
0.0152516
0.015376
0.0155852
0.0159196
0.0162509
0.0165109
0.016754
0.0170302
0.0173153
0.0175939
0.0178784
0.0181753
0.0184652
0.0187388
0.0190242
0.0193498
0.0197005
0.0200339
0.0203401
0.0206651
0.0210239
0.0213828
0.0217199
0.0220492
0.0224046
0.0227804
0.0231392
0.0234757
0.0238232
0.0241956
0.0245907
0.0249982
0.0254087
0.0258392
0.0262925
0.0267522
0.0272097
0.0276874
0.0281481
0.0285848
0.0290222
0.0294962
0.0300174
0.0305502
0.0310736
0.0315946
0.0321356
0.0326644
0.0332185
0.0337915
0.034379
0.0349705
0.0355937
0.0362132
0.0368505
0.0374928
0.0381579
0.0388375
0.0395342
0.0402577
0.0409833
0.0417365
0.0424877
0.0432771
0.0440431
0.04484
0.0456521
0.0464867
0.0473477
0.048198
0.0490794
0.0499582
0.0508467
0.0517822
0.0526942
0.053655
0.0546075
0.0555436
0.0564932
0.0572802
0.0147577
0.0146
0.014314
0.0147188
0.0154761
0.0152121
0.0142608
0.0138753
0.0139377
0.0139031
0.0138543
0.0137618
0.013582
0.0136939
0.0141696
0.014508
0.0144944
0.0144834
0.0147354
0.0150907
0.0153087
0.0154152
0.0156089
0.0159459
0.0162811
0.0165351
0.0167723
0.0170465
0.0173295
0.0176066
0.0178914
0.0181885
0.0184776
0.0187495
0.0190339
0.0193594
0.0197098
0.0200422
0.0203455
0.0206678
0.0210274
0.0213883
0.0217239
0.0220501
0.0224055
0.0227837
0.0231434
0.0234786
0.0238264
0.0242024
0.0245988
0.025004
0.025413
0.025844
0.0262965
0.0267538
0.0272099
0.0276866
0.0281468
0.0285862
0.0290276
0.0295024
0.0300209
0.0305517
0.0310751
0.0315963
0.0321371
0.0326665
0.033222
0.0337949
0.0343817
0.034973
0.035596
0.0362153
0.0368528
0.0374955
0.038161
0.0388405
0.0395367
0.0402597
0.0409853
0.0417382
0.0424888
0.0432778
0.0440439
0.0448414
0.0456537
0.0464876
0.0473479
0.048198
0.0490797
0.0499585
0.0508475
0.0517826
0.052695
0.0536558
0.054608
0.0555468
0.0564972
0.057283
0.0145108
0.0145375
0.0143637
0.014646
0.0154138
0.0153876
0.0144876
0.0139788
0.0140456
0.0140665
0.0139859
0.0138592
0.0136567
0.0137214
0.0141984
0.0145815
0.0145635
0.0145174
0.0147697
0.0151469
0.0153687
0.015458
0.0156347
0.0159715
0.0163123
0.0165614
0.0167907
0.0170632
0.0173453
0.0176203
0.0179048
0.0182024
0.0184905
0.0187607
0.0190439
0.0193693
0.0197196
0.0200508
0.0203514
0.0206708
0.021031
0.0213941
0.0217282
0.0220511
0.0224064
0.0227873
0.0231481
0.0234817
0.0238296
0.0242092
0.0246072
0.02501
0.0254173
0.0258489
0.0263007
0.0267555
0.0272103
0.027686
0.0281457
0.0285876
0.0290329
0.0295085
0.0300244
0.0305534
0.0310768
0.0315982
0.0321387
0.0326688
0.0332256
0.0337985
0.0343844
0.0349757
0.0355985
0.0362175
0.0368553
0.0374983
0.0381641
0.0388435
0.0395392
0.0402618
0.0409874
0.04174
0.04249
0.0432786
0.0440446
0.0448428
0.0456554
0.0464886
0.047348
0.0481981
0.04908
0.0499588
0.0508482
0.051783
0.0526958
0.0536568
0.0546086
0.0555501
0.0565014
0.0572861
0.0142456
0.0144254
0.0144288
0.0146358
0.0153318
0.0154952
0.0147181
0.014118
0.0141394
0.0142092
0.0141289
0.0139681
0.0137366
0.0137551
0.0142231
0.0146525
0.0146404
0.0145523
0.0147984
0.0152035
0.0154324
0.0155035
0.0156632
0.0159975
0.0163436
0.01659
0.0168103
0.0170796
0.0173622
0.0176356
0.0179188
0.0182167
0.0185041
0.0187724
0.0190542
0.0193794
0.0197297
0.0200599
0.0203576
0.020674
0.0210349
0.0214002
0.021733
0.0220523
0.0224074
0.0227911
0.0231532
0.0234851
0.0238328
0.0242159
0.0246157
0.0250161
0.0254217
0.025854
0.026305
0.0267573
0.0272108
0.0276856
0.0281449
0.0285892
0.0290381
0.0295145
0.030028
0.0305552
0.0310785
0.0316002
0.0321404
0.0326711
0.0332294
0.0338021
0.0343872
0.0349784
0.035601
0.0362198
0.0368578
0.0375012
0.0381674
0.0388465
0.0395418
0.040264
0.0409896
0.0417418
0.0424912
0.0432795
0.0440454
0.0448443
0.0456571
0.0464895
0.0473482
0.0481982
0.0490804
0.0499591
0.0508489
0.0517835
0.0526965
0.053658
0.0546093
0.0555534
0.0565059
0.0572893
0.0139819
0.0142588
0.0144795
0.014688
0.0152645
0.0155394
0.0149219
0.0142891
0.014242
0.0143286
0.0142679
0.0140919
0.0138271
0.0137935
0.0142431
0.0147193
0.0147259
0.0145913
0.0148194
0.0152584
0.0155015
0.0155514
0.0156933
0.0160254
0.0163749
0.0166202
0.0168319
0.0170957
0.0173795
0.0176528
0.0179338
0.0182312
0.0185182
0.0187846
0.0190649
0.0193898
0.0197402
0.0200695
0.0203643
0.0206775
0.0210389
0.0214066
0.0217381
0.0220538
0.0224085
0.0227951
0.0231587
0.0234888
0.023836
0.0242227
0.0246245
0.0250223
0.0254261
0.0258591
0.0263095
0.0267591
0.0272115
0.0276856
0.0281444
0.0285909
0.0290432
0.0295203
0.0300317
0.0305571
0.0310805
0.0316023
0.0321422
0.0326735
0.0332332
0.0338059
0.0343901
0.0349813
0.0356037
0.0362223
0.0368605
0.0375042
0.0381707
0.0388497
0.0395444
0.0402663
0.0409918
0.0417437
0.0424924
0.0432804
0.0440463
0.0448459
0.0456588
0.0464905
0.0473484
0.0481984
0.0490808
0.0499595
0.0508497
0.0517841
0.0526972
0.0536592
0.0546101
0.0555568
0.0565107
0.0572927
0.0137426
0.0140446
0.0144868
0.014785
0.0152425
0.015542
0.0150761
0.0144693
0.0143705
0.0144401
0.0143883
0.0142221
0.013936
0.0138401
0.0142568
0.0147787
0.0148205
0.014639
0.0148318
0.0153071
0.0155774
0.0156037
0.0157227
0.0160555
0.016408
0.0166506
0.0168556
0.0171124
0.0173961
0.0176715
0.0179506
0.0182459
0.0185325
0.0187975
0.0190761
0.0194006
0.0197511
0.0200797
0.0203715
0.0206813
0.0210431
0.0214134
0.0217438
0.0220557
0.0224097
0.0227993
0.0231646
0.0234928
0.0238391
0.0242294
0.0246334
0.0250287
0.0254306
0.0258644
0.0263142
0.0267611
0.0272123
0.0276857
0.0281442
0.0285927
0.0290482
0.0295261
0.0300354
0.0305592
0.0310826
0.0316046
0.0321441
0.032676
0.0332372
0.0338097
0.0343931
0.0349843
0.0356066
0.0362248
0.0368633
0.0375074
0.0381741
0.0388529
0.0395472
0.0402686
0.0409942
0.0417456
0.0424938
0.0432814
0.0440472
0.0448475
0.0456606
0.0464915
0.0473487
0.0481986
0.0490813
0.0499598
0.0508504
0.0517848
0.052698
0.0536606
0.054611
0.0555602
0.0565158
0.0572963
0.0135526
0.0138023
0.0144294
0.0148968
0.015283
0.0155338
0.0151762
0.0146316
0.0145216
0.0145654
0.0144899
0.0143415
0.0140637
0.0139047
0.0142653
0.0148251
0.0149216
0.0147017
0.0148385
0.0153436
0.0156586
0.0156644
0.0157504
0.0160853
0.016445
0.0166819
0.0168799
0.0171309
0.0174123
0.0176907
0.0179697
0.0182616
0.0185467
0.0188108
0.0190878
0.0194117
0.0197623
0.0200904
0.0203794
0.0206853
0.0210473
0.0214205
0.0217499
0.0220579
0.022411
0.0228036
0.023171
0.0234973
0.0238423
0.024236
0.0246425
0.0250354
0.025435
0.0258698
0.0263191
0.0267633
0.0272133
0.0276861
0.0281443
0.0285947
0.029053
0.0295317
0.0300391
0.0305614
0.0310848
0.031607
0.0321461
0.0326785
0.0332413
0.0338136
0.0343961
0.0349874
0.0356095
0.0362275
0.0368663
0.0375106
0.0381776
0.0388561
0.03955
0.0402711
0.0409966
0.0417476
0.0424951
0.0432825
0.0440481
0.0448491
0.0456625
0.0464924
0.047349
0.0481988
0.0490817
0.0499602
0.0508512
0.0517856
0.0526987
0.0536621
0.0546121
0.0555637
0.0565212
0.0573002
0.0134348
0.0135614
0.0143013
0.0149869
0.0153829
0.0155484
0.0152363
0.0147549
0.014674
0.0147196
0.0145913
0.0144349
0.0141974
0.0139973
0.0142772
0.0148529
0.0150214
0.0147844
0.0148468
0.0153625
0.0157396
0.0157378
0.0157784
0.0161109
0.0164866
0.0167171
0.0169034
0.0171506
0.0174295
0.0177093
0.0179906
0.0182792
0.0185608
0.0188242
0.0191002
0.0194232
0.0197738
0.0201016
0.020388
0.0206897
0.0210516
0.0214279
0.0217566
0.0220604
0.0224125
0.022808
0.0231777
0.0235022
0.0238455
0.0242425
0.0246518
0.0250422
0.0254395
0.0258753
0.0263241
0.0267656
0.0272144
0.0276868
0.0281447
0.0285968
0.0290578
0.0295373
0.0300429
0.0305637
0.0310872
0.0316096
0.0321481
0.0326812
0.0332456
0.0338177
0.0343993
0.0349906
0.0356126
0.0362304
0.0368694
0.037514
0.0381813
0.0388595
0.039553
0.0402737
0.0409991
0.0417497
0.0424966
0.0432837
0.0440491
0.0448508
0.0456644
0.0464934
0.0473493
0.0481991
0.0490822
0.0499606
0.0508519
0.0517865
0.0526994
0.0536636
0.0546134
0.0555671
0.0565268
0.0573043
0.0134021
0.013357
0.0141154
0.0150212
0.0155185
0.0156122
0.0152815
0.0148333
0.0148014
0.0148976
0.0147175
0.0145034
0.0143147
0.0141184
0.0143076
0.0148627
0.0151086
0.0148867
0.0148677
0.0153633
0.015811
0.0158259
0.0158126
0.0161289
0.0165293
0.0167596
0.0169273
0.0171689
0.0174485
0.0177282
0.0180119
0.0182991
0.0185756
0.0188372
0.0191132
0.0194354
0.0197856
0.0201132
0.0203973
0.0206946
0.021056
0.0214354
0.0217639
0.0220635
0.0224141
0.0228127
0.0231849
0.0235075
0.0238488
0.024249
0.0246612
0.0250492
0.0254441
0.0258809
0.0263294
0.0267681
0.0272158
0.0276877
0.0281455
0.0285991
0.0290625
0.0295428
0.0300467
0.0305662
0.0310899
0.0316124
0.0321503
0.0326839
0.03325
0.0338218
0.0344025
0.034994
0.0356159
0.0362333
0.0368726
0.0375174
0.038185
0.0388629
0.039556
0.0402764
0.0410017
0.0417518
0.0424981
0.043285
0.0440502
0.0448526
0.0456663
0.0464945
0.0473497
0.0481995
0.0490828
0.0499611
0.0508526
0.0517876
0.0527001
0.0536653
0.0546149
0.0555706
0.0565327
0.0573087
0.0134486
0.0132228
0.013902
0.0149787
0.0156537
0.0157333
0.0153429
0.0148786
0.014883
0.0150749
0.0148867
0.0145701
0.0143957
0.0142512
0.0143715
0.0148662
0.0151725
0.0149989
0.0149119
0.0153538
0.0158625
0.015924
0.0158609
0.0161396
0.0165668
0.0168112
0.0169556
0.0171841
0.0174679
0.0177491
0.0180331
0.0183206
0.0185922
0.0188499
0.0191261
0.0194484
0.0197977
0.0201253
0.0204074
0.0207002
0.0210604
0.0214431
0.0217717
0.022067
0.0224159
0.0228176
0.0231925
0.0235132
0.0238521
0.0242555
0.0246709
0.0250564
0.0254486
0.0258866
0.0263349
0.0267707
0.0272174
0.0276889
0.0281466
0.0286015
0.0290671
0.0295483
0.0300506
0.0305688
0.0310927
0.0316154
0.0321527
0.0326868
0.0332545
0.033826
0.0344058
0.0349975
0.0356193
0.0362364
0.036876
0.037521
0.0381888
0.0388664
0.0395591
0.0402793
0.0410044
0.041754
0.0424997
0.0432864
0.0440513
0.0448544
0.0456683
0.0464955
0.0473501
0.0481999
0.0490833
0.0499616
0.0508533
0.0517887
0.0527009
0.053667
0.0546167
0.0555741
0.0565387
0.0573133
0.0135471
0.0131794
0.0137008
0.0148607
0.0157489
0.0158963
0.0154486
0.0149144
0.0149124
0.0152215
0.0150958
0.0146664
0.0144389
0.0143678
0.0144718
0.0148836
0.0152105
0.015105
0.0149833
0.0153483
0.0158882
0.016021
0.0159293
0.0161496
0.0165932
0.0168684
0.0169938
0.017197
0.0174841
0.0177727
0.0180554
0.0183422
0.0186109
0.018863
0.0191384
0.0194619
0.0198105
0.0201377
0.0204182
0.0207064
0.021065
0.0214509
0.0217801
0.0220712
0.0224179
0.0228225
0.0232006
0.0235193
0.0238553
0.0242618
0.0246808
0.0250638
0.0254531
0.0258924
0.0263407
0.0267736
0.0272191
0.0276904
0.028148
0.0286041
0.0290717
0.0295538
0.0300545
0.0305715
0.0310956
0.0316185
0.0321551
0.0326898
0.0332591
0.0338304
0.0344092
0.0350011
0.0356228
0.0362396
0.0368795
0.0375248
0.0381927
0.0388699
0.0395623
0.0402823
0.0410072
0.0417563
0.0425014
0.0432878
0.0440524
0.0448563
0.0456703
0.0464965
0.0473506
0.0482004
0.0490839
0.0499622
0.0508541
0.05179
0.0527017
0.0536687
0.0546187
0.0555776
0.0565449
0.0573183
0.0136627
0.013224
0.013551
0.014691
0.0157747
0.0160696
0.0156107
0.0149717
0.0149004
0.0153109
0.0153184
0.0148184
0.0144699
0.0144416
0.0145897
0.0149345
0.0152357
0.0151895
0.0150724
0.0153626
0.0158939
0.0161025
0.0160168
0.0161694
0.0166059
0.0169236
0.0170452
0.0172128
0.0174942
0.0177968
0.0180812
0.0183639
0.0186306
0.0188779
0.0191502
0.0194753
0.0198243
0.0201506
0.0204295
0.0207133
0.02107
0.021459
0.0217889
0.0220758
0.0224201
0.0228276
0.0232094
0.0235261
0.0238584
0.0242679
0.0246911
0.0250716
0.0254576
0.0258982
0.0263467
0.0267767
0.0272211
0.0276923
0.0281497
0.0286069
0.0290763
0.0295592
0.0300586
0.0305743
0.0310988
0.0316219
0.0321576
0.0326928
0.0332639
0.0338348
0.0344127
0.0350049
0.0356265
0.036243
0.0368832
0.0375286
0.0381967
0.0388736
0.0395656
0.0402854
0.0410101
0.0417586
0.0425032
0.0432894
0.0440537
0.0448583
0.0456723
0.0464975
0.0473512
0.0482011
0.0490844
0.0499629
0.0508547
0.0517914
0.0527026
0.0536705
0.054621
0.0555812
0.0565513
0.0573236
0.0137636
0.0133319
0.0134777
0.014506
0.0157227
0.0162163
0.0158182
0.0150803
0.0148739
0.0153303
0.0155198
0.0150297
0.0145251
0.0144661
0.0146929
0.0150248
0.0152718
0.0152469
0.0151602
0.0154046
0.0158959
0.0161576
0.0161116
0.016209
0.01661
0.0169683
0.0171078
0.0172381
0.0174986
0.0178172
0.0181113
0.0183875
0.0186498
0.0188945
0.0191625
0.0194877
0.0198385
0.0201647
0.0204415
0.0207206
0.0210751
0.0214674
0.0217983
0.0220809
0.0224224
0.0228329
0.0232186
0.0235336
0.0238616
0.0242736
0.0247015
0.0250798
0.025462
0.025904
0.026353
0.0267801
0.0272232
0.0276944
0.0281519
0.0286098
0.0290807
0.0295647
0.0300627
0.0305772
0.0311022
0.0316256
0.0321603
0.032696
0.0332689
0.0338393
0.0344163
0.0350088
0.0356303
0.0362465
0.036887
0.0375326
0.0382009
0.0388773
0.039569
0.0402886
0.0410131
0.041761
0.042505
0.043291
0.044055
0.0448603
0.0456744
0.0464986
0.0473518
0.0482018
0.049085
0.0499636
0.0508554
0.0517929
0.0527037
0.0536723
0.0546237
0.0555849
0.0565577
0.0573292
0.0138297
0.0134743
0.013484
0.0143418
0.0156063
0.0163064
0.0160417
0.0152539
0.0148677
0.0152866
0.0156657
0.0152778
0.0146379
0.0144653
0.0147498
0.0151349
0.0153423
0.0152913
0.0152269
0.0154652
0.0159138
0.0161895
0.0161969
0.016271
0.0166174
0.0169968
0.0171739
0.0172783
0.0175022
0.0178297
0.0181433
0.0184157
0.0186687
0.0189115
0.0191766
0.0194994
0.0198522
0.02018
0.0204547
0.0207284
0.0210803
0.0214761
0.0218087
0.0220866
0.0224248
0.0228381
0.0232285
0.023542
0.0238648
0.0242789
0.0247121
0.0250885
0.0254665
0.0259098
0.0263596
0.0267838
0.0272255
0.0276967
0.0281545
0.028613
0.0290851
0.0295701
0.0300669
0.0305803
0.0311057
0.0316294
0.0321631
0.0326994
0.033274
0.0338439
0.03442
0.0350129
0.0356343
0.0362502
0.036891
0.0375368
0.0382051
0.038881
0.0395725
0.040292
0.0410161
0.0417635
0.042507
0.0432927
0.0440564
0.0448624
0.0456766
0.0464996
0.0473525
0.0482026
0.0490856
0.0499644
0.0508561
0.0517945
0.0527049
0.0536741
0.0546266
0.0555888
0.0565642
0.0573351
0.0138464
0.0136273
0.0135578
0.0142254
0.0154523
0.0163272
0.0162473
0.0154824
0.0149167
0.0152071
0.015733
0.0155263
0.014821
0.0144773
0.0147495
0.0152297
0.0154549
0.0153495
0.0152649
0.015522
0.0159591
0.0162161
0.0162581
0.0163452
0.0166406
0.0170113
0.0172337
0.0173338
0.017512
0.0178334
0.0181728
0.0184499
0.0186896
0.0189275
0.0191922
0.0195117
0.0198645
0.0201959
0.0204698
0.0207369
0.0210853
0.0214849
0.02182
0.022093
0.022427
0.0228432
0.023239
0.0235512
0.0238683
0.0242838
0.0247227
0.0250976
0.0254712
0.0259154
0.0263664
0.0267878
0.0272279
0.0276993
0.0281575
0.0286164
0.0290895
0.0295756
0.0300712
0.0305834
0.0311095
0.0316334
0.032166
0.0327028
0.0332793
0.0338486
0.0344239
0.0350172
0.0356385
0.0362541
0.0368951
0.037541
0.0382094
0.0388848
0.0395762
0.0402955
0.0410193
0.0417661
0.042509
0.0432945
0.0440579
0.0448645
0.0456788
0.0465007
0.0473532
0.0482036
0.0490861
0.0499654
0.0508569
0.0517962
0.0527063
0.0536758
0.0546299
0.0555927
0.0565708
0.0573413
0.0137986
0.0137692
0.013682
0.0141705
0.0152905
0.0162832
0.0164078
0.0157371
0.0150399
0.0151312
0.0157186
0.0157365
0.0150599
0.0145391
0.0147132
0.0152747
0.015589
0.0154486
0.0152897
0.0155516
0.0160227
0.0162601
0.0162956
0.016413
0.0166858
0.0170231
0.017279
0.0173989
0.0175345
0.0178314
0.018195
0.0184883
0.0187151
0.0189425
0.0192081
0.0195258
0.0198758
0.0202109
0.0204869
0.0207469
0.0210898
0.0214936
0.0218324
0.0221006
0.0224291
0.0228478
0.02325
0.0235615
0.0238721
0.0242883
0.0247331
0.0251072
0.0254761
0.0259211
0.0263734
0.0267922
0.0272307
0.0277022
0.0281609
0.02862
0.0290939
0.0295811
0.0300757
0.0305867
0.0311134
0.0316377
0.032169
0.0327064
0.0332848
0.0338533
0.0344279
0.0350216
0.0356429
0.0362581
0.0368994
0.0375454
0.0382138
0.0388887
0.0395799
0.0402992
0.0410225
0.0417688
0.0425112
0.0432964
0.0440595
0.0448668
0.0456809
0.0465018
0.0473539
0.0482048
0.0490867
0.0499664
0.0508577
0.0517979
0.0527079
0.0536776
0.0546334
0.0555969
0.0565773
0.0573477
0.0136814
0.0138756
0.0138379
0.0141799
0.0151476
0.0161895
0.0165096
0.0159858
0.0152307
0.0150984
0.0156424
0.0158761
0.0153219
0.014671
0.0146784
0.0152558
0.0157074
0.015598
0.0153324
0.0155434
0.016078
0.0163367
0.0163288
0.0164569
0.0167451
0.0170461
0.0173086
0.0174643
0.0175732
0.0178295
0.0182079
0.0185274
0.0187465
0.0189582
0.0192229
0.0195415
0.0198873
0.0202243
0.0205052
0.0207594
0.0210941
0.0215015
0.0218459
0.0221097
0.0224315
0.0228518
0.0232613
0.0235729
0.0238763
0.0242923
0.0247435
0.0251172
0.0254812
0.0259269
0.0263806
0.0267969
0.0272335
0.0277053
0.0281646
0.0286239
0.0290984
0.0295866
0.0300801
0.0305901
0.0311177
0.0316422
0.0321722
0.0327101
0.0332904
0.0338582
0.034432
0.0350261
0.0356473
0.0362623
0.0369039
0.0375499
0.0382184
0.0388927
0.0395838
0.040303
0.0410258
0.0417715
0.0425135
0.0432983
0.0440612
0.0448692
0.0456831
0.046503
0.0473547
0.0482061
0.0490872
0.0499674
0.0508587
0.0517996
0.0527097
0.0536793
0.0546371
0.0556013
0.0565838
0.0573544
0.0135126
0.0139251
0.0140017
0.0142471
0.0150435
0.0160654
0.0165509
0.016203
0.0154637
0.0151351
0.0155415
0.0159303
0.0155688
0.0148677
0.0146829
0.0151918
0.0157723
0.015776
0.0154245
0.0155136
0.0160962
0.0164374
0.016384
0.0164744
0.0167988
0.0170894
0.017331
0.0175205
0.0176259
0.0178337
0.0182115
0.0185642
0.0187838
0.0189761
0.0192364
0.0195582
0.0199
0.020236
0.0205235
0.0207748
0.0210991
0.0215082
0.0218598
0.0221205
0.0224343
0.0228551
0.0232726
0.0235856
0.0238812
0.0242959
0.0247538
0.0251277
0.0254864
0.0259326
0.0263883
0.0268019
0.0272365
0.0277087
0.0281688
0.028628
0.0291029
0.0295922
0.0300846
0.0305935
0.0311221
0.0316471
0.0321755
0.0327139
0.0332962
0.0338632
0.0344363
0.0350309
0.035652
0.0362667
0.0369084
0.0375546
0.038223
0.0388967
0.0395879
0.040307
0.0410292
0.0417743
0.0425159
0.0433004
0.044063
0.0448717
0.0456853
0.0465043
0.0473555
0.0482076
0.0490878
0.0499685
0.0508598
0.0518013
0.0527118
0.0536811
0.0546411
0.055606
0.0565902
0.0573613
0.0133246
0.0139117
0.0141449
0.0143569
0.0149898
0.0159334
0.0165376
0.0163744
0.0157096
0.0152448
0.0154581
0.0159073
0.0157648
0.0151036
0.0147498
0.0151189
0.0157675
0.0159432
0.0155806
0.0154976
0.0160612
0.0165324
0.0164807
0.0164849
0.0168275
0.0171479
0.0173598
0.017563
0.0176867
0.0178494
0.0182076
0.0185952
0.0188265
0.0189972
0.0192485
0.0195756
0.0199145
0.0202466
0.0205407
0.0207923
0.0211057
0.0215138
0.0218738
0.0221331
0.022438
0.0228578
0.0232837
0.0235993
0.0238869
0.0242989
0.0247639
0.0251388
0.0254917
0.0259382
0.0263963
0.0268074
0.0272395
0.0277123
0.0281734
0.0286323
0.0291075
0.0295979
0.0300893
0.030597
0.0311267
0.0316523
0.032179
0.0327177
0.0333021
0.0338682
0.0344407
0.0350357
0.0356568
0.0362713
0.0369132
0.0375594
0.0382278
0.0389007
0.039592
0.0403111
0.0410326
0.0417773
0.0425184
0.0433025
0.0440649
0.0448743
0.0456874
0.0465056
0.0473564
0.0482092
0.0490885
0.0499696
0.0508611
0.0518029
0.0527142
0.053683
0.0546452
0.055611
0.0565967
0.0573683
0.0131439
0.0138521
0.0142481
0.0144879
0.0149891
0.0158164
0.0164809
0.0164925
0.0159419
0.0154098
0.015425
0.0158364
0.0158882
0.0153457
0.0148791
0.0150721
0.0157069
0.0160597
0.0157821
0.0155339
0.0159869
0.0165867
0.0166137
0.0165171
0.0168251
0.0172033
0.0174055
0.0175959
0.017747
0.0178802
0.0181998
0.0186171
0.0188741
0.019023
0.0192584
0.0195933
0.0199317
0.0202566
0.0205563
0.0208114
0.0211144
0.0215188
0.0218873
0.0221474
0.0224429
0.0228601
0.0232945
0.023614
0.0238937
0.0243015
0.0247735
0.0251506
0.0254973
0.0259434
0.0264048
0.0268136
0.0272425
0.027716
0.0281786
0.0286369
0.0291121
0.0296037
0.0300941
0.0306005
0.0311315
0.0316578
0.0321827
0.0327217
0.033308
0.0338735
0.0344454
0.0350407
0.0356616
0.0362761
0.0369181
0.0375644
0.0382328
0.0389049
0.0395963
0.0403154
0.0410361
0.0417803
0.042521
0.0433047
0.0440669
0.0448771
0.0456895
0.046507
0.0473574
0.0482109
0.0490892
0.0499707
0.0508626
0.0518045
0.0527168
0.053685
0.0546494
0.0556163
0.0566031
0.0573755
0.0129794
0.0137708
0.0143086
0.0146188
0.0150339
0.0157319
0.0163977
0.0165553
0.0161414
0.0156026
0.0154559
0.0157555
0.0159371
0.0155624
0.015055
0.0150742
0.0156224
0.0161028
0.0159872
0.0156447
0.0159114
0.0165767
0.0167534
0.016595
0.0168081
0.0172354
0.0174664
0.0176294
0.0177995
0.0179252
0.0181945
0.0186261
0.0189245
0.0190569
0.019265
0.019609
0.0199532
0.0202674
0.0205694
0.0208312
0.0211255
0.021524
0.0219001
0.0221627
0.0224491
0.0228619
0.0233047
0.0236297
0.0239016
0.0243038
0.0247825
0.0251631
0.0255033
0.0259482
0.0264133
0.0268205
0.0272458
0.0277196
0.0281841
0.0286419
0.0291169
0.0296095
0.0300991
0.0306042
0.0311363
0.0316636
0.0321868
0.0327258
0.033314
0.0338787
0.0344503
0.0350459
0.0356668
0.036281
0.0369231
0.0375694
0.0382378
0.038909
0.0396008
0.0403199
0.0410396
0.0417834
0.0425237
0.043307
0.0440689
0.04488
0.0456915
0.0465085
0.0473585
0.0482127
0.0490901
0.0499717
0.0508645
0.0518061
0.0527196
0.0536873
0.0546536
0.0556219
0.0566095
0.0573827
0.0128277
0.0136828
0.0143361
0.0147344
0.0151098
0.0156885
0.0163095
0.0165693
0.0162975
0.0157969
0.0155416
0.0156987
0.0159271
0.0157292
0.0152544
0.0151324
0.0155488
0.0160804
0.0161523
0.0158175
0.0158772
0.0165084
0.0168617
0.0167209
0.0168049
0.0172353
0.0175288
0.0176739
0.0178427
0.0179788
0.0181988
0.0186211
0.0189718
0.0191032
0.0192705
0.019618
0.0199791
0.020282
0.0205794
0.02085
0.0211388
0.02153
0.0219124
0.0221789
0.0224569
0.0228635
0.0233139
0.0236462
0.0239108
0.0243055
0.0247911
0.0251764
0.02551
0.0259526
0.0264218
0.0268281
0.0272494
0.0277234
0.0281898
0.0286473
0.0291219
0.0296152
0.0301042
0.0306081
0.0311412
0.0316696
0.0321911
0.0327301
0.03332
0.033884
0.0344554
0.0350513
0.035672
0.0362862
0.0369283
0.0375746
0.038243
0.0389132
0.0396053
0.0403245
0.0410432
0.0417868
0.0425265
0.0433094
0.0440711
0.0448832
0.0456934
0.04651
0.0473598
0.0482145
0.0490911
0.0499726
0.0508666
0.0518077
0.0527224
0.0536898
0.0546578
0.0556278
0.056616
0.05739
0.0126875
0.0135903
0.0143412
0.0148287
0.0152021
0.0156851
0.0162359
0.0165491
0.0164076
0.0159737
0.0156603
0.0156842
0.0158852
0.0158328
0.0154494
0.0152381
0.0155119
0.0160223
0.0162521
0.0160143
0.0159131
0.0164162
0.0169076
0.0168689
0.0168413
0.0172132
0.017575
0.0177317
0.0178822
0.0180336
0.0182181
0.018606
0.0190075
0.0191631
0.0192818
0.0196162
0.0200054
0.0203051
0.0205882
0.0208656
0.021154
0.0215372
0.0219243
0.0221957
0.0224659
0.0228654
0.0233224
0.0236635
0.0239216
0.0243066
0.0247987
0.0251905
0.0255173
0.0259566
0.0264301
0.0268364
0.0272534
0.0277273
0.0281958
0.0286529
0.029127
0.029621
0.0301094
0.0306121
0.0311464
0.0316759
0.0321956
0.0327344
0.0333261
0.0338894
0.0344607
0.0350567
0.0356774
0.0362916
0.0369335
0.0375799
0.0382484
0.0389176
0.0396101
0.0403293
0.0410467
0.0417902
0.0425294
0.043312
0.0440733
0.0448865
0.0456954
0.0465116
0.0473612
0.0482163
0.0490924
0.0499735
0.050869
0.0518094
0.0527253
0.0536928
0.054662
0.0556338
0.0566226
0.0573973
0.0125645
0.0134919
0.0143282
0.0149004
0.0152971
0.0157126
0.0161864
0.0165109
0.016475
0.0161244
0.015792
0.0157146
0.0158427
0.0158775
0.0156129
0.0153698
0.0155184
0.0159594
0.0162882
0.016195
0.0160185
0.016344
0.016888
0.0170027
0.0169253
0.017192
0.0175935
0.0177948
0.0179255
0.018084
0.0182524
0.0185903
0.0190242
0.019231
0.0193085
0.0196038
0.0200233
0.0203381
0.0206008
0.0208756
0.0211689
0.0215468
0.0219364
0.0222132
0.022476
0.022867
0.0233299
0.0236815
0.0239342
0.0243073
0.0248051
0.0252059
0.0255259
0.02596
0.0264382
0.0268451
0.0272577
0.0277315
0.0282021
0.0286586
0.0291324
0.0296269
0.0301149
0.0306162
0.0311515
0.0316825
0.0322005
0.0327389
0.0333321
0.033895
0.0344663
0.0350622
0.035683
0.0362971
0.0369387
0.0375852
0.0382539
0.038922
0.039615
0.0403343
0.0410504
0.0417938
0.0425323
0.0433146
0.0440756
0.0448899
0.0456972
0.0465131
0.047363
0.0482181
0.049094
0.0499744
0.0508716
0.0518112
0.0527281
0.0536961
0.0546663
0.05564
0.0566293
0.0574047
0.0124658
0.0133916
0.0142983
0.0149505
0.0153859
0.0157605
0.0161612
0.0164674
0.0165049
0.016244
0.0159213
0.0157783
0.0158243
0.015885
0.0157322
0.0155058
0.0155607
0.0159126
0.0162785
0.0163295
0.0161642
0.0163249
0.0168294
0.0170903
0.0170416
0.0171956
0.0175876
0.0178501
0.0179766
0.0181293
0.0182959
0.018583
0.0190207
0.0192951
0.0193573
0.0195903
0.0200247
0.020376
0.0206247
0.020882
0.0211791
0.0215585
0.0219499
0.0222314
0.0224876
0.0228683
0.0233363
0.0237004
0.0239486
0.0243072
0.0248098
0.025222
0.025536
0.0259629
0.0264458
0.0268546
0.0272624
0.0277359
0.0282088
0.0286646
0.0291377
0.0296328
0.0301207
0.0306205
0.0311567
0.0316893
0.0322056
0.0327434
0.0333382
0.0339009
0.0344722
0.0350676
0.0356886
0.036303
0.0369442
0.0375908
0.0382594
0.0389264
0.0396199
0.0403394
0.0410539
0.0417977
0.0425353
0.0433174
0.0440781
0.0448935
0.0456992
0.0465146
0.0473651
0.0482197
0.0490957
0.0499753
0.0508743
0.0518132
0.0527308
0.0536998
0.0546706
0.0556462
0.0566362
0.0574121
0.0123935
0.0132983
0.0142549
0.014981
0.0154646
0.015822
0.0161588
0.0164275
0.0165037
0.0163268
0.0160351
0.0158558
0.0158363
0.0158808
0.0158101
0.0156304
0.015627
0.0158927
0.0162472
0.0164103
0.0163151
0.0163648
0.0167687
0.0171213
0.0171611
0.0172364
0.0175724
0.0178876
0.0180334
0.0181736
0.0183431
0.0185897
0.0190036
0.0193429
0.0194253
0.019589
0.0200076
0.0204073
0.0206638
0.0208926
0.0211811
0.0215689
0.0219664
0.0222508
0.0225003
0.0228688
0.023341
0.0237209
0.0239658
0.0243068
0.0248127
0.0252387
0.0255479
0.0259657
0.0264525
0.0268643
0.0272674
0.0277404
0.0282159
0.0286711
0.0291431
0.0296385
0.0301268
0.030625
0.0311617
0.0316967
0.0322114
0.0327476
0.0333439
0.033907
0.0344786
0.0350732
0.0356944
0.0363091
0.0369496
0.0375965
0.0382652
0.0389311
0.039625
0.0403447
0.0410574
0.0418017
0.0425383
0.0433202
0.0440808
0.0448971
0.0457012
0.0465161
0.0473675
0.0482212
0.0490977
0.0499763
0.050877
0.0518156
0.0527333
0.0537039
0.0546751
0.0556523
0.0566433
0.0574196
0.0123445
0.0132192
0.0142035
0.0149929
0.0155297
0.015891
0.0161796
0.0164022
0.016486
0.0163744
0.0161282
0.0159328
0.0158684
0.0158811
0.0158556
0.0157333
0.0157031
0.0158988
0.016215
0.0164463
0.0164451
0.0164468
0.0167365
0.0171105
0.0172549
0.0173093
0.0175659
0.0179048
0.018089
0.0182193
0.0183896
0.0186104
0.0189833
0.019368
0.019501
0.0196102
0.0199807
0.0204196
0.0207115
0.0209174
0.0211773
0.0215716
0.0219864
0.0222743
0.0225141
0.0228683
0.0233427
0.023742
0.0239865
0.0243058
0.0248128
0.0252558
0.0255617
0.0259686
0.0264585
0.0268746
0.0272729
0.027745
0.0282233
0.0286781
0.0291484
0.0296439
0.0301334
0.0306298
0.0311666
0.0317042
0.0322176
0.0327519
0.0333493
0.0339133
0.0344852
0.0350785
0.0357003
0.0363154
0.0369551
0.0376023
0.0382709
0.0389359
0.0396301
0.0403503
0.0410611
0.0418061
0.0425414
0.043323
0.0440836
0.0449005
0.0457033
0.0465174
0.0473703
0.0482227
0.0490997
0.0499777
0.0508797
0.0518183
0.0527358
0.0537082
0.0546798
0.0556583
0.0566505
0.0574272
0.0123153
0.0131581
0.0141512
0.0149881
0.0155756
0.0159561
0.0162159
0.0163951
0.0164645
0.0163926
0.0161962
0.0160019
0.015908
0.0158906
0.0158816
0.0158113
0.0157784
0.0159223
0.0161932
0.0164517
0.0165403
0.0165464
0.0167426
0.0170843
0.0173074
0.017394
0.0175808
0.017907
0.0181361
0.0182677
0.0184343
0.0186421
0.0189688
0.0193724
0.0195714
0.0196567
0.0199594
0.0204084
0.0207539
0.0209618
0.0211781
0.0215607
0.022004
0.0223054
0.0225304
0.0228662
0.0233415
0.0237632
0.0240117
0.0243057
0.0248095
0.0252726
0.025578
0.0259716
0.0264636
0.0268851
0.0272788
0.0277493
0.028231
0.0286857
0.0291539
0.0296489
0.0301401
0.0306349
0.0311715
0.031712
0.0322245
0.0327561
0.0333544
0.0339202
0.0344926
0.035084
0.035706
0.0363218
0.0369605
0.0376084
0.0382768
0.0389408
0.039635
0.0403557
0.0410645
0.0418104
0.0425447
0.0433259
0.0440871
0.044904
0.0457057
0.0465188
0.0473734
0.0482241
0.0491017
0.0499795
0.0508821
0.0518213
0.0527383
0.0537128
0.0546848
0.0556642
0.0566577
0.0574348
0.0123011
0.0131139
0.0141027
0.014972
0.0156018
0.0160084
0.0162561
0.0164016
0.0164464
0.0163881
0.016234
0.0160553
0.0159453
0.0159055
0.0158977
0.0158665
0.0158467
0.0159566
0.0161871
0.0164443
0.0166011
0.016645
0.0167823
0.0170685
0.0173263
0.0174685
0.0176188
0.0179045
0.0181692
0.0183165
0.018476
0.0186797
0.0189644
0.0193618
0.0196265
0.0197209
0.019957
0.0203823
0.0207761
0.0210189
0.0211975
0.0215391
0.022009
0.0223446
0.0225539
0.0228611
0.0233358
0.0237836
0.0240416
0.0243081
0.0248024
0.0252881
0.0255969
0.0259749
0.0264677
0.0268962
0.0272853
0.0277534
0.0282387
0.0286942
0.0291596
0.0296534
0.0301471
0.0306401
0.031176
0.0317202
0.0322322
0.0327602
0.0333588
0.0339273
0.0345003
0.0350896
0.0357122
0.0363285
0.0369659
0.0376146
0.0382826
0.038946
0.0396402
0.0403615
0.0410683
0.0418147
0.0425479
0.0433284
0.0440907
0.0449072
0.0457081
0.0465203
0.0473766
0.0482258
0.0491037
0.0499818
0.0508846
0.0518245
0.0527409
0.0537173
0.0546901
0.0556699
0.0566649
0.0574425
0.0122988
0.0130847
0.0140611
0.0149505
0.0156143
0.0160478
0.016295
0.0164177
0.0164391
0.0163747
0.0162461
0.0160884
0.0159742
0.01592
0.015907
0.0159013
0.0159019
0.0159935
0.016193
0.0164354
0.0166326
0.0167277
0.0168407
0.0170741
0.0173303
0.0175203
0.0176715
0.0179093
0.018188
0.0183631
0.0185149
0.0187178
0.0189712
0.0193432
0.0196609
0.0197904
0.0199789
0.0203571
0.0207725
0.0210717
0.0212434
0.0215212
0.021993
0.0223842
0.0225914
0.0228556
0.0233226
0.0238018
0.0240757
0.0243141
0.0247921
0.0253009
0.0256186
0.0259791
0.0264704
0.0269079
0.0272927
0.0277569
0.0282461
0.0287034
0.029166
0.0296578
0.0301541
0.0306457
0.0311804
0.0317284
0.0322403
0.0327641
0.0333628
0.0339348
0.0345082
0.0350949
0.035718
0.0363354
0.0369715
0.0376212
0.0382887
0.0389514
0.0396455
0.0403671
0.0410724
0.0418193
0.0425517
0.0433312
0.0440948
0.0449102
0.0457105
0.0465219
0.0473797
0.0482275
0.0491054
0.0499844
0.050887
0.0518278
0.0527437
0.053722
0.0546957
0.0556756
0.056672
0.0574503
0.0123115
0.0130711
0.0140281
0.0149241
0.0156139
0.0160707
0.0163249
0.0164333
0.0164381
0.016361
0.0162398
0.0160998
0.015989
0.0159293
0.0159107
0.0159199
0.0159413
0.0160267
0.016205
0.0164306
0.0166449
0.0167868
0.0169025
0.0170969
0.0173348
0.0175494
0.0177228
0.0179276
0.0181978
0.0184056
0.0185554
0.0187545
0.0189897
0.0193255
0.0196746
0.0198533
0.0200183
0.0203446
0.0207514
0.0211025
0.0213064
0.0215249
0.0219584
0.0224092
0.0226457
0.0228588
0.0232995
0.0238155
0.0241155
0.0243252
0.0247793
0.02531
0.0256421
0.0259847
0.0264716
0.02692
0.0273015
0.02776
0.0282527
0.0287131
0.0291728
0.029662
0.0301612
0.0306513
0.0311846
0.0317372
0.0322494
0.0327681
0.0333659
0.0339428
0.0345166
0.0351005
0.0357241
0.0363421
0.0369764
0.0376275
0.0382946
0.0389567
0.0396508
0.0403724
0.0410767
0.0418235
0.0425553
0.0433339
0.0440994
0.0449134
0.045713
0.0465242
0.047383
0.0482295
0.0491072
0.0499875
0.0508893
0.051831
0.0527466
0.0537265
0.0547014
0.0556808
0.056679
0.057458
0.0123392
0.0130733
0.0140062
0.0148941
0.0155994
0.0160746
0.0163387
0.0164393
0.0164322
0.016346
0.0162214
0.0160922
0.0159872
0.015929
0.0159086
0.0159257
0.0159659
0.0160522
0.0162184
0.0164312
0.0166495
0.0168248
0.0169573
0.01713
0.0173471
0.0175657
0.0177605
0.0179534
0.0182029
0.0184369
0.0185962
0.0187881
0.019017
0.0193182
0.0196756
0.0199056
0.020069
0.0203501
0.0207286
0.0211066
0.0213656
0.021559
0.0219228
0.0224047
0.0227054
0.0228815
0.0232676
0.0238165
0.0241606
0.024344
0.0247643
0.0253149
0.0256675
0.0259921
0.0264713
0.0269321
0.027312
0.0277628
0.0282582
0.0287233
0.0291802
0.0296663
0.0301683
0.0306569
0.0311881
0.0317459
0.0322592
0.0327721
0.0333688
0.0339515
0.0345253
0.0351058
0.0357305
0.0363494
0.0369821
0.0376341
0.0383008
0.0389623
0.0396562
0.0403776
0.0410813
0.0418277
0.042559
0.0433365
0.0441036
0.0449161
0.0457152
0.0465266
0.0473861
0.0482316
0.0491091
0.0499911
0.0508921
0.0518343
0.0527502
0.0537311
0.0547076
0.0556873
0.0566859
0.0574659
0.0123757
0.013089
0.0139962
0.0148654
0.0155726
0.0160599
0.0163318
0.0164295
0.0164114
0.0163199
0.0161905
0.0160665
0.0159689
0.0159158
0.0159003
0.0159221
0.0159792
0.0160709
0.0162291
0.0164343
0.0166513
0.0168476
0.0169992
0.0171645
0.017366
0.0175785
0.0177846
0.01798
0.0182099
0.0184556
0.0186329
0.0188177
0.0190438
0.0193204
0.0196679
0.0199421
0.020123
0.0203708
0.0207166
0.0210973
0.0214063
0.021615
0.0219102
0.0223739
0.0227519
0.0229321
0.0232394
0.0237965
0.0242066
0.024375
0.0247471
0.0253131
0.025694
0.0260014
0.026469
0.0269439
0.0273246
0.0277656
0.0282619
0.0287332
0.0291882
0.0296711
0.0301758
0.0306628
0.0311913
0.0317548
0.0322699
0.032776
0.0333704
0.0339602
0.0345342
0.0351109
0.0357367
0.0363562
0.0369874
0.0376404
0.038307
0.0389681
0.0396618
0.0403825
0.0410862
0.0418318
0.0425627
0.0433398
0.0441084
0.0449191
0.0457173
0.0465294
0.0473888
0.0482335
0.0491107
0.0499942
0.0508944
0.051837
0.0527535
0.0537356
0.0547133
0.0556919
0.0566924
0.0574734
0.0124181
0.0131161
0.0139986
0.0148433
0.0155369
0.016026
0.0163
0.0163954
0.016367
0.0162708
0.0161407
0.0160186
0.0159296
0.0158847
0.0158823
0.0159122
0.0159834
0.0160869
0.0162394
0.0164395
0.016653
0.0168609
0.0170299
0.0171947
0.0173869
0.0175891
0.0177971
0.0180001
0.0182191
0.0184661
0.0186633
0.0188481
0.0190701
0.0193318
0.0196592
0.0199603
0.0201711
0.0203992
0.0207122
0.0210833
0.0214231
0.0216705
0.0219294
0.0223354
0.0227676
0.0230024
0.0232343
0.0237555
0.0242445
0.0244249
0.0247334
0.0253027
0.025722
0.0260147
0.0264651
0.0269549
0.0273401
0.02777
0.0282641
0.0287424
0.029197
0.0296761
0.0301832
0.0306688
0.0311935
0.0317631
0.0322819
0.0327801
0.0333721
0.0339699
0.0345438
0.0351165
0.0357437
0.0363638
0.0369937
0.0376468
0.0383133
0.0389744
0.0396678
0.0403876
0.0410917
0.0418361
0.0425665
0.0433435
0.0441129
0.0449222
0.0457199
0.0465335
0.0473922
0.0482361
0.0491135
0.0499985
0.0508978
0.0518404
0.0527577
0.0537404
0.0547196
0.0556988
0.056699
0.0574809
0.0124707
0.0131525
0.0140097
0.0148264
0.0154939
0.0159693
0.0162374
0.0163267
0.0162898
0.0161874
0.0160611
0.0159431
0.0158645
0.0158316
0.0158472
0.0158954
0.0159795
0.0160993
0.0162504
0.0164452
0.0166558
0.0168686
0.0170548
0.0172226
0.0174103
0.0176016
0.0178036
0.0180137
0.0182274
0.0184708
0.0186842
0.0188771
0.0190966
0.0193479
0.0196558
0.0199677
0.0202108
0.0204365
0.0207178
0.0210719
0.0214253
0.0217086
0.0219685
0.0223077
0.0227449
0.0230651
0.0232597
0.0236991
0.0242541
0.0244893
0.0247281
0.0252782
0.0257465
0.0260323
0.0264586
0.0269626
0.0273569
0.0277754
0.0282637
0.0287499
0.0292064
0.029682
0.0301908
0.0306755
0.031195
0.0317701
0.0322947
0.032785
0.0333721
0.0339779
0.0345528
0.0351206
0.0357495
0.03637
0.0369993
0.0376522
0.0383189
0.0389803
0.0396727
0.0403917
0.0410964
0.0418396
0.0425696
0.0433472
0.0441168
0.0449241
0.0457214
0.0465364
0.0473941
0.0482371
0.0491153
0.0500015
0.0509001
0.0518426
0.0527612
0.0537449
0.0547248
0.0557035
0.0567051
0.057488
0.0125481
0.0132037
0.0140275
0.0148071
0.0154362
0.0158796
0.0161285
0.0162054
0.0161611
0.0160538
0.0159347
0.0158298
0.0157672
0.015755
0.0157935
0.0158712
0.0159742
0.0161096
0.0162631
0.0164489
0.0166558
0.0168665
0.0170687
0.0172452
0.0174298
0.0176145
0.0178062
0.0180234
0.0182369
0.0184754
0.0187017
0.0189061
0.0191278
0.019369
0.019659
0.0199707
0.0202382
0.020478
0.0207366
0.0210681
0.0214267
0.0217344
0.0220188
0.022316
0.0227114
0.023108
0.0233241
0.0236592
0.0242335
0.0245638
0.0247485
0.0252449
0.0257656
0.0260595
0.0264533
0.0269678
0.027377
0.0277848
0.0282631
0.0287554
0.0292162
0.0296885
0.030199
0.0306829
0.0311959
0.0317758
0.0323087
0.0327911
0.0333731
0.033987
0.0345635
0.0351271
0.0357567
0.0363777
0.0370067
0.0376584
0.0383252
0.0389882
0.0396793
0.0403971
0.0411027
0.0418443
0.0425736
0.0433525
0.0441217
0.0449276
0.0457251
0.0465417
0.0473978
0.0482398
0.0491191
0.0500062
0.0509037
0.0518461
0.0527656
0.0537499
0.0547306
0.0557099
0.0567115
0.057495
0.0126804
0.0133013
0.0140782
0.0148001
0.0153682
0.0157538
0.0159606
0.0160114
0.0159564
0.0158486
0.01574
0.0156583
0.0156214
0.0156425
0.0157137
0.0158276
0.0159582
0.0161073
0.0162668
0.0164427
0.0166435
0.0168486
0.0170605
0.0172514
0.0174331
0.0176164
0.017799
0.0180189
0.0182368
0.01847
0.0187083
0.0189239
0.0191528
0.0193892
0.019661
0.0199687
0.0202487
0.0205084
0.0207595
0.021062
0.0214194
0.0217402
0.0220464
0.0223396
0.0226774
0.0231044
0.0233922
0.0236454
0.0241771
0.0246178
0.0247945
0.0252058
0.0257654
0.0260922
0.0264489
0.0269645
0.0273965
0.0277958
0.0282605
0.0287587
0.0292247
0.0296953
0.0302085
0.0306915
0.0311953
0.0317787
0.0323224
0.0327983
0.033373
0.0339927
0.0345723
0.0351326
0.0357621
0.0363836
0.0370136
0.0376633
0.0383297
0.0389949
0.0396838
0.0404004
0.041107
0.0418474
0.0425762
0.0433566
0.0441245
0.0449284
0.0457267
0.0465448
0.0473995
0.0482407
0.0491218
0.0500094
0.050906
0.0518483
0.0527694
0.0537547
0.0547355
0.0557147
0.0567171
0.0575014
0.0128746
0.0134676
0.0141903
0.014837
0.0153235
0.0156303
0.0157735
0.0157862
0.0157216
0.0156272
0.0155438
0.0155001
0.0155041
0.0155646
0.0156672
0.0158035
0.0159533
0.016108
0.0162709
0.016439
0.0166293
0.016829
0.0170422
0.0172496
0.0174332
0.017621
0.0178034
0.018019
0.0182436
0.0184719
0.0187185
0.0189431
0.0191762
0.0194149
0.019669
0.0199714
0.0202587
0.0205338
0.020796
0.0210741
0.0214214
0.0217534
0.0220655
0.0223759
0.02268
0.0230812
0.0234465
0.0236776
0.0241181
0.0246397
0.0248665
0.0251846
0.0257456
0.0261296
0.0264565
0.0269549
0.0274169
0.0278133
0.0282592
0.0287606
0.0292317
0.0297008
0.0302189
0.0307029
0.0311949
0.0317789
0.0323373
0.0328086
0.0333737
0.0339985
0.0345819
0.0351402
0.0357683
0.0363897
0.0370207
0.0376687
0.0383349
0.0390034
0.0396902
0.0404055
0.041113
0.0418516
0.0425805
0.0433626
0.0441291
0.0449314
0.0457312
0.0465501
0.0474023
0.0482426
0.0491257
0.0500138
0.0509091
0.0518516
0.0527735
0.0537593
0.0547409
0.0557204
0.0567231
0.0575078
0.0128844
0.0133094
0.0138559
0.0143601
0.0147503
0.0150072
0.0151538
0.0152275
0.015262
0.0152827
0.0153057
0.0153516
0.0154237
0.0155276
0.015655
0.0157986
0.0159516
0.0161041
0.0162642
0.016426
0.0166016
0.0167948
0.017002
0.0172189
0.0174127
0.01761
0.0178034
0.0180111
0.0182404
0.0184697
0.0187209
0.0189585
0.0191923
0.0194371
0.0196795
0.0199702
0.020262
0.0205416
0.0208199
0.0210893
0.0214165
0.0217579
0.0220696
0.022395
0.0227031
0.0230596
0.0234658
0.0237328
0.0240821
0.0246215
0.0249382
0.0251922
0.025709
0.0261559
0.0264766
0.026939
0.0274289
0.0278344
0.0282575
0.0287604
0.0292355
0.0297046
0.0302285
0.030717
0.0311948
0.0317735
0.0323485
0.0328206
0.0333738
0.0340006
0.0345912
0.0351496
0.0357749
0.036397
0.0370291
0.0376742
0.0383402
0.0390116
0.039695
0.0404091
0.0411182
0.0418546
0.042584
0.0433676
0.0441315
0.0449321
0.0457345
0.0465545
0.0474045
0.0482446
0.0491299
0.0500178
0.0509118
0.0518544
0.0527777
0.0537642
0.0547454
0.0557251
0.0567281
0.0575134
0.0147238
0.0144998
0.0141809
0.0139267
0.0138068
0.0138318
0.0139809
0.0142166
0.0144892
0.0147603
0.0149984
0.0152014
0.0153737
0.0155267
0.015669
0.0158064
0.015948
0.0160935
0.0162499
0.0164092
0.0165755
0.0167629
0.0169639
0.0171802
0.0173876
0.0175965
0.0178038
0.0180077
0.0182339
0.0184669
0.0187155
0.0189653
0.0192003
0.0194493
0.019692
0.0199683
0.0202649
0.0205469
0.0208384
0.0211156
0.0214193
0.021761
0.0220731
0.0223988
0.0227277
0.0230502
0.0234515
0.0237759
0.0240749
0.0245756
0.0249808
0.0252275
0.0256712
0.0261618
0.0265076
0.0269273
0.0274306
0.0278592
0.0282617
0.0287581
0.029247
0.0297086
0.0302352
0.0307343
0.0312
0.0317658
0.0323583
0.0328394
0.0333778
0.0339982
0.0345975
0.0351585
0.035778
0.0364006
0.0370347
0.037676
0.038344
0.0390202
0.0396993
0.0404116
0.0411231
0.0418575
0.0425874
0.0433729
0.0441345
0.0449336
0.0457384
0.0465586
0.0474052
0.0482452
0.0491331
0.0500212
0.0509137
0.0518568
0.0527813
0.0537682
0.05475
0.0557297
0.0567335
0.0575191
0.014346
0.0139571
0.0134914
0.0131479
0.012996
0.0130462
0.0132656
0.0136011
0.0139844
0.0143649
0.014705
0.014994
0.0152349
0.0154365
0.0156129
0.0157698
0.0159219
0.0160745
0.0162346
0.0163959
0.0165598
0.0167417
0.0169361
0.0171472
0.0173608
0.017576
0.0177905
0.0180016
0.0182264
0.018466
0.018714
0.0189728
0.0192165
0.019463
0.019713
0.0199749
0.0202685
0.0205549
0.0208499
0.0211446
0.0214309
0.0217642
0.0220819
0.0224014
0.022754
0.0230701
0.023443
0.0238106
0.0241083
0.0245449
0.0249967
0.0252831
0.0256572
0.0261506
0.026541
0.0269275
0.0274206
0.0278799
0.0282731
0.028752
0.0292511
0.0297108
0.030234
0.0307512
0.0312099
0.0317513
0.0323596
0.032861
0.033386
0.0339954
0.0346052
0.0351739
0.0357868
0.0364097
0.037046
0.0376814
0.0383503
0.039032
0.0397061
0.0404146
0.0411291
0.0418626
0.0425922
0.0433781
0.0441371
0.0449356
0.0457433
0.0465643
0.0474084
0.0482487
0.0491388
0.050026
0.050917
0.0518603
0.0527856
0.0537729
0.0547537
0.0557342
0.0567377
0.0575235
0.0150452
0.0147407
0.0142929
0.0138914
0.0136141
0.0134844
0.0134918
0.0136195
0.0138363
0.014107
0.0143964
0.0146776
0.0149431
0.0151877
0.0154201
0.0156329
0.0158317
0.0160177
0.0161982
0.0163775
0.0165528
0.0167365
0.016925
0.0171298
0.0173378
0.0175467
0.0177576
0.017978
0.0182081
0.0184491
0.0186996
0.0189603
0.0192157
0.019461
0.0197175
0.0199777
0.0202615
0.0205579
0.0208516
0.0211593
0.0214416
0.0217557
0.022081
0.0223914
0.0227549
0.0230839
0.0234253
0.0238104
0.0241343
0.0245192
0.0249738
0.0253188
0.0256628
0.0261269
0.0265599
0.0269415
0.0274041
0.0278908
0.0282948
0.0287457
0.0292522
0.0297206
0.0302285
0.0307686
0.0312322
0.0317374
0.0323547
0.0328873
0.0333959
0.0339855
0.0346068
0.0351828
0.0357881
0.0364116
0.0370505
0.0376799
0.0383514
0.0390403
0.0397103
0.0404141
0.0411312
0.0418655
0.0425958
0.0433818
0.0441382
0.0449368
0.0457468
0.046567
0.0474078
0.0482486
0.0491413
0.0500283
0.0509181
0.051862
0.0527886
0.0537761
0.0547573
0.0557377
0.0567421
0.0575282
0.0129308
0.0131345
0.0134331
0.0136835
0.0138465
0.0139313
0.0139643
0.0139865
0.0140374
0.0141371
0.0142969
0.0145033
0.0147455
0.0150035
0.015267
0.0155199
0.0157549
0.0159717
0.0161715
0.0163706
0.0165602
0.0167488
0.0169334
0.0171266
0.0173218
0.0175192
0.0177306
0.0179608
0.0182034
0.0184476
0.0187014
0.0189608
0.0192194
0.0194696
0.0197248
0.0199904
0.0202634
0.0205647
0.0208632
0.0211694
0.0214632
0.0217579
0.0220866
0.022402
0.0227578
0.023111
0.0234326
0.0238119
0.0241711
0.0245247
0.0249566
0.0253409
0.0256886
0.0261158
0.0265602
0.0269646
0.0273926
0.0278834
0.0283227
0.0287432
0.0292439
0.0297359
0.0302178
0.0307715
0.0312636
0.0317254
0.0323342
0.0329136
0.0334162
0.033977
0.0346125
0.0352016
0.0357969
0.0364222
0.0370645
0.0376847
0.038357
0.0390529
0.0397189
0.0404173
0.0411355
0.0418702
0.0426013
0.0433869
0.0441396
0.0449389
0.0457525
0.0465731
0.0474113
0.0482526
0.0491475
0.0500332
0.0509216
0.0518653
0.0527925
0.0537805
0.0547603
0.0557414
0.0567453
0.057532
0.015066
0.0146238
0.0140204
0.0134672
0.0130636
0.0128409
0.0128047
0.012929
0.0131774
0.0135
0.0138632
0.0142298
0.0145783
0.0148983
0.0151898
0.0154591
0.0157037
0.0159308
0.0161382
0.0163433
0.0165395
0.0167302
0.0169146
0.0170968
0.0172829
0.0174772
0.0176976
0.0179377
0.0181871
0.018438
0.018693
0.0189527
0.0192075
0.0194644
0.0197215
0.019991
0.0202646
0.0205618
0.0208701
0.0211692
0.0214707
0.0217609
0.0220771
0.0224074
0.0227489
0.0231135
0.0234386
0.0237972
0.0241854
0.0245335
0.0249388
0.0253426
0.0257066
0.0261184
0.0265509
0.0269818
0.0273995
0.0278664
0.0283438
0.0287541
0.0292279
0.0297511
0.0302183
0.0307634
0.0312967
0.0317322
0.0323086
0.0329266
0.0334399
0.0339664
0.0346055
0.0352122
0.0357977
0.0364208
0.0370707
0.0376839
0.0383549
0.0390589
0.0397236
0.0404174
0.0411367
0.041872
0.0426043
0.0433908
0.0441408
0.044939
0.0457549
0.0465756
0.0474112
0.0482521
0.0491491
0.0500349
0.0509223
0.0518663
0.0527942
0.0537825
0.0547627
0.0557437
0.0567478
0.0575324
0.0142774
0.0137213
0.0130556
0.0124937
0.0121313
0.0119936
0.012079
0.0123454
0.0127336
0.0131826
0.0136478
0.0140937
0.0144989
0.0148572
0.0151669
0.0154417
0.0156854
0.0159087
0.0161152
0.0163165
0.0165125
0.0167036
0.0168889
0.0170672
0.0172488
0.0174456
0.0176724
0.0179205
0.0181727
0.0184292
0.0186862
0.0189457
0.0191977
0.019455
0.0197149
0.0199832
0.0202601
0.0205534
0.0208648
0.0211649
0.0214656
0.0217627
0.0220717
0.0224094
0.0227524
0.0231129
0.0234495
0.0237968
0.0241895
0.0245457
0.0249352
0.0253408
0.0257134
0.0261232
0.026546
0.026983
0.0274102
0.0278582
0.0283444
0.0287693
0.02922
0.0297537
0.030229
0.0307533
0.0313052
0.0317499
0.0322982
0.0329256
0.0334608
0.0339752
0.0346068
0.0352255
0.0358113
0.0364291
0.0370831
0.0376943
0.0383603
0.0390667
0.039732
0.0404222
0.0411407
0.0418759
0.0426074
0.0433947
0.0441438
0.0449416
0.0457587
0.0465811
0.0474164
0.0482564
0.0491544
0.0500396
0.0509264
0.0518695
0.0527971
0.053786
0.0547647
0.0557472
0.0567493
0.0575377
)
;

boundaryField
{
    ZeroGradientPlanes
    {
        type            zeroGradient;
    }
    inlet
    {
        type            zeroGradient;
    }
    plate
    {
        type            zeroGradient;
    }
    frontAndBack
    {
        type            empty;
    }
}


// ************************************************************************* //
