/*--------------------------------*- C++ -*----------------------------------*\
| =========                 |                                                 |
| \\      /  F ield         | OpenFOAM: The Open Source CFD Toolbox           |
|  \\    /   O peration     | Version:  2506                                  |
|   \\  /    A nd           | Website:  www.openfoam.com                      |
|    \\/     M anipulation  |                                                 |
\*---------------------------------------------------------------------------*/
FoamFile
{
    version     2.0;
    format      ascii;
    arch        "LSB;label=32;scalar=64";
    class       volScalarField;
    location    "9.55";
    object      p;
}
// * * * * * * * * * * * * * * * * * * * * * * * * * * * * * * * * * * * * * //

dimensions      [0 2 -2 0 0 0 0];

internalField   nonuniform List<scalar> 
9600
(
6.3096e-11
-0.000663564
-0.00230452
0.00129814
0.00114421
-0.00295047
0.000405413
0.00453751
5.64023e-05
0.00366461
0.00478972
0.00613906
0.00725475
0.0078051
0.00890515
0.0113603
0.0129211
0.0149131
0.0169613
0.0217696
-4.78599e-06
-0.000655296
-0.00229541
0.00130404
0.00111928
-0.00295486
0.000412271
0.0045314
7.37509e-05
0.00366198
0.0047921
0.00614832
0.00723352
0.00779806
0.00890139
0.0113574
0.0129388
0.0148913
0.01699
0.0213973
-8.67545e-06
-0.000646172
-0.00228719
0.00129797
0.00107046
-0.00291668
0.000430895
0.00451937
0.000101666
0.00364727
0.00480179
0.00615451
0.00720928
0.00779387
0.00889698
0.0113636
0.0129578
0.0148576
0.0169963
0.0208809
-1.24027e-05
-0.000637912
-0.00227554
0.00128164
0.00102342
-0.00283198
0.000463096
0.00450313
0.000153088
0.0036244
0.00481933
0.00615735
0.00718435
0.00779228
0.00889213
0.0113715
0.0129776
0.014813
0.0169681
0.0203933
-1.79559e-05
-0.000629637
-0.0022549
0.00125942
0.000985721
-0.00270409
0.000510985
0.00448369
0.000228475
0.00359778
0.00484535
0.00615727
0.0071574
0.00778955
0.00888895
0.0113792
0.0129999
0.0147586
0.0169157
0.0199335
-2.60983e-05
-0.000620145
-0.00222236
0.00123172
0.00095806
-0.0025417
0.000573002
0.0044623
0.000324355
0.00357243
0.00487868
0.00615394
0.00712828
0.00778562
0.00889188
0.0113867
0.0130238
0.0146963
0.016842
0.0194947
-3.6565e-05
-0.000608379
-0.00217808
0.00119945
0.00094098
-0.00235546
0.000645892
0.00443854
0.000434385
0.00355007
0.00491646
0.00614786
0.00709734
0.00778071
0.00890048
0.0113932
0.0130473
0.0146284
0.016746
0.0190752
-4.82496e-05
-0.000593575
-0.00212326
0.00116531
0.000933076
-0.00215631
0.000725441
0.00441215
0.000553634
0.00352989
0.00495617
0.00613949
0.00706428
0.00777397
0.0089134
0.0113982
0.0130681
0.0145556
0.0166271
0.0186764
-5.98171e-05
-0.000575376
-0.00205837
0.00113204
0.000930527
-0.00195391
0.000807142
0.00438311
0.000679047
0.00351053
0.00499634
0.00612918
0.00702938
0.00776463
0.00892831
0.011401
0.0130832
0.0144772
0.0164865
0.0182985
-7.03859e-05
-0.000553718
-0.00198331
0.00110214
0.000930162
-0.00175608
0.000886445
0.00435177
0.000809179
0.00349158
0.00503675
0.00611806
0.0069945
0.00775251
0.00894242
0.0114009
0.0130893
0.0143921
0.0163257
0.0179746
-7.97199e-05
-0.000528548
-0.00189834
0.00107805
0.000931047
-0.00156837
0.000959589
0.00431848
0.000942991
0.00347362
0.00507836
0.00610851
0.00696237
0.0077383
0.00895325
0.0113961
0.0130843
0.0142991
0.0161449
0.0176283
-8.79849e-05
-0.000499711
-0.00180453
0.00106242
0.000933486
-0.00139387
0.00102459
0.00428363
0.00107931
0.00345764
0.00512251
0.00610328
0.00693596
0.00772365
0.00895912
0.0113858
0.0130668
0.0141974
0.0159459
0.0172877
-9.54421e-05
-0.000467171
-0.00170364
0.00105505
0.000937698
-0.00123318
0.00108158
0.00424758
0.00121677
0.00344435
0.00517001
0.00610442
0.00691747
0.00771067
0.00895941
0.0113698
0.0130368
0.0140863
0.0157314
0.0169503
-0.000102247
-0.000431108
-0.00159767
0.00105555
0.000943598
-0.00108488
0.00113235
0.00421077
0.00135412
0.00343407
0.00522077
0.00611279
0.00690735
0.00770098
0.00895441
0.0113483
0.0129956
0.013965
0.0155044
0.0166152
-0.000108416
-0.000391852
-0.00148829
0.00106239
0.000951073
-0.000946678
0.00117934
0.00417371
0.00149044
0.00342687
0.00527415
0.00612821
0.00690511
0.00769524
0.00894494
0.011322
0.0129445
0.0138311
0.0152671
0.0162833
-0.00011386
-0.000349797
-0.00137656
0.00107395
0.000960027
-0.000816564
0.001225
0.00413694
0.0016252
0.00342289
0.00532932
0.00614982
0.00690667
0.00769326
0.00893183
0.0112907
0.0128852
0.0136848
0.0150206
0.0159556
-0.000118429
-0.000305331
-0.00126301
0.00108902
0.00097051
-0.000693042
0.00127124
0.00410096
0.00175799
0.0034224
0.0053855
0.00617673
0.0069104
0.00769429
0.00891578
0.0112538
0.0128195
0.0135267
0.014765
0.0156328
-0.00012194
-0.000258799
-0.00114789
0.00110685
0.00098282
-0.000575111
0.00131925
0.00406632
0.00188839
0.00342565
0.00544203
0.00620833
0.00691426
0.00769736
0.0088974
0.0112103
0.012749
0.0133581
0.0144992
0.0153152
-0.000124188
-0.000210507
-0.00103129
0.00112707
0.000997377
-0.000462122
0.00136975
0.00403364
0.00201605
0.00343292
0.00549834
0.00624421
0.00691679
0.00770141
0.00887733
0.0111592
0.0126738
0.0131814
0.0142219
0.0150024
-0.000124939
-0.000160734
-0.00091328
0.00114949
0.00101458
-0.000353589
0.00142311
0.00400355
0.0021406
0.00344452
0.00555393
0.00628409
0.0069173
0.00770502
0.00885626
0.0110999
0.0125935
0.0129992
0.0139326
0.0146929
-0.000123946
-0.000109719
-0.000793886
0.00117399
0.0010348
-0.000249139
0.0014794
0.00397677
0.00226166
0.00346064
0.00560838
0.00632779
0.00691555
0.00770672
0.00883478
0.0110317
0.0125071
0.0128146
0.0136324
0.0143836
-0.000120954
-5.76955e-05
-0.000673119
0.00120048
0.00105835
-0.000148433
0.00153842
0.003954
0.00237893
0.00348129
0.00566147
0.00637509
0.00691151
0.00770519
0.00881318
0.0109547
0.0124129
0.01263
0.013324
0.0140723
-0.000115672
-4.8888e-06
-0.000551001
0.00122892
0.00108544
-5.11347e-05
0.00159981
0.00393587
0.00249224
0.00350641
0.00571304
0.00642567
0.00690541
0.00769911
0.00879132
0.0108696
0.0123092
0.0124456
0.0130099
0.0137583
-0.000107775
4.85174e-05
-0.000427632
0.00125928
0.0011162
4.31439e-05
0.00166306
0.00392284
0.00260155
0.00353583
0.00576289
0.00647905
0.00689785
0.00768748
0.00876865
0.0107778
0.0121954
0.0122611
0.0126912
0.0134418
-9.69485e-05
0.00010236
-0.000303165
0.00129158
0.00115074
0.000134866
0.00172761
0.00391529
0.00270695
0.0035692
0.00581095
0.00653466
0.00688954
0.00766963
0.00874419
0.0106798
0.0120714
0.0120774
0.0123691
0.0131195
-8.28903e-05
0.000156506
-0.000177732
0.00132592
0.00118908
0.000224517
0.00179293
0.00391343
0.00280865
0.00360612
0.0058573
0.00659195
0.00688097
0.00764523
0.00871682
0.0105762
0.0119367
0.011896
0.012047
0.0127855
-6.52897e-05
0.000210851
-5.14926e-05
0.00136239
0.00123115
0.000312628
0.00185854
0.00391729
0.00290695
0.00364621
0.00590214
0.00665021
0.0068724
0.0076144
0.00868571
0.0104674
0.0117906
0.0117173
0.0117313
0.0124363
-4.38223e-05
0.000265349
7.53111e-05
0.00140111
0.00127686
0.000399816
0.00192406
0.00392685
0.00300209
0.00368897
0.00594565
0.00670882
0.00686394
0.00757737
0.00865024
0.0103545
0.0116324
0.0115384
0.0114279
0.0120752
-1.81694e-05
0.000320016
0.000202438
0.00144221
0.00132611
0.000486752
0.00198917
0.00394196
0.00309456
0.00373371
0.00598785
0.00676732
0.00685548
0.00753442
0.00860969
0.0102387
0.0114636
0.0113556
0.0111377
0.0117102
1.19585e-05
0.000374879
0.000329624
0.00148591
0.00137871
0.000574076
0.00205359
0.00396244
0.00318511
0.00377962
0.00602878
0.00682543
0.00684637
0.00748609
0.00856379
0.0101198
0.0112871
0.0111682
0.0108581
0.0113473
4.68403e-05
0.000430038
0.000456525
0.0015324
0.00143462
0.000662256
0.00211704
0.00398811
0.00327442
0.0038258
0.00606845
0.00688325
0.00683577
0.00743245
0.00851322
0.00999739
0.0111035
0.010978
0.0105877
0.0109881
8.67557e-05
0.000485667
0.000582828
0.00158181
0.00149373
0.000751917
0.00217923
0.0040188
0.00336323
0.00387119
0.00610622
0.00694121
0.00682334
0.00737274
0.00845905
0.00987308
0.0109117
0.0107855
0.0103298
0.0106339
0.000131893
0.000542015
0.000708303
0.00163415
0.00155592
0.000843438
0.00223986
0.00405394
0.00345269
0.00391491
0.00614092
0.00699981
0.00680907
0.00730493
0.0084015
0.00975054
0.0107119
0.0105872
0.0100875
0.0102907
0.000182401
0.000599357
0.000832749
0.00168954
0.00162127
0.000937425
0.00229855
0.00409276
0.00354409
0.00395667
0.00617109
0.00705915
0.00679349
0.00722747
0.00833914
0.00963305
0.0105077
0.0103791
0.00985961
0.00996738
0.000238458
0.000657837
0.000956047
0.00174819
0.00168965
0.00103434
0.00235502
0.00413433
0.00363861
0.00399668
0.0061948
0.0071189
0.00677808
0.00713973
0.00827
0.00952195
0.010304
0.0101594
0.0096404
0.00967158
0.000300275
0.000717591
0.00107815
0.00181008
0.00176071
0.00113508
0.00240936
0.00417728
0.00373722
0.00403559
0.00620977
0.00717821
0.006765
0.00704151
0.00819201
0.00941747
0.0101049
0.00992937
0.00942305
0.00940642
0.000368028
0.000778704
0.00119919
0.00187536
0.00183405
0.0012407
0.00246194
0.00421963
0.00384067
0.00407493
0.00621385
0.00723506
0.00675652
0.00693338
0.00810252
0.00931937
0.00991454
0.0096921
0.00920126
0.00916842
0.000441901
0.000841044
0.00131943
0.00194477
0.00190878
0.0013518
0.00251349
0.00425915
0.0039491
0.00411703
0.00620591
0.00728661
0.00675498
0.00681711
0.00799804
0.00922611
0.00973754
0.00945177
0.0089701
0.00894751
0.000522214
0.000904388
0.00143891
0.00201918
0.00198361
0.00146866
0.0025656
0.0042939
0.00406161
0.00416431
0.00618579
0.00732932
0.00676202
0.00669646
0.00787507
0.0091336
0.00957833
0.00921475
0.00872758
0.00873252
0.000609281
0.000968552
0.00155742
0.00209949
0.00205752
0.00159113
0.00262071
0.00432252
0.00417624
0.00421893
0.00615445
0.00735913
0.00677748
0.00657653
0.00772903
0.00903567
0.00943939
0.00898957
0.00847598
0.00851394
0.000703378
0.00103364
0.00167438
0.00218668
0.00213001
0.00171841
0.00268156
0.00434469
0.00429005
0.00428252
0.00611429
0.00737265
0.00679973
0.00646226
0.00756195
0.00892508
0.00932021
0.00878515
0.008221
0.00828538
0.000804807
0.00109996
0.00178883
0.00228214
0.0022011
0.0018482
0.00275042
0.00436095
0.00439963
0.00435583
0.0060685
0.0073673
0.00682629
0.00635895
0.0073764
0.00879378
0.0092167
0.00860993
0.00797088
0.00804295
0.00091382
0.00116798
0.00189951
0.00238748
0.00227163
0.00197653
0.00282845
0.00437335
0.00450157
0.00443803
0.00602056
0.00734117
0.00685342
0.00627212
0.0071773
0.00863404
0.00912067
0.00847206
0.00773827
0.00778496
0.00103041
0.00123864
0.00200457
0.00250341
0.00234477
0.00209907
0.00291504
0.00438584
0.00459367
0.00452643
0.0059735
0.00729439
0.00687698
0.00620538
0.00697222
0.00844089
0.00902078
0.00837483
0.00753919
0.00751611
0.0011542
0.00131333
0.00210194
0.00262914
0.00242607
0.00221316
0.00300756
0.00440221
0.00467554
0.00461739
0.00592889
0.0072288
0.00689399
0.00616017
0.00677012
0.00821594
0.00890315
0.00830883
0.00738923
0.0072543
0.00128469
0.00139352
0.00219049
0.00276311
0.00252033
0.0023184
0.00310164
0.00442475
0.00474836
0.0047077
0.00588682
0.00714656
0.0069021
0.00613653
0.00658021
0.00796515
0.00875725
0.00825942
0.00729359
0.00702332
0.00142123
0.00148068
0.00227006
0.00290222
0.00263153
0.00241585
0.00319127
0.00445411
0.00481518
0.00479478
0.00584692
0.00705104
0.00689925
0.00613261
0.00641088
0.00769826
0.00857992
0.00820923
0.00723994
0.00684301
0.00156292
0.0015765
0.00234146
0.00304114
0.0027628
0.00250974
0.00327004
0.00448872
0.0048804
0.00487735
0.00580864
0.00694623
0.00688385
0.00614419
0.00626931
0.00742545
0.00837077
0.00814633
0.00721358
0.00671795
0.00170855
0.00168275
0.00240666
0.00317346
0.0029137
0.00260711
0.00333453
0.00452415
0.00494814
0.00495739
0.00577219
0.0068347
0.00685402
0.00616487
0.00615974
0.00716001
0.00813097
0.00806306
0.00720161
0.00663702
0.00185705
0.00180077
0.00246822
0.00329339
0.00308185
0.00271678
0.0033851
0.0045527
0.00501897
0.00503981
0.00573996
0.00671833
0.00680832
0.00618752
0.00608095
0.00691531
0.00786801
0.00795192
0.00719563
0.00658911
0.00200739
0.00193114
0.00252979
0.00339707
0.00326262
0.00284578
0.00342426
0.0045667
0.00509021
0.00512914
0.00571641
0.00659998
0.00674622
0.00620572
0.00602801
0.00670055
0.00759631
0.00780792
0.00718589
0.00656661
0.00215835
0.00207357
0.00259589
0.00348258
0.00344784
0.00299849
0.00345955
0.00456083
0.0051543
0.00522646
0.00570777
0.00648463
0.00666812
0.00621374
0.00599417
0.00651887
0.00733273
0.00763557
0.00715997
0.00656336
0.00230937
0.00222775
0.00267111
0.00354891
0.00362653
0.00317492
0.00350416
0.0045362
0.00520066
0.00532924
0.00571976
0.00637984
0.00657676
0.00620659
0.00597232
0.00636893
0.00708659
0.0074471
0.00710828
0.0065702
0.00245981
0.00239195
0.00276126
0.00359855
0.00378711
0.00337021
0.00356771
0.00449726
0.00522041
0.00543097
0.00575565
0.00629568
0.00647854
0.00618074
0.00595475
0.00624796
0.00686139
0.00721947
0.00702836
0.00657571
0.00260923
0.00256281
0.00286763
0.00363708
0.0039255
0.00357802
0.00365706
0.00445283
0.00520766
0.00551833
0.00581342
0.0062413
0.00638371
0.00613705
0.00593293
0.00615133
0.00666694
0.00702785
0.00693274
0.00657305
0.00275931
0.00273775
0.00298978
0.00367048
0.00403689
0.0037873
0.00377809
0.00442043
0.0051657
0.00557638
0.00588438
0.00622102
0.00630484
0.00608095
0.00589978
0.00607032
0.00650199
0.00684432
0.0068258
0.00655974
0.00291176
0.00291309
0.00312735
0.00370346
0.00411714
0.0039821
0.00392745
0.00441838
0.00510684
0.00559674
0.00595352
0.00623319
0.00625315
0.00602334
0.00585434
0.0059946
0.00636279
0.00667813
0.00672044
0.00653726
0.00306957
0.00309918
0.00327705
0.00373668
0.00416069
0.00415135
0.00409889
0.00445394
0.00505066
0.00558024
0.00600136
0.00626928
0.0062352
0.00597779
0.00580256
0.00591751
0.00624134
0.00653074
0.00660891
0.00650308
0.00322877
0.00327155
0.00343663
0.00379074
0.00418849
0.00429056
0.00428052
0.00452673
0.00501489
0.00553602
0.00601303
0.0063105
0.00625014
0.00595485
0.00575319
0.00583933
0.00612954
0.0064008
0.00650752
0.00648346
0.00338899
0.00344089
0.00359796
0.00386605
0.00421266
0.00439954
0.00445539
0.0046289
0.00500669
0.005481
0.00598823
0.00633591
0.00629069
0.00596316
0.00571641
0.00576366
0.00602291
0.00628295
0.00641088
0.00643828
0.00354922
0.00360302
0.00376053
0.00396364
0.00424376
0.00447899
0.00460861
0.0047482
0.00502875
0.00543665
0.00593863
0.00633342
0.00633999
0.00600499
0.00570402
0.00569619
0.0059206
0.0061731
0.00632165
0.00639607
0.00370817
0.00376001
0.00391794
0.00407713
0.0042888
0.00453785
0.0047383
0.00487797
0.00508147
0.00541277
0.00587877
0.00630221
0.00637652
0.00607102
0.00572503
0.0056462
0.00582523
0.00606881
0.00623814
0.00635542
0.00386559
0.00390828
0.00406988
0.00420345
0.00435087
0.00458604
0.00484308
0.00500583
0.00515782
0.00541353
0.00582436
0.00625105
0.00639097
0.00614372
0.00577936
0.00562688
0.00574333
0.00597043
0.00615903
0.00631538
0.0040248
0.00406222
0.00420991
0.00432804
0.00442849
0.00463282
0.00492502
0.00512412
0.00525073
0.00544041
0.00578737
0.00619257
0.00638402
0.0062079
0.00585638
0.00564493
0.00568558
0.00588071
0.00608378
0.00627625
0.00418053
0.0042075
0.00434341
0.00445023
0.00451874
0.00468578
0.00499019
0.00522933
0.00535335
0.00549141
0.00577409
0.00613936
0.00636138
0.00625915
0.00594176
0.00569545
0.00566306
0.00580787
0.00601366
0.00623767
0.00433118
0.00435106
0.00446895
0.00456877
0.0046221
0.00475053
0.00504418
0.00531679
0.0054552
0.0055597
0.00578527
0.00610257
0.00633193
0.00629675
0.00602841
0.0057691
0.00567858
0.00576255
0.00595307
0.00620065
0.00447503
0.0044868
0.00459094
0.00468241
0.00472806
0.0048237
0.00509489
0.00538985
0.00555386
0.0056437
0.00582226
0.00609022
0.00630732
0.00632256
0.00611275
0.00585768
0.00572704
0.0057538
0.00591173
0.00616912
0.00461321
0.00462276
0.00470816
0.00478679
0.0048312
0.00490424
0.00514684
0.00545138
0.00564381
0.00573599
0.00588151
0.00610512
0.00630204
0.00634776
0.0061954
0.00595955
0.00580141
0.00578111
0.00589833
0.00615017
0.00474155
0.00474988
0.00482076
0.00488631
0.00493216
0.00499183
0.00520363
0.00550592
0.00572488
0.0058309
0.0059565
0.00614328
0.00632016
0.00638505
0.00628229
0.00607789
0.00590548
0.00584703
0.00592124
0.00615214
0.00485621
0.00486322
0.00492819
0.00498069
0.00502757
0.00508218
0.00526619
0.00555553
0.00579686
0.00593042
0.0060516
0.00620849
0.00636172
0.00643684
0.00637522
0.00620817
0.00603749
0.00595225
0.00598777
0.00618616
0.00496516
0.00497607
0.00502703
0.0050631
0.00511103
0.00517071
0.00533782
0.00560508
0.00585316
0.00602001
0.00616129
0.00630917
0.00644729
0.00652681
0.00649555
0.00636149
0.00620082
0.00609888
0.00610181
0.00625993
0.00506786
0.00507537
0.00511987
0.0051386
0.0051809
0.00524591
0.00541306
0.00567119
0.00591498
0.0060947
0.00625688
0.00641792
0.00656497
0.00666554
0.00667344
0.00657685
0.00643278
0.00632467
0.00630348
0.00642704
0.00514325
0.00515621
0.00520445
0.00521321
0.00524992
0.0053099
0.00546629
0.00572219
0.00598359
0.00618178
0.00635401
0.00652001
0.00667981
0.00681039
0.00686697
0.00682108
0.00670548
0.00660421
0.00656514
0.00664947
0.00520692
0.00522479
0.00527774
0.0052796
0.00531919
0.00538711
0.00552639
0.00574717
0.0060183
0.00628728
0.00653375
0.00675361
0.00694678
0.00710657
0.00720257
0.00722031
0.00716114
0.00706365
0.00697254
0.00695014
0.00525594
0.00525353
0.00529031
0.00530274
0.00535813
0.00545341
0.00560691
0.00576997
0.00591746
0.00610503
0.00639252
0.00675536
0.00709595
0.00735038
0.0075465
0.00771662
0.00789209
0.00812702
0.00842371
0.00869887
0.00528881
0.00533226
0.00538812
0.00536076
0.0053736
0.00546268
0.00567007
0.00594873
0.00623639
0.00651674
0.00677367
0.00700835
0.0072491
0.00748934
0.00771838
0.00795771
0.00817794
0.00837873
0.00855723
0.00866397
0.00519925
0.00517569
0.00533522
0.00549017
0.0056125
0.00573237
0.00589655
0.00609976
0.00631487
0.00649755
0.00669662
0.00691697
0.00717499
0.00746598
0.00774112
0.00803765
0.00841093
0.00881619
0.0091773
0.0094054
0.00530578
0.00540504
0.00553909
0.00561579
0.00570175
0.00580608
0.00597449
0.00617147
0.00638967
0.00664215
0.0069367
0.00723875
0.00749127
0.0077239
0.00788804
0.00795254
0.00787962
0.00769212
0.00745767
0.00726129
0.00518422
0.0051976
0.0054348
0.00567663
0.00584225
0.00595831
0.006101
0.00626385
0.00646872
0.00667341
0.00687557
0.00713343
0.00741205
0.00769843
0.00799533
0.0082916
0.00862911
0.00897898
0.00927808
0.00945027
0.00520738
0.00531913
0.00560999
0.00584986
0.0059983
0.00608617
0.00621046
0.00635318
0.00653333
0.00674637
0.00698219
0.00728833
0.00761665
0.00791779
0.00821474
0.00850121
0.0087477
0.00893248
0.00903124
0.00901494
0.0287846
0.0210308
0.0115206
0.00505718
0.00338506
0.00436041
0.00552562
0.00624082
0.00667818
0.0069855
0.00723098
0.00749555
0.00774506
0.00792413
0.00812013
0.00838175
0.00859561
0.00873338
0.00890569
0.00913418
0.00933236
0.00945563
0.00954159
0.00968521
0.00994444
0.010223
0.0104196
0.0105817
0.0107939
0.0110456
0.0112738
0.0114779
0.0117349
0.0120613
0.0123941
0.0127159
0.0130582
0.0134055
0.0137261
0.0140295
0.0143132
0.0145739
0.01483
0.0151271
0.0154736
0.0158367
0.0161785
0.0165201
0.0168931
0.0172872
0.0176501
0.017983
0.0183429
0.0187257
0.0190741
0.0194117
0.0198064
0.0202137
0.0206128
0.0210289
0.0214896
0.0219759
0.0224869
0.0229587
0.0233486
0.0236959
0.0241446
0.0246862
0.0252211
0.0257391
0.026272
0.0267941
0.0273036
0.0278335
0.0283685
0.028934
0.0294946
0.0300805
0.0306549
0.0312719
0.0319082
0.0325443
0.0331955
0.0338631
0.0345676
0.0352841
0.0360085
0.03674
0.0374584
0.0382419
0.0390182
0.039812
0.0405874
0.0413665
0.0421397
0.0429069
0.043663
0.0443308
0.0449003
0.0453407
0.0276716
0.0208326
0.0115974
0.00520859
0.00348003
0.00440598
0.00555349
0.00625952
0.00669142
0.00699575
0.00723945
0.00750302
0.00775183
0.00793002
0.00812523
0.00838647
0.00859998
0.00873717
0.00890897
0.00913721
0.00933519
0.00945821
0.00954381
0.00968704
0.0099461
0.0102246
0.0104211
0.010583
0.0107951
0.0110467
0.0112748
0.0114788
0.0117357
0.0120621
0.0123949
0.0127166
0.0130589
0.0134061
0.0137268
0.0140302
0.0143139
0.0145745
0.0148306
0.0151276
0.0154742
0.0158373
0.0161791
0.0165206
0.0168935
0.0172877
0.0176506
0.0179835
0.0183434
0.0187261
0.0190745
0.0194121
0.0198068
0.0202141
0.0206131
0.0210292
0.0214899
0.0219762
0.0224872
0.022959
0.0233489
0.0236961
0.0241448
0.0246864
0.0252214
0.0257393
0.0262722
0.0267943
0.0273038
0.0278337
0.0283687
0.0289342
0.0294948
0.0300806
0.030655
0.031272
0.0319083
0.0325445
0.0331956
0.0338633
0.0345678
0.0352842
0.0360086
0.0367401
0.0374585
0.038242
0.0390183
0.0398121
0.0405875
0.0413665
0.0421398
0.042907
0.0436631
0.0443309
0.0449003
0.0453406
0.0266843
0.0206529
0.011766
0.0054881
0.0036431
0.0044643
0.00558108
0.00628131
0.00670907
0.00700914
0.00724949
0.00751102
0.0077587
0.0079359
0.00813027
0.00839107
0.00860422
0.00874089
0.00891227
0.00914022
0.00933792
0.00946064
0.00954591
0.00968882
0.00994774
0.0102262
0.0104226
0.0105842
0.0107962
0.0110477
0.0112758
0.0114796
0.0117364
0.0120627
0.0123956
0.0127172
0.0130595
0.0134067
0.0137274
0.0140308
0.0143145
0.0145751
0.0148311
0.0151281
0.0154747
0.0158378
0.0161796
0.0165211
0.016894
0.0172881
0.0176511
0.0179839
0.0183437
0.0187265
0.0190749
0.0194124
0.0198071
0.0202144
0.0206134
0.0210294
0.0214902
0.0219764
0.0224874
0.0229593
0.0233492
0.0236963
0.024145
0.0246866
0.0252216
0.0257394
0.0262724
0.0267945
0.0273039
0.0278338
0.0283688
0.0289343
0.0294949
0.0300808
0.0306552
0.0312721
0.0319085
0.0325446
0.0331957
0.0338634
0.0345679
0.0352843
0.0360087
0.0367402
0.0374586
0.038242
0.0390184
0.0398122
0.0405876
0.0413666
0.0421398
0.0429071
0.0436631
0.0443309
0.0449003
0.0453405
0.0257611
0.0204564
0.0119758
0.00583879
0.00386541
0.00454605
0.00562111
0.00631501
0.00673683
0.00702959
0.00726399
0.00752165
0.00776726
0.00794326
0.0081365
0.00839637
0.00860912
0.00874571
0.0089168
0.0091441
0.00934116
0.0094636
0.00954876
0.00969139
0.00995
0.0102282
0.0104243
0.0105858
0.0107976
0.011049
0.0112769
0.0114805
0.0117372
0.0120636
0.0123964
0.0127179
0.0130601
0.0134074
0.013728
0.0140313
0.014315
0.0145756
0.0148316
0.0151285
0.0154751
0.0158383
0.0161801
0.0165215
0.0168944
0.0172886
0.0176515
0.0179843
0.0183441
0.0187269
0.0190752
0.0194127
0.0198074
0.0202147
0.0206137
0.0210297
0.0214904
0.0219766
0.0224877
0.0229596
0.0233495
0.0236965
0.0241451
0.0246868
0.0252218
0.0257396
0.0262726
0.0267946
0.0273041
0.0278339
0.028369
0.0289345
0.029495
0.0300809
0.0306553
0.0312722
0.0319086
0.0325447
0.0331958
0.0338635
0.034568
0.0352844
0.0360088
0.0367403
0.0374587
0.0382421
0.0390185
0.0398123
0.0405877
0.0413667
0.0421399
0.0429071
0.0436632
0.044331
0.0449004
0.0453405
0.0248456
0.0202215
0.0121931
0.00621308
0.00411356
0.00464052
0.00566809
0.00635756
0.006774
0.00705786
0.00728441
0.00753632
0.00777866
0.00795321
0.00814486
0.00840281
0.00861488
0.00875207
0.00892326
0.0091494
0.00934522
0.00946746
0.00955304
0.00969556
0.0099534
0.010231
0.0104269
0.0105884
0.0107999
0.0110509
0.0112784
0.0114818
0.0117384
0.0120646
0.0123973
0.0127187
0.0130609
0.0134082
0.0137288
0.014032
0.0143155
0.0145761
0.0148321
0.015129
0.0154756
0.0158388
0.0161806
0.016522
0.0168949
0.0172891
0.017652
0.0179847
0.0183445
0.0187273
0.0190756
0.019413
0.0198077
0.0202151
0.020614
0.02103
0.0214907
0.0219769
0.022488
0.0229601
0.0233498
0.0236966
0.0241452
0.024687
0.025222
0.0257398
0.0262728
0.0267949
0.0273043
0.0278341
0.0283691
0.0289346
0.0294952
0.030081
0.0306554
0.0312723
0.0319087
0.0325448
0.0331959
0.0338636
0.0345681
0.0352846
0.0360089
0.0367405
0.0374587
0.0382422
0.0390186
0.0398124
0.0405878
0.0413668
0.04214
0.0429072
0.0436634
0.0443312
0.0449006
0.0453404
0.0239393
0.0199513
0.0124055
0.0065937
0.00437539
0.00474184
0.00571631
0.00640308
0.00681612
0.00709114
0.00730916
0.00755435
0.00779275
0.00796581
0.00815548
0.00841048
0.00862149
0.00875996
0.00893172
0.0091562
0.00935013
0.00947234
0.00955909
0.00970176
0.00995819
0.0102345
0.0104305
0.0105924
0.0108035
0.0110536
0.0112805
0.0114836
0.0117401
0.0120661
0.0123986
0.0127198
0.0130619
0.0134092
0.0137297
0.0140327
0.0143161
0.0145766
0.0148326
0.0151295
0.015476
0.0158392
0.0161811
0.0165227
0.0168955
0.0172896
0.0176525
0.0179853
0.0183451
0.0187278
0.019076
0.0194134
0.0198081
0.0202154
0.0206143
0.0210303
0.021491
0.0219772
0.0224884
0.0229605
0.0233502
0.0236968
0.0241454
0.0246873
0.0252223
0.0257401
0.026273
0.0267951
0.0273045
0.0278343
0.0283693
0.0289348
0.0294953
0.0300812
0.0306555
0.0312725
0.0319089
0.032545
0.0331961
0.0338637
0.0345682
0.0352847
0.0360091
0.0367406
0.0374588
0.0382423
0.0390187
0.0398125
0.0405879
0.0413669
0.0421402
0.0429074
0.0436636
0.0443315
0.044901
0.0453403
0.023056
0.0196524
0.012606
0.00697464
0.00464911
0.00485028
0.0057648
0.00644945
0.00686121
0.00712772
0.00733677
0.00757473
0.00780886
0.00798037
0.00816778
0.00841917
0.00862887
0.00876906
0.00894169
0.00916417
0.00935572
0.00947811
0.00956689
0.00971004
0.00996437
0.0102387
0.010435
0.0105979
0.0108088
0.0110576
0.0112835
0.0114864
0.0117425
0.0120681
0.0124001
0.0127211
0.0130631
0.0134104
0.0137309
0.0140337
0.0143168
0.0145772
0.0148333
0.0151301
0.0154763
0.0158395
0.0161816
0.0165234
0.0168962
0.0172901
0.0176531
0.017986
0.0183457
0.0187284
0.0190765
0.0194139
0.0198085
0.0202158
0.0206147
0.0210307
0.0214914
0.0219775
0.0224887
0.0229611
0.0233507
0.023697
0.0241455
0.0246876
0.0252226
0.0257404
0.0262733
0.0267954
0.0273047
0.0278345
0.0283695
0.028935
0.0294955
0.0300814
0.0306557
0.0312726
0.031909
0.0325451
0.0331962
0.0338638
0.0345683
0.0352848
0.0360092
0.0367407
0.0374589
0.0382424
0.0390189
0.0398127
0.0405881
0.041367
0.0421403
0.0429075
0.0436638
0.0443319
0.0449016
0.0453403
0.0222075
0.0193285
0.0127881
0.00735148
0.00493481
0.00496839
0.00581461
0.00649639
0.00690889
0.00716734
0.00736688
0.00759708
0.00782654
0.00799626
0.0081812
0.00842865
0.00863692
0.00877907
0.00895271
0.0091729
0.00936175
0.00948454
0.00957604
0.00972003
0.00997172
0.0102435
0.0104401
0.0106046
0.0108155
0.0110628
0.0112878
0.0114904
0.011746
0.0120707
0.012402
0.0127226
0.0130644
0.0134118
0.0137323
0.0140349
0.0143177
0.014578
0.0148342
0.0151309
0.0154767
0.0158396
0.0161821
0.0165241
0.0168969
0.0172906
0.0176538
0.0179869
0.0183466
0.018729
0.0190771
0.0194145
0.019809
0.0202161
0.020615
0.0210311
0.0214918
0.0219779
0.0224892
0.0229617
0.0233512
0.0236973
0.0241458
0.0246879
0.025223
0.0257407
0.0262736
0.0267957
0.027305
0.0278348
0.0283697
0.0289352
0.0294958
0.0300816
0.0306558
0.0312728
0.0319092
0.0325452
0.0331963
0.0338639
0.0345684
0.0352849
0.0360093
0.0367408
0.0374591
0.0382425
0.039019
0.0398128
0.0405882
0.0413672
0.0421405
0.0429077
0.0436641
0.0443325
0.0449024
0.0453403
0.0214005
0.0189822
0.0129461
0.0077206
0.00523251
0.0050988
0.00586723
0.00654369
0.00695874
0.00720988
0.00739948
0.00762125
0.00784548
0.00801313
0.00819546
0.00843878
0.00864553
0.00878977
0.00896452
0.00918227
0.00936817
0.00949138
0.00958603
0.00973119
0.00997998
0.0102487
0.0104456
0.010612
0.010823
0.011069
0.0112931
0.0114955
0.0117506
0.012074
0.0124044
0.0127244
0.0130658
0.0134131
0.0137338
0.0140363
0.0143188
0.0145792
0.0148356
0.015132
0.0154772
0.0158397
0.0161825
0.0165249
0.0168975
0.017291
0.0176543
0.0179879
0.0183476
0.0187298
0.0190778
0.0194153
0.0198097
0.0202166
0.0206153
0.0210314
0.0214921
0.0219782
0.0224896
0.0229623
0.0233518
0.0236977
0.0241461
0.0246884
0.0252235
0.0257412
0.026274
0.0267961
0.0273054
0.0278352
0.02837
0.0289355
0.0294961
0.0300818
0.0306561
0.031273
0.0319094
0.0325454
0.0331965
0.0338641
0.0345686
0.0352851
0.0360095
0.036741
0.0374592
0.0382427
0.0390192
0.039813
0.0405884
0.0413673
0.0421407
0.042908
0.0436645
0.0443333
0.0449036
0.0453403
0.0206382
0.018617
0.0130777
0.00807936
0.00554114
0.0052429
0.00592338
0.00659043
0.00700978
0.0072551
0.00743461
0.00764723
0.00786559
0.00803085
0.00821043
0.00844943
0.00865453
0.00880098
0.00897699
0.00919226
0.00937502
0.00949855
0.0095965
0.00974304
0.00998888
0.0102542
0.0104514
0.0106197
0.0108309
0.0110756
0.0112991
0.0115017
0.0117561
0.012078
0.0124073
0.0127266
0.0130674
0.0134143
0.0137352
0.0140377
0.0143201
0.0145807
0.0148375
0.0151337
0.0154781
0.0158399
0.016183
0.0165258
0.0168981
0.0172911
0.0176547
0.0179889
0.0183487
0.0187306
0.0190787
0.0194164
0.0198107
0.0202172
0.0206158
0.0210319
0.0214924
0.0219783
0.0224899
0.022963
0.0233526
0.0236981
0.0241464
0.0246888
0.0252239
0.0257416
0.0262745
0.0267966
0.0273059
0.0278356
0.0283704
0.0289359
0.0294965
0.0300822
0.0306563
0.0312732
0.0319097
0.0325456
0.0331967
0.0338642
0.0345687
0.0352853
0.0360097
0.0367412
0.0374593
0.0382428
0.0390193
0.0398132
0.0405886
0.0413675
0.042141
0.0429083
0.0436649
0.0443344
0.0449052
0.0453404
0.0199217
0.0182382
0.0131834
0.008425
0.00585706
0.00540014
0.00598308
0.00663562
0.00706101
0.00730274
0.00747242
0.00767515
0.00788691
0.00804938
0.00822599
0.00846042
0.00866374
0.0088125
0.00898998
0.00920285
0.00938234
0.00950603
0.00960729
0.00975535
0.00999827
0.0102602
0.0104575
0.0106277
0.010839
0.0110824
0.0113055
0.0115085
0.0117623
0.0120827
0.0124106
0.0127291
0.0130691
0.0134155
0.0137363
0.0140389
0.0143213
0.0145825
0.0148399
0.015136
0.0154793
0.0158404
0.0161836
0.0165269
0.0168987
0.017291
0.0176549
0.0179899
0.0183499
0.0187313
0.0190796
0.0194177
0.0198119
0.020218
0.0206166
0.0210325
0.0214926
0.0219782
0.02249
0.0229636
0.0233534
0.0236987
0.024147
0.0246893
0.0252244
0.0257421
0.0262749
0.0267971
0.0273065
0.0278361
0.0283709
0.0289364
0.029497
0.0300827
0.0306567
0.0312736
0.03191
0.0325459
0.0331969
0.0338644
0.0345689
0.0352854
0.0360098
0.0367413
0.0374595
0.0382429
0.0390195
0.0398134
0.0405888
0.0413676
0.0421414
0.0429087
0.0436654
0.044336
0.0449072
0.0453407
0.0192489
0.0178512
0.0132639
0.00875357
0.006175
0.00556921
0.00604694
0.00667905
0.0071116
0.00735233
0.00751282
0.00770508
0.00790946
0.00806869
0.00824207
0.00847164
0.00867297
0.00882414
0.0090033
0.00921388
0.00939006
0.00951383
0.0096184
0.00976805
0.0100081
0.0102665
0.0104638
0.0106359
0.0108473
0.0110893
0.0113119
0.0115155
0.0117691
0.0120878
0.0124143
0.012732
0.0130711
0.0134167
0.0137373
0.0140398
0.0143224
0.0145843
0.0148426
0.0151386
0.0154809
0.0158411
0.0161845
0.0165281
0.0168993
0.0172908
0.0176548
0.0179907
0.0183509
0.018732
0.0190805
0.0194191
0.0198132
0.0202191
0.0206177
0.0210335
0.021493
0.0219779
0.0224896
0.0229638
0.023354
0.0236994
0.0241477
0.02469
0.025225
0.0257425
0.0262753
0.0267975
0.027307
0.0278367
0.0283714
0.028937
0.0294976
0.0300833
0.0306573
0.0312741
0.0319105
0.0325463
0.0331973
0.0338647
0.0345691
0.0352857
0.03601
0.0367415
0.0374596
0.0382431
0.0390197
0.0398136
0.0405891
0.0413678
0.0421418
0.0429092
0.0436661
0.0443379
0.0449097
0.045341
0.0186166
0.0174605
0.0133191
0.00906084
0.00649049
0.00574981
0.00611667
0.006721
0.00716043
0.00740278
0.00755534
0.00773691
0.00793333
0.00808891
0.00825877
0.00848314
0.0086822
0.00883575
0.00901678
0.00922522
0.00939812
0.00952198
0.0096299
0.00978116
0.0100182
0.010273
0.0104704
0.0106446
0.0108559
0.0110963
0.0113184
0.0115228
0.0117762
0.0120933
0.0124183
0.0127351
0.0130732
0.0134179
0.013738
0.0140405
0.0143233
0.0145862
0.0148456
0.0151417
0.0154828
0.015842
0.0161855
0.0165295
0.0169001
0.0172905
0.0176546
0.0179913
0.0183517
0.0187325
0.0190813
0.0194205
0.0198146
0.0202204
0.0206191
0.021035
0.0214937
0.0219775
0.0224887
0.0229634
0.0233542
0.0237001
0.0241486
0.0246909
0.0252257
0.025743
0.0262756
0.0267979
0.0273075
0.0278372
0.028372
0.0289377
0.0294983
0.030084
0.030658
0.0312748
0.0319111
0.0325468
0.0331977
0.033865
0.0345694
0.0352859
0.0360103
0.0367417
0.0374598
0.0382432
0.0390198
0.0398138
0.0405894
0.041368
0.0421423
0.0429098
0.0436668
0.0443402
0.0449129
0.0453416
0.0180213
0.0170681
0.0133483
0.009344
0.00680123
0.00594255
0.00619419
0.00676167
0.00720609
0.00745272
0.00759944
0.00777069
0.00795876
0.00811033
0.00827639
0.00849513
0.0086915
0.00884732
0.00903036
0.00923682
0.00940648
0.00953045
0.00964178
0.00979469
0.0100288
0.0102799
0.0104774
0.0106536
0.010865
0.0111035
0.011325
0.0115302
0.0117836
0.0120992
0.0124227
0.0127386
0.0130756
0.0134191
0.0137387
0.014041
0.0143242
0.0145882
0.0148488
0.015145
0.015485
0.0158432
0.0161868
0.0165311
0.016901
0.0172902
0.0176543
0.0179918
0.0183524
0.0187329
0.019082
0.0194219
0.019816
0.0202216
0.0206208
0.0210368
0.0214947
0.0219772
0.0224875
0.0229624
0.0233539
0.0237004
0.0241496
0.0246921
0.0252267
0.0257436
0.0262759
0.0267981
0.027308
0.0278377
0.0283725
0.0289383
0.029499
0.0300848
0.0306588
0.0312757
0.0319119
0.0325475
0.0331983
0.0338654
0.0345697
0.0352863
0.0360107
0.036742
0.0374599
0.0382432
0.03902
0.039814
0.0405897
0.0413682
0.0421428
0.0429105
0.0436676
0.0443429
0.0449165
0.0453423
0.0174586
0.0166751
0.0133522
0.00960273
0.00710578
0.00614745
0.00628125
0.00680176
0.00724778
0.00750115
0.0076448
0.00780663
0.00798613
0.0081333
0.00829523
0.00850786
0.00870108
0.008859
0.00904414
0.00924874
0.00941515
0.00953925
0.00965404
0.00980867
0.0100397
0.0102871
0.0104847
0.0106631
0.0108745
0.011111
0.0113316
0.0115378
0.0117915
0.0121055
0.0124274
0.0127423
0.0130782
0.0134205
0.0137394
0.0140414
0.0143249
0.0145901
0.0148521
0.0151486
0.0154875
0.0158445
0.0161882
0.0165329
0.016902
0.0172899
0.0176539
0.0179922
0.018353
0.0187331
0.0190827
0.0194233
0.0198174
0.0202228
0.0206224
0.0210389
0.0214961
0.021977
0.0224859
0.0229607
0.0233529
0.0237002
0.0241505
0.0246935
0.025228
0.0257443
0.0262761
0.0267983
0.0273082
0.0278381
0.0283731
0.028939
0.0294997
0.0300855
0.0306596
0.0312766
0.0319129
0.0325484
0.0331992
0.033866
0.0345701
0.0352867
0.0360111
0.0367424
0.0374602
0.0382433
0.0390201
0.0398142
0.0405901
0.0413685
0.0421434
0.0429112
0.0436685
0.0443461
0.0449208
0.0453431
0.0169246
0.0162825
0.0133336
0.00983769
0.00740176
0.00636322
0.00637993
0.00684333
0.00728569
0.00754737
0.00769111
0.00784493
0.00801582
0.00815813
0.00831549
0.00852153
0.00871114
0.00887098
0.00905831
0.0092611
0.00942421
0.00954834
0.00966666
0.00982311
0.0100512
0.0102946
0.0104924
0.010673
0.0108845
0.0111188
0.0113385
0.0115459
0.0117999
0.0121124
0.0124325
0.0127463
0.013081
0.013422
0.01374
0.0140418
0.0143256
0.014592
0.0148556
0.0151526
0.0154902
0.015846
0.0161898
0.0165349
0.0169031
0.0172897
0.0176535
0.0179926
0.0183536
0.0187333
0.0190833
0.0194247
0.0198188
0.0202239
0.0206241
0.0210411
0.0214976
0.0219769
0.022484
0.0229584
0.0233513
0.0236996
0.0241512
0.024695
0.0252294
0.0257452
0.0262764
0.0267983
0.0273084
0.0278384
0.0283735
0.0289396
0.0295004
0.0300862
0.0306605
0.0312777
0.0319139
0.0325494
0.0332002
0.0338668
0.0345706
0.0352871
0.0360116
0.0367429
0.0374606
0.0382434
0.0390202
0.0398144
0.0405905
0.0413687
0.0421441
0.0429121
0.0436694
0.0443496
0.0449255
0.0453442
0.0164173
0.015892
0.0132952
0.0100492
0.00768599
0.00658793
0.00649279
0.00688947
0.00732053
0.00759063
0.00773785
0.00788577
0.00804821
0.00818504
0.00833725
0.00853619
0.00872179
0.00888345
0.00907305
0.00927406
0.0094337
0.00955776
0.00967966
0.00983808
0.0100631
0.0103026
0.0105004
0.0106834
0.0108948
0.0111269
0.0113458
0.0115545
0.011809
0.0121198
0.012438
0.0127508
0.0130842
0.0134237
0.0137407
0.0140422
0.0143264
0.014594
0.0148594
0.0151569
0.0154932
0.0158477
0.0161915
0.016537
0.0169045
0.0172895
0.0176531
0.017993
0.0183541
0.0187334
0.0190839
0.0194261
0.0198203
0.020225
0.0206256
0.0210433
0.0214993
0.0219769
0.0224819
0.0229555
0.0233492
0.0236988
0.0241518
0.0246964
0.0252309
0.0257462
0.0262767
0.0267983
0.0273085
0.0278386
0.028374
0.0289403
0.0295011
0.0300868
0.0306612
0.0312788
0.031915
0.0325506
0.0332014
0.0338678
0.0345712
0.0352875
0.0360121
0.0367435
0.0374611
0.0382435
0.0390202
0.0398145
0.0405908
0.041369
0.0421449
0.0429132
0.0436705
0.0443534
0.0449307
0.0453454
0.0159364
0.015505
0.0132387
0.0102377
0.00795587
0.00681925
0.006622
0.00694328
0.00735318
0.00763013
0.0077843
0.00792915
0.00808359
0.00821415
0.00836042
0.00855177
0.00873307
0.00889651
0.0090885
0.00928773
0.00944373
0.00956756
0.0096931
0.00985362
0.0100756
0.010311
0.0105088
0.0106942
0.0109055
0.0111354
0.0113536
0.011564
0.0118189
0.0121278
0.012444
0.0127556
0.0130877
0.0134256
0.0137416
0.0140427
0.0143272
0.0145961
0.0148633
0.0151616
0.0154965
0.0158495
0.0161932
0.0165393
0.016906
0.0172895
0.0176527
0.0179934
0.0183547
0.0187335
0.0190845
0.0194277
0.0198218
0.0202262
0.0206272
0.0210454
0.021501
0.0219769
0.0224795
0.022952
0.0233468
0.0236979
0.0241523
0.0246977
0.0252324
0.0257472
0.026277
0.0267984
0.0273086
0.0278388
0.0283745
0.028941
0.0295019
0.0300874
0.030662
0.0312799
0.0319162
0.0325517
0.0332027
0.033869
0.034572
0.0352879
0.0360126
0.0367441
0.0374618
0.0382437
0.0390202
0.0398145
0.0405912
0.0413694
0.0421457
0.0429144
0.0436717
0.0443575
0.0449364
0.0453468
0.0154828
0.0151225
0.0131647
0.0104044
0.00820978
0.00705397
0.00676843
0.00700754
0.00738499
0.00766538
0.00782958
0.00797478
0.00812208
0.00824557
0.00838493
0.00856815
0.00874497
0.00891022
0.00910475
0.0093022
0.00945435
0.00957779
0.00970703
0.00986979
0.0100886
0.0103198
0.0105176
0.0107053
0.0109166
0.0111442
0.0113621
0.0115744
0.0118298
0.0121365
0.0124503
0.0127607
0.0130915
0.0134276
0.0137425
0.0140433
0.0143281
0.0145983
0.0148676
0.0151666
0.0155001
0.0158514
0.0161951
0.0165418
0.0169076
0.0172894
0.0176523
0.0179939
0.0183553
0.0187337
0.0190851
0.0194293
0.0198235
0.0202275
0.0206288
0.0210476
0.0215028
0.021977
0.0224771
0.0229483
0.0233444
0.0236976
0.0241532
0.024699
0.0252337
0.0257482
0.0262773
0.0267984
0.0273088
0.0278391
0.028375
0.0289417
0.0295026
0.030088
0.0306627
0.031281
0.0319174
0.0325529
0.033204
0.0338703
0.0345728
0.0352884
0.0360131
0.0367448
0.0374625
0.0382441
0.0390202
0.0398144
0.0405915
0.0413697
0.0421466
0.0429158
0.0436731
0.0443618
0.0449423
0.0453483
0.0150565
0.0147462
0.0130742
0.0105511
0.00844643
0.00728785
0.00693137
0.00708489
0.00741804
0.00769619
0.00787255
0.00802203
0.00816369
0.00827953
0.00841087
0.00858529
0.00875744
0.00892461
0.00912185
0.00931753
0.00946565
0.0095885
0.00972149
0.00988664
0.0101023
0.010329
0.0105267
0.0107168
0.0109281
0.0111535
0.0113712
0.0115858
0.0118415
0.0121457
0.0124571
0.0127663
0.0130955
0.0134299
0.0137437
0.014044
0.0143291
0.0146006
0.0148721
0.0151719
0.015504
0.0158534
0.016197
0.0165443
0.0169093
0.0172895
0.017652
0.0179944
0.018356
0.0187339
0.0190858
0.019431
0.0198253
0.020229
0.0206306
0.0210497
0.0215047
0.0219771
0.0224748
0.0229445
0.0233421
0.0236981
0.0241547
0.0247002
0.0252348
0.0257489
0.0262775
0.0267984
0.027309
0.0278395
0.0283757
0.0289425
0.0295035
0.0300887
0.0306635
0.0312821
0.0319186
0.032554
0.0332054
0.0338717
0.0345738
0.0352889
0.0360136
0.0367455
0.0374634
0.0382445
0.0390202
0.0398142
0.0405918
0.0413701
0.0421476
0.0429172
0.0436746
0.0443663
0.0449486
0.0453501
0.0146564
0.0143781
0.0129687
0.0106795
0.00866462
0.00751633
0.00710892
0.00717768
0.00745491
0.00772273
0.00791201
0.00807001
0.00820833
0.00831627
0.00843847
0.00860321
0.00877045
0.00893969
0.00913983
0.00933377
0.00947766
0.00959973
0.00973651
0.00990418
0.0101166
0.0103387
0.0105362
0.0107288
0.01094
0.0111632
0.0113809
0.0115979
0.011854
0.0121555
0.0124643
0.0127722
0.0130999
0.0134324
0.013745
0.0140448
0.0143301
0.0146031
0.0148768
0.0151776
0.015508
0.0158556
0.016199
0.016547
0.0169111
0.0172895
0.0176516
0.017995
0.0183568
0.0187342
0.0190866
0.0194329
0.0198273
0.0202306
0.0206324
0.021052
0.0215066
0.0219774
0.0224726
0.0229407
0.0233404
0.0236996
0.024157
0.0247016
0.0252357
0.0257496
0.0262776
0.0267984
0.0273093
0.0278401
0.0283765
0.0289434
0.0295043
0.0300895
0.0306645
0.0312832
0.0319198
0.0325552
0.0332067
0.0338731
0.0345748
0.0352894
0.0360141
0.0367461
0.0374643
0.0382451
0.0390202
0.039814
0.040592
0.0413705
0.0421486
0.0429188
0.0436764
0.044371
0.0449551
0.045352
0.0142804
0.0140194
0.0128498
0.0107915
0.0088642
0.00773541
0.00729808
0.00728758
0.00749829
0.00774577
0.00794706
0.00811774
0.00825572
0.0083559
0.00846795
0.00862206
0.00878404
0.00895552
0.00915877
0.00935094
0.0094904
0.00961151
0.00975211
0.00992243
0.0101316
0.0103488
0.0105461
0.0107412
0.0109525
0.0111734
0.0113912
0.0116107
0.0118671
0.0121658
0.0124718
0.0127784
0.0131045
0.013435
0.0137465
0.0140459
0.0143313
0.0146056
0.0148817
0.0151835
0.0155123
0.0158578
0.0162011
0.0165498
0.0169131
0.0172896
0.0176513
0.0179956
0.0183576
0.0187346
0.0190876
0.0194349
0.0198295
0.0202324
0.0206345
0.0210543
0.0215086
0.0219778
0.0224706
0.0229372
0.0233392
0.0237022
0.0241602
0.0247031
0.0252364
0.02575
0.0262777
0.0267984
0.0273096
0.0278409
0.0283775
0.0289443
0.0295052
0.0300905
0.0306656
0.0312843
0.031921
0.0325564
0.0332082
0.0338746
0.034576
0.03529
0.0360145
0.0367468
0.0374653
0.0382458
0.0390203
0.0398138
0.0405923
0.0413709
0.0421496
0.0429205
0.0436783
0.0443758
0.044962
0.0453542
0.0139273
0.0136702
0.0127169
0.010889
0.0090469
0.007942
0.00749487
0.0074153
0.00755087
0.00776685
0.00797715
0.00816407
0.0083053
0.0083984
0.00849949
0.00864212
0.00879835
0.0089721
0.00917868
0.00936904
0.00950387
0.00962385
0.00976831
0.00994137
0.0101472
0.0103595
0.0105566
0.0107543
0.0109655
0.0111842
0.0114019
0.011624
0.0118807
0.0121765
0.0124797
0.012785
0.0131094
0.0134379
0.0137482
0.0140471
0.0143326
0.0146083
0.0148868
0.0151896
0.0155167
0.0158601
0.0162033
0.0165527
0.0169152
0.0172897
0.017651
0.0179963
0.0183586
0.0187351
0.0190886
0.0194371
0.0198318
0.0202344
0.0206367
0.0210568
0.0215105
0.0219783
0.0224687
0.0229338
0.0233385
0.0237058
0.0241642
0.0247049
0.0252369
0.0257503
0.0262777
0.0267983
0.02731
0.0278418
0.0283787
0.0289453
0.0295061
0.0300916
0.030667
0.0312856
0.0319221
0.0325576
0.0332096
0.0338761
0.0345772
0.0352907
0.036015
0.0367475
0.0374664
0.0382466
0.0390204
0.0398136
0.0405925
0.0413713
0.0421507
0.0429224
0.0436804
0.0443808
0.0449691
0.0453566
0.0135986
0.0133314
0.0125675
0.0109735
0.00921598
0.00813357
0.00769459
0.00756078
0.00761519
0.00778801
0.00800214
0.00820781
0.00835629
0.00844373
0.00853328
0.00866364
0.00881356
0.00898943
0.00919953
0.00938811
0.00951806
0.00963676
0.00978512
0.00996104
0.0101635
0.0103707
0.0105675
0.010768
0.0109792
0.0111954
0.0114131
0.0116377
0.0118948
0.0121876
0.0124879
0.0127918
0.0131145
0.013441
0.0137501
0.0140485
0.0143341
0.0146111
0.0148921
0.0151958
0.0155212
0.0158625
0.0162055
0.0165558
0.0169173
0.0172899
0.0176507
0.017997
0.0183596
0.0187357
0.0190897
0.0194395
0.0198342
0.0202365
0.020639
0.0210593
0.0215125
0.0219789
0.0224671
0.0229307
0.0233383
0.02371
0.0241688
0.0247067
0.0252374
0.0257506
0.0262777
0.0267983
0.0273105
0.0278427
0.0283799
0.0289464
0.0295071
0.0300928
0.0306686
0.031287
0.0319233
0.0325589
0.0332112
0.0338778
0.0345785
0.0352914
0.0360155
0.0367482
0.0374676
0.0382474
0.0390206
0.0398134
0.0405928
0.0413718
0.0421518
0.0429243
0.0436826
0.044386
0.0449765
0.0453592
0.0132955
0.0130085
0.0123993
0.0110441
0.00937541
0.00830834
0.00789204
0.00772336
0.00769354
0.00781135
0.00802251
0.00824801
0.00840774
0.00849168
0.00856942
0.00868675
0.00882991
0.00900765
0.00922133
0.00940817
0.00953298
0.00965018
0.00980254
0.00998147
0.0101804
0.0103824
0.010579
0.0107823
0.0109936
0.0112072
0.0114246
0.0116518
0.0119094
0.0121992
0.0124965
0.0127989
0.0131199
0.0134444
0.0137523
0.0140502
0.0143356
0.0146139
0.0148974
0.0152022
0.0155259
0.015865
0.0162079
0.016559
0.0169197
0.0172901
0.0176504
0.0179979
0.0183608
0.0187364
0.0190909
0.0194421
0.0198368
0.0202387
0.0206415
0.0210619
0.0215146
0.0219796
0.0224655
0.0229277
0.0233383
0.0237146
0.0241737
0.0247087
0.0252378
0.0257508
0.0262776
0.0267983
0.027311
0.0278438
0.0283812
0.0289475
0.029508
0.0300942
0.0306704
0.0312885
0.0319246
0.0325602
0.0332128
0.0338795
0.03458
0.0352923
0.0360161
0.0367489
0.0374688
0.0382482
0.0390209
0.0398133
0.0405931
0.0413724
0.042153
0.0429265
0.043685
0.0443914
0.0449843
0.0453622
0.0130141
0.0127101
0.0122131
0.0110964
0.00952929
0.00846675
0.00808139
0.00790125
0.00778817
0.00783884
0.00803945
0.00828422
0.00845853
0.00854168
0.00860785
0.0087115
0.00884763
0.00902704
0.00924414
0.00942922
0.00954866
0.00966407
0.00982054
0.0100027
0.0101982
0.0103947
0.010591
0.0107974
0.0110086
0.0112194
0.0114365
0.0116662
0.0119243
0.012211
0.0125054
0.0128063
0.0131256
0.013448
0.0137547
0.0140521
0.0143374
0.0146169
0.0149029
0.0152088
0.0155307
0.0158676
0.0162103
0.0165624
0.0169221
0.0172903
0.0176501
0.0179988
0.0183622
0.0187372
0.0190923
0.0194448
0.0198396
0.0202411
0.020644
0.0210646
0.0215166
0.0219803
0.0224641
0.0229248
0.0233385
0.0237194
0.0241789
0.0247108
0.0252383
0.0257509
0.0262776
0.0267983
0.0273115
0.0278448
0.0283825
0.0289486
0.0295091
0.0300956
0.0306724
0.0312901
0.0319258
0.0325616
0.0332145
0.0338813
0.0345815
0.0352932
0.0360167
0.0367497
0.03747
0.0382492
0.0390212
0.0398132
0.0405935
0.0413729
0.0421543
0.0429287
0.0436876
0.0443969
0.0449924
0.0453654
0.0127445
0.0124435
0.0120147
0.0111243
0.0096807
0.00861285
0.00825667
0.00809058
0.00790133
0.00787235
0.00805429
0.00831665
0.00850759
0.00859281
0.00864849
0.00873803
0.00886681
0.00904786
0.00926811
0.00945119
0.0095651
0.00967846
0.00983906
0.0100248
0.0102167
0.0104075
0.0106036
0.0108131
0.0110244
0.0112322
0.0114487
0.011681
0.0119396
0.0122233
0.0125146
0.012814
0.0131315
0.0134519
0.0137574
0.0140542
0.0143393
0.0146201
0.0149085
0.0152155
0.0155357
0.0158702
0.0162129
0.0165659
0.0169248
0.0172906
0.0176499
0.0179998
0.0183636
0.018738
0.0190937
0.0194476
0.0198425
0.0202436
0.0206467
0.0210674
0.0215187
0.021981
0.0224626
0.0229221
0.0233387
0.0237242
0.024184
0.0247129
0.0252387
0.0257512
0.0262776
0.0267983
0.0273121
0.0278459
0.0283839
0.0289498
0.0295101
0.0300972
0.0306744
0.0312918
0.0319271
0.0325631
0.0332163
0.0338832
0.0345831
0.0352942
0.0360173
0.0367505
0.0374714
0.0382501
0.0390216
0.0398131
0.0405939
0.0413736
0.0421557
0.0429312
0.0436904
0.0444026
0.0450008
0.0453689
0.0124752
0.0122098
0.0118138
0.011122
0.00982877
0.00875373
0.00841383
0.00828463
0.00803498
0.00791434
0.0080678
0.00834614
0.00855446
0.00864386
0.008691
0.00876654
0.0088875
0.0090702
0.0092935
0.00947411
0.00958222
0.00969338
0.00985806
0.0100476
0.0102362
0.0104211
0.0106167
0.0108296
0.011041
0.0112456
0.0114613
0.0116961
0.0119553
0.0122359
0.0125241
0.012822
0.0131378
0.0134561
0.0137604
0.0140567
0.0143415
0.0146233
0.0149143
0.0152223
0.0155408
0.015873
0.0162155
0.0165697
0.0169276
0.017291
0.0176496
0.0180009
0.0183652
0.0187389
0.0190951
0.0194505
0.0198456
0.0202461
0.0206494
0.0210703
0.0215208
0.0219816
0.0224611
0.0229194
0.023339
0.023729
0.0241892
0.0247151
0.0252392
0.0257514
0.0262776
0.0267984
0.0273127
0.0278471
0.0283853
0.028951
0.0295113
0.0300988
0.0306765
0.0312936
0.0319285
0.0325646
0.0332182
0.0338851
0.0345848
0.0352952
0.036018
0.0367514
0.0374727
0.0382511
0.039022
0.0398131
0.0405944
0.0413743
0.0421571
0.0429338
0.0436933
0.0444084
0.0450095
0.0453728
0.0121983
0.0120035
0.011622
0.0110877
0.00996641
0.00889724
0.00855394
0.00847445
0.00818905
0.00796847
0.00808013
0.00837353
0.00859952
0.00869359
0.0087345
0.00879716
0.00890989
0.00909402
0.00932057
0.00949828
0.00959998
0.00970883
0.0098776
0.0100711
0.0102566
0.0104353
0.0106303
0.0108467
0.0110583
0.0112596
0.0114743
0.0117116
0.0119716
0.012249
0.012534
0.0128303
0.0131444
0.0134606
0.0137638
0.0140594
0.0143439
0.0146267
0.0149202
0.0152294
0.0155461
0.0158758
0.0162182
0.0165735
0.0169306
0.0172914
0.0176494
0.0180021
0.018367
0.0187399
0.0190966
0.0194535
0.0198487
0.0202488
0.0206522
0.0210732
0.021523
0.0219823
0.0224596
0.0229168
0.0233393
0.0237337
0.0241943
0.0247173
0.0252398
0.0257517
0.0262776
0.0267985
0.0273134
0.0278483
0.0283868
0.0289523
0.0295125
0.0301005
0.0306787
0.0312955
0.0319299
0.0325662
0.0332202
0.0338871
0.0345865
0.0352963
0.0360188
0.0367523
0.0374742
0.0382521
0.0390225
0.0398131
0.040595
0.0413751
0.0421586
0.0429366
0.0436965
0.0444144
0.0450186
0.0453771
0.0119122
0.0118168
0.0114488
0.0110262
0.0100829
0.0090474
0.00868334
0.00865159
0.00835965
0.00803941
0.00809208
0.00839865
0.00864403
0.00874156
0.00877756
0.00882967
0.00893433
0.00911926
0.00934925
0.00952408
0.00961853
0.00972467
0.00989773
0.0100954
0.0102778
0.0104504
0.0106446
0.0108644
0.0110763
0.0112742
0.0114877
0.0117274
0.0119882
0.0122625
0.0125442
0.012839
0.0131514
0.0134655
0.0137674
0.0140625
0.0143465
0.0146303
0.0149262
0.0152367
0.0155515
0.0158788
0.016221
0.0165776
0.0169338
0.017292
0.0176492
0.0180034
0.0183689
0.018741
0.0190981
0.0194566
0.019852
0.0202515
0.020655
0.0210762
0.0215252
0.021983
0.0224582
0.0229143
0.0233396
0.0237384
0.0241994
0.0247196
0.0252404
0.0257521
0.0262776
0.0267986
0.0273141
0.0278495
0.0283882
0.0289536
0.0295138
0.0301022
0.030681
0.0312974
0.0319314
0.0325679
0.0332222
0.0338892
0.0345883
0.0352974
0.0360196
0.0367533
0.0374757
0.0382531
0.0390229
0.0398131
0.0405955
0.041376
0.0421601
0.0429396
0.0436999
0.0444206
0.0450281
0.0453817
0.011618
0.0116417
0.0112987
0.0109472
0.0101703
0.00919996
0.00881052
0.00881242
0.00853864
0.0081309
0.00810696
0.00842007
0.00868912
0.00878854
0.00881865
0.00886318
0.00896115
0.0091462
0.00937935
0.00955168
0.00963824
0.0097408
0.00991838
0.0101204
0.0102997
0.0104663
0.0106597
0.0108829
0.0110951
0.0112895
0.0115016
0.0117437
0.0120053
0.0122765
0.0125549
0.012848
0.0131587
0.0134707
0.0137715
0.0140659
0.0143494
0.014634
0.0149324
0.0152441
0.0155572
0.0158818
0.0162239
0.0165819
0.0169371
0.0172926
0.0176491
0.0180048
0.0183709
0.0187421
0.0190996
0.0194599
0.0198555
0.0202542
0.0206579
0.0210793
0.0215275
0.0219837
0.0224568
0.0229119
0.0233399
0.023743
0.0242045
0.0247218
0.025241
0.0257525
0.0262777
0.0267987
0.0273148
0.0278507
0.0283897
0.028955
0.0295151
0.0301041
0.0306833
0.0312994
0.031933
0.0325696
0.0332243
0.0338913
0.0345901
0.0352986
0.0360204
0.0367543
0.0374772
0.0382542
0.0390234
0.0398132
0.0405962
0.0413769
0.0421617
0.0429427
0.0437036
0.044427
0.0450379
0.0453868
0.0113153
0.0114718
0.0111701
0.0108622
0.0102278
0.00934455
0.00894172
0.00896061
0.00871589
0.00824254
0.00813048
0.00843675
0.00873439
0.00883631
0.00885707
0.00889606
0.00899024
0.0091754
0.00941084
0.00958086
0.00965954
0.00975744
0.00993935
0.0101464
0.0103224
0.0104827
0.0106756
0.0109023
0.0111147
0.0113053
0.011516
0.0117604
0.0120229
0.0122909
0.0125659
0.0128573
0.0131664
0.0134764
0.0137759
0.0140697
0.0143525
0.0146379
0.0149388
0.0152518
0.015563
0.0158849
0.0162269
0.0165864
0.0169407
0.0172933
0.017649
0.0180064
0.0183732
0.0187434
0.0191012
0.0194632
0.019859
0.020257
0.0206609
0.0210825
0.0215298
0.0219844
0.0224554
0.0229097
0.0233403
0.0237474
0.0242094
0.0247241
0.0252418
0.025753
0.0262779
0.0267989
0.0273156
0.027852
0.0283913
0.0289564
0.0295166
0.030106
0.0306857
0.0313015
0.0319346
0.0325715
0.0332265
0.0338935
0.034592
0.0352998
0.0360213
0.0367554
0.0374788
0.0382553
0.0390239
0.0398134
0.0405969
0.041378
0.0421635
0.0429461
0.0437076
0.0444336
0.045048
0.0453923
0.0110027
0.011301
0.0110591
0.0107788
0.0102615
0.00947243
0.00907575
0.00910335
0.0088849
0.0083686
0.00816817
0.00845061
0.00877746
0.00888656
0.00889386
0.00892658
0.00902068
0.00920727
0.00944409
0.00961126
0.00968251
0.00977514
0.00996058
0.0101732
0.0103461
0.0104996
0.0106921
0.0109226
0.0111351
0.0113217
0.0115307
0.0117775
0.0120409
0.0123058
0.0125774
0.0128671
0.0131745
0.0134824
0.0137808
0.0140739
0.014356
0.014642
0.0149453
0.0152597
0.015569
0.0158881
0.01623
0.016591
0.0169446
0.0172941
0.0176489
0.018008
0.0183756
0.0187447
0.0191028
0.0194666
0.0198626
0.0202599
0.0206639
0.0210857
0.0215322
0.0219851
0.0224541
0.0229075
0.0233407
0.0237518
0.0242144
0.0247265
0.0252426
0.0257535
0.026278
0.0267991
0.0273164
0.0278533
0.0283928
0.0289579
0.0295181
0.030108
0.0306882
0.0313037
0.0319363
0.0325734
0.0332288
0.0338957
0.0345939
0.0353011
0.0360223
0.0367565
0.0374805
0.0382564
0.0390245
0.0398136
0.0405976
0.0413791
0.0421653
0.0429497
0.0437118
0.0444403
0.0450585
0.0453982
0.0106814
0.0111224
0.0109624
0.0106996
0.0102787
0.00958126
0.00920413
0.00924621
0.00904783
0.00850012
0.00822128
0.00846704
0.00881621
0.00893903
0.00893116
0.00895403
0.00905074
0.00924154
0.00947975
0.00964292
0.00970672
0.00979438
0.00998238
0.0102005
0.0103709
0.010517
0.010709
0.0109441
0.0111567
0.0113388
0.0115457
0.0117951
0.0120596
0.0123211
0.0125892
0.0128773
0.013183
0.0134888
0.0137861
0.0140785
0.0143597
0.0146462
0.0149519
0.0152678
0.0155753
0.0158915
0.0162332
0.0165959
0.0169486
0.0172951
0.0176488
0.0180098
0.0183782
0.0187461
0.0191045
0.0194701
0.0198664
0.0202629
0.0206669
0.0210891
0.0215347
0.0219859
0.0224529
0.0229055
0.0233412
0.0237561
0.0242192
0.0247289
0.0252435
0.0257542
0.0262783
0.0267994
0.0273173
0.0278546
0.0283945
0.0289595
0.0295196
0.03011
0.0306907
0.0313059
0.0319381
0.0325754
0.0332312
0.0338981
0.0345959
0.0353025
0.0360233
0.0367577
0.0374822
0.0382576
0.0390251
0.0398138
0.0405984
0.0413804
0.0421671
0.0429535
0.0437164
0.0444472
0.0450694
0.0454046
0.0103582
0.0109283
0.0108755
0.0106263
0.0102843
0.00967555
0.0093187
0.00938711
0.00921203
0.00863127
0.00828523
0.00849175
0.00885185
0.00899116
0.00897081
0.00897942
0.00907869
0.00927707
0.00951821
0.00967657
0.00973171
0.00981497
0.0100055
0.0102283
0.0103967
0.0105353
0.0107261
0.0109663
0.0111796
0.0113565
0.011561
0.011813
0.0120789
0.0123371
0.0126013
0.0128878
0.0131919
0.0134956
0.0137918
0.0140835
0.0143638
0.0146507
0.0149588
0.0152761
0.0155817
0.015895
0.0162365
0.016601
0.016953
0.0172962
0.0176488
0.0180118
0.018381
0.0187476
0.0191061
0.0194737
0.0198704
0.0202659
0.02067
0.0210925
0.0215372
0.0219867
0.0224518
0.0229037
0.0233417
0.0237603
0.024224
0.0247313
0.0252445
0.0257549
0.0262785
0.0267997
0.0273183
0.027856
0.0283961
0.0289611
0.0295213
0.0301122
0.0306932
0.0313082
0.03194
0.0325775
0.0332336
0.0339004
0.0345979
0.0353039
0.0360244
0.0367589
0.037484
0.0382588
0.0390257
0.0398142
0.0405992
0.0413817
0.0421691
0.0429575
0.0437212
0.0444544
0.0450806
0.0454115
0.0100462
0.0107141
0.0107899
0.0105609
0.0102805
0.00976147
0.00941781
0.00951549
0.00938204
0.00876573
0.0083521
0.00852556
0.00888952
0.00904098
0.00901245
0.00900464
0.00910403
0.00931233
0.00955901
0.00971302
0.0097577
0.00983615
0.0100303
0.0102571
0.0104229
0.0105544
0.0107434
0.0109889
0.0112039
0.0113754
0.0115765
0.0118312
0.0120989
0.0123537
0.0126139
0.0128987
0.0132014
0.0135029
0.013798
0.014089
0.0143684
0.0146554
0.0149657
0.0152846
0.0155885
0.0158987
0.0162399
0.0166062
0.0169576
0.0172975
0.0176489
0.0180138
0.0183841
0.0187492
0.0191078
0.0194774
0.0198744
0.020269
0.0206731
0.0210959
0.0215398
0.0219875
0.0224508
0.0229021
0.0233423
0.0237644
0.0242287
0.0247337
0.0252456
0.0257557
0.0262789
0.0268001
0.0273193
0.0278575
0.0283978
0.0289628
0.0295231
0.0301144
0.0306958
0.0313106
0.0319419
0.0325797
0.0332362
0.0339029
0.0346
0.0353054
0.0360256
0.0367602
0.0374858
0.0382601
0.0390263
0.0398146
0.0406001
0.0413832
0.0421712
0.0429617
0.0437264
0.0444616
0.0450922
0.045419
0.00975922
0.010485
0.0106941
0.0105023
0.0102682
0.00984289
0.00950846
0.0096214
0.00955337
0.00891321
0.00841742
0.00856248
0.00893457
0.00909037
0.00905366
0.00903072
0.00912771
0.00934634
0.00960092
0.00975233
0.00978562
0.00985732
0.0100565
0.010288
0.0104497
0.0105741
0.0107613
0.0110118
0.0112292
0.0113956
0.0115925
0.0118494
0.0121193
0.012371
0.0126269
0.0129099
0.0132113
0.0135108
0.0138046
0.0140949
0.0143733
0.0146604
0.0149729
0.0152933
0.0155954
0.0159024
0.0162435
0.0166117
0.0169624
0.0172989
0.017649
0.018016
0.0183874
0.0187509
0.0191096
0.0194812
0.0198787
0.0202722
0.0206762
0.0210995
0.0215425
0.0219884
0.0224498
0.0229006
0.023343
0.0237685
0.0242334
0.0247362
0.0252468
0.0257566
0.0262792
0.0268005
0.0273203
0.027859
0.0283996
0.0289645
0.0295249
0.0301167
0.0306985
0.031313
0.031944
0.032582
0.0332388
0.0339055
0.0346022
0.0353069
0.0360268
0.0367615
0.0374877
0.0382613
0.039027
0.0398151
0.0406011
0.0413849
0.0421734
0.0429661
0.043732
0.0444691
0.0451041
0.045427
0.00950669
0.0102562
0.010581
0.0104444
0.010248
0.00991941
0.0096005
0.00970229
0.00971172
0.00907999
0.00848791
0.0085938
0.00898639
0.00914503
0.00909346
0.00905639
0.00915065
0.00937936
0.00964293
0.00979352
0.00981625
0.00987894
0.010083
0.0103216
0.010478
0.0105936
0.0107799
0.0110352
0.0112552
0.0114172
0.0116092
0.0118677
0.0121401
0.012389
0.0126405
0.0129215
0.0132216
0.0135192
0.0138118
0.0141013
0.0143786
0.0146657
0.0149802
0.0153024
0.0156026
0.0159063
0.0162471
0.0166175
0.0169676
0.0173006
0.0176492
0.0180184
0.0183909
0.0187528
0.0191113
0.019485
0.019883
0.0202754
0.0206794
0.0211031
0.0215453
0.0219894
0.022449
0.0228993
0.0233438
0.0237724
0.024238
0.0247386
0.025248
0.0257576
0.0262797
0.0268009
0.0273215
0.0278605
0.0284014
0.0289663
0.0295269
0.0301191
0.0307012
0.0313156
0.0319461
0.0325844
0.0332415
0.0339081
0.0346044
0.0353086
0.0360282
0.0367629
0.0374897
0.0382627
0.0390278
0.0398157
0.0406021
0.0413866
0.0421758
0.0429708
0.0437379
0.0444768
0.0451163
0.0454356
0.00928734
0.0100441
0.0104553
0.0103798
0.0102183
0.00998753
0.00970134
0.00976672
0.00984204
0.00926155
0.0085772
0.00861525
0.00903679
0.00921008
0.00913547
0.00907946
0.00917188
0.00941211
0.00968555
0.00983534
0.00984917
0.00990221
0.010109
0.0103571
0.0105092
0.0106131
0.0107982
0.0110596
0.0112817
0.0114397
0.011627
0.0118862
0.0121612
0.0124077
0.0126547
0.0129336
0.0132323
0.0135281
0.0138196
0.0141081
0.0143843
0.0146713
0.0149877
0.0153116
0.0156101
0.0159104
0.0162509
0.0166234
0.016973
0.0173024
0.0176494
0.0180209
0.0183948
0.0187549
0.0191131
0.019489
0.0198875
0.0202788
0.0206826
0.0211067
0.0215482
0.0219904
0.0224484
0.0228983
0.0233447
0.0237762
0.0242424
0.0247411
0.0252494
0.0257587
0.0262802
0.0268015
0.0273227
0.0278621
0.0284032
0.0289682
0.0295289
0.0301216
0.030704
0.0313182
0.0319483
0.0325868
0.0332444
0.0339108
0.0346066
0.0353103
0.0360296
0.0367644
0.0374917
0.0382641
0.0390286
0.0398165
0.0406031
0.0413886
0.0421783
0.0429756
0.0437443
0.0444847
0.0451289
0.0454448
0.0090912
0.00985881
0.0103296
0.0103061
0.010175
0.0100419
0.0098127
0.0098287
0.00993637
0.0094411
0.00869586
0.00863513
0.00907516
0.00928357
0.00918663
0.0091008
0.00918836
0.00944373
0.00973052
0.00987801
0.00988261
0.00992767
0.0101354
0.0103931
0.0105438
0.0106337
0.0108154
0.0110848
0.0113095
0.0114626
0.0116457
0.0119056
0.0121825
0.0124268
0.0126695
0.0129462
0.0132435
0.0135375
0.013828
0.0141155
0.0143904
0.0146771
0.0149955
0.0153211
0.0156179
0.0159146
0.0162547
0.0166296
0.0169789
0.0173045
0.0176497
0.0180235
0.0183989
0.0187571
0.0191149
0.019493
0.0198922
0.0202822
0.0206858
0.0211105
0.0215511
0.0219915
0.0224479
0.0228974
0.0233456
0.0237799
0.0242468
0.0247437
0.0252508
0.0257599
0.0262808
0.0268021
0.0273239
0.0278638
0.0284051
0.0289702
0.029531
0.0301241
0.0307068
0.0313209
0.0319506
0.0325894
0.0332473
0.0339135
0.034609
0.0353121
0.036031
0.0367659
0.0374938
0.0382655
0.0390294
0.0398173
0.0406042
0.0413907
0.0421809
0.0429807
0.043751
0.0444928
0.0451417
0.0454547
0.00890753
0.00970005
0.0102167
0.0102304
0.0101149
0.0100748
0.00993024
0.00990167
0.0100006
0.00959921
0.00884207
0.00866953
0.00909674
0.00935559
0.00925173
0.00912645
0.00919842
0.00947018
0.00977858
0.00992421
0.0099149
0.00995374
0.0101636
0.0104293
0.0105809
0.0106571
0.0108316
0.0111096
0.0113392
0.0114862
0.0116645
0.0119259
0.0122045
0.0124462
0.0126848
0.0129593
0.0132552
0.0135474
0.0138369
0.0141235
0.0143969
0.0146832
0.0150034
0.015331
0.0156261
0.015919
0.0162585
0.016636
0.0169851
0.0173068
0.01765
0.0180263
0.0184033
0.0187595
0.0191168
0.0194972
0.019897
0.0202857
0.0206891
0.0211143
0.0215542
0.0219927
0.0224475
0.0228968
0.0233467
0.0237836
0.0242512
0.0247462
0.0252524
0.0257612
0.0262814
0.0268027
0.0273253
0.0278655
0.0284071
0.0289722
0.0295333
0.0301268
0.0307097
0.0313237
0.0319531
0.0325921
0.0332503
0.0339164
0.0346113
0.0353139
0.0360326
0.0367675
0.037496
0.038267
0.0390303
0.0398183
0.0406054
0.0413929
0.0421838
0.042986
0.0437582
0.0445012
0.0451549
0.0454651
0.00872574
0.00956125
0.0101237
0.0101656
0.0100411
0.0100771
0.0100447
0.00999456
0.0100506
0.00972203
0.00899865
0.00873223
0.00911069
0.0094144
0.00932672
0.00916469
0.00920577
0.00948623
0.00982657
0.00997789
0.00994722
0.00997703
0.0101941
0.0104674
0.0106191
0.0106837
0.0108481
0.0111328
0.0113704
0.0115113
0.0116829
0.0119468
0.0122278
0.012466
0.0127001
0.0129729
0.0132676
0.0135579
0.0138464
0.0141322
0.014404
0.0146895
0.0150115
0.0153412
0.0156346
0.0159236
0.0162624
0.0166426
0.0169918
0.0173095
0.0176503
0.0180291
0.018408
0.0187621
0.0191186
0.0195014
0.019902
0.0202893
0.0206923
0.0211181
0.0215573
0.0219939
0.0224473
0.0228965
0.0233479
0.0237871
0.0242554
0.0247487
0.025254
0.0257627
0.0262822
0.0268034
0.0273267
0.0278673
0.0284091
0.0289743
0.0295356
0.0301296
0.0307127
0.0313266
0.0319556
0.0325949
0.0332534
0.0339193
0.0346138
0.0353159
0.0360343
0.0367692
0.0374983
0.0382685
0.0390313
0.0398195
0.0406067
0.0413953
0.0421869
0.0429914
0.0437658
0.0445098
0.0451683
0.0454762
0.00853449
0.00943524
0.0100502
0.0101234
0.00996672
0.0100421
0.0101416
0.0101089
0.0101037
0.0098105
0.00914402
0.00882385
0.0091344
0.00945559
0.00939973
0.00921935
0.00921976
0.00949022
0.00986664
0.0100409
0.00998515
0.0099945
0.0102237
0.0105098
0.0106586
0.010712
0.0108665
0.0111548
0.0114019
0.0115388
0.0117012
0.0119672
0.0122527
0.0124869
0.0127154
0.0129868
0.0132808
0.0135692
0.0138564
0.0141413
0.0144116
0.0146962
0.0150197
0.0153516
0.0156436
0.0159284
0.0162664
0.0166493
0.0169988
0.0173127
0.0176507
0.018032
0.0184131
0.0187649
0.0191205
0.0195057
0.0199071
0.020293
0.0206956
0.021122
0.0215606
0.0219953
0.0224472
0.0228964
0.0233492
0.0237906
0.0242596
0.0247513
0.0252557
0.0257642
0.026283
0.0268042
0.0273282
0.0278692
0.0284112
0.0289765
0.0295381
0.0301325
0.0307157
0.0313296
0.0319582
0.0325978
0.0332566
0.0339223
0.0346163
0.035318
0.0360361
0.036771
0.0375006
0.0382702
0.0390323
0.0398208
0.040608
0.0413979
0.0421902
0.0429971
0.0437739
0.0445186
0.0451819
0.0454879
0.00832114
0.00931242
0.00999241
0.0101085
0.00990938
0.00997295
0.0102035
0.0102378
0.010175
0.00987882
0.00926075
0.00892746
0.00918291
0.00949044
0.00945845
0.00928305
0.00925069
0.009489
0.00989
0.0101086
0.0100362
0.0100075
0.0102464
0.0105571
0.0107024
0.0107402
0.0108866
0.011177
0.0114325
0.0115684
0.0117205
0.0119864
0.0122785
0.0125097
0.0127307
0.0130004
0.0132946
0.0135813
0.0138671
0.0141509
0.0144199
0.0147032
0.015028
0.0153624
0.0156531
0.0159336
0.0162705
0.0166561
0.0170062
0.0173162
0.0176513
0.018035
0.0184185
0.0187681
0.0191224
0.0195101
0.0199125
0.0202969
0.0206989
0.021126
0.021564
0.0219969
0.0224473
0.0228965
0.0233506
0.023794
0.0242637
0.0247539
0.0252576
0.0257659
0.0262839
0.0268051
0.0273298
0.0278711
0.0284133
0.0289788
0.0295406
0.0301354
0.0307188
0.0313327
0.031961
0.0326009
0.03326
0.0339254
0.0346189
0.0353201
0.036038
0.0367728
0.037503
0.0382719
0.0390333
0.0398223
0.0406094
0.0414006
0.0421938
0.0430029
0.0437824
0.0445278
0.0451957
0.0455003
0.00807685
0.00917788
0.00994503
0.0101182
0.00988521
0.00988635
0.0102153
0.0103649
0.0102735
0.00994492
0.00934682
0.00902052
0.00925621
0.00953831
0.00950039
0.00934063
0.00930128
0.00949622
0.0098938
0.0101687
0.0101051
0.0100244
0.0102562
0.0106049
0.010755
0.010769
0.0109058
0.0112012
0.0114629
0.0115984
0.0117418
0.0120048
0.0123039
0.0125349
0.0127471
0.0130134
0.0133087
0.0135945
0.0138785
0.0141611
0.0144286
0.0147107
0.0150364
0.0153733
0.015663
0.015939
0.0162746
0.016663
0.017014
0.0173201
0.0176519
0.0180381
0.0184242
0.0187715
0.0191244
0.0195145
0.0199181
0.0203009
0.0207021
0.02113
0.0215675
0.0219986
0.0224476
0.0228969
0.0233521
0.0237973
0.0242678
0.0247565
0.0252596
0.0257677
0.0262849
0.0268061
0.0273315
0.0278731
0.0284155
0.0289812
0.0295433
0.0301385
0.030722
0.0313359
0.0319639
0.032604
0.0332634
0.0339285
0.0346216
0.0353223
0.03604
0.0367748
0.0375054
0.0382737
0.0390344
0.0398239
0.0406109
0.0414035
0.0421977
0.0430088
0.0437914
0.0445373
0.0452097
0.0455133
0.00780637
0.0090134
0.00989863
0.0101457
0.00990149
0.00980566
0.0101728
0.0104681
0.0103976
0.0100266
0.00941622
0.00908422
0.00933473
0.00961558
0.00954109
0.00937767
0.00935946
0.00952581
0.00988817
0.0102076
0.0101862
0.0100569
0.0102532
0.0106442
0.0108186
0.010803
0.0109211
0.0112263
0.0114956
0.011628
0.0117641
0.0120239
0.0123285
0.0125615
0.0127654
0.0130259
0.0133225
0.0136087
0.013891
0.0141718
0.0144379
0.0147186
0.015045
0.0153844
0.0156734
0.015945
0.0162787
0.01667
0.0170223
0.0173246
0.0176527
0.0180413
0.0184303
0.0187752
0.0191265
0.0195189
0.0199238
0.020305
0.0207054
0.021134
0.0215712
0.0220004
0.0224481
0.0228975
0.0233538
0.0238006
0.0242718
0.0247592
0.0252616
0.0257696
0.0262861
0.0268071
0.0273332
0.0278753
0.0284178
0.0289836
0.0295461
0.0301417
0.0307252
0.0313392
0.0319669
0.0326073
0.0332669
0.0339317
0.0346243
0.0353247
0.0360421
0.0367768
0.0375079
0.0382756
0.0390356
0.0398258
0.0406126
0.0414066
0.042202
0.043015
0.0438008
0.0445472
0.0452239
0.0455268
0.00753214
0.00880791
0.00983753
0.0101831
0.00995576
0.00975397
0.0100889
0.0105256
0.0105335
0.0101356
0.00948799
0.00911632
0.00939233
0.00972125
0.0096045
0.00939261
0.00940465
0.00958078
0.00989238
0.0102199
0.0102632
0.0101141
0.0102477
0.0106652
0.0108887
0.0108492
0.0109328
0.0112482
0.0115326
0.0116588
0.0117851
0.0120436
0.0123531
0.0125884
0.0127859
0.013039
0.0133355
0.0136236
0.0139046
0.0141833
0.0144477
0.0147269
0.0150538
0.0153957
0.0156843
0.0159514
0.0162829
0.0166771
0.0170311
0.0173295
0.0176535
0.0180445
0.0184367
0.0187792
0.0191285
0.0195234
0.0199297
0.0203093
0.0207087
0.021138
0.021575
0.0220025
0.0224488
0.0228984
0.0233556
0.0238038
0.0242758
0.0247619
0.0252638
0.0257717
0.0262873
0.0268082
0.027335
0.0278775
0.0284202
0.0289861
0.029549
0.030145
0.0307285
0.0313427
0.03197
0.0326106
0.0332706
0.033935
0.0346271
0.0353271
0.0360443
0.036779
0.0375104
0.0382776
0.0390369
0.0398279
0.0406144
0.0414097
0.0422066
0.0430213
0.0438106
0.0445574
0.0452382
0.045541
0.00728026
0.00856783
0.00974414
0.0102189
0.0100396
0.00974695
0.00998787
0.0105243
0.0106599
0.0102731
0.00958108
0.0091332
0.00940687
0.0098315
0.00971145
0.00940544
0.00941735
0.00964426
0.00992567
0.0102183
0.0103173
0.0101915
0.0102558
0.0106648
0.0109538
0.0109129
0.0109462
0.0112621
0.0115727
0.0116946
0.0118043
0.0120624
0.0123789
0.0126156
0.0128076
0.0130536
0.0133479
0.0136381
0.0139194
0.0141957
0.014458
0.0147355
0.0150629
0.0154073
0.0156955
0.0159582
0.0162873
0.0166842
0.0170405
0.017335
0.0176542
0.0180477
0.0184437
0.0187835
0.0191305
0.019528
0.0199359
0.0203137
0.0207119
0.0211421
0.021579
0.0220046
0.0224497
0.0228996
0.0233575
0.023807
0.0242797
0.0247646
0.0252661
0.0257738
0.0262886
0.0268095
0.027337
0.0278799
0.0284226
0.0289887
0.029552
0.0301485
0.0307319
0.0313462
0.0319733
0.0326141
0.0332744
0.0339384
0.03463
0.0353297
0.0360466
0.0367812
0.037513
0.0382797
0.0390382
0.0398301
0.0406164
0.041413
0.0422116
0.0430278
0.0438208
0.0445681
0.0452526
0.0455557
0.00707063
0.00831458
0.00960836
0.0102376
0.0101408
0.00978965
0.00989583
0.0104665
0.010754
0.010428
0.00970755
0.00915793
0.00937455
0.00991408
0.00986364
0.00944647
0.00939409
0.00968917
0.00999244
0.0102276
0.0103396
0.0102688
0.010291
0.0106537
0.0110001
0.0109907
0.0109708
0.0112662
0.0116104
0.0117385
0.0118241
0.0120772
0.0124059
0.0126447
0.0128296
0.0130695
0.0133608
0.0136521
0.013935
0.0142095
0.0144691
0.0147444
0.015072
0.0154192
0.0157072
0.0159655
0.0162917
0.0166912
0.0170502
0.0173412
0.0176551
0.0180507
0.0184511
0.0187885
0.0191325
0.0195324
0.0199424
0.0203183
0.0207151
0.0211462
0.0215832
0.022007
0.0224508
0.022901
0.0233596
0.0238101
0.0242836
0.0247673
0.0252684
0.0257761
0.0262901
0.0268108
0.027339
0.0278823
0.0284252
0.0289914
0.0295552
0.030152
0.0307353
0.0313499
0.0319767
0.0326178
0.0332783
0.0339419
0.034633
0.0353324
0.0360491
0.0367836
0.0375156
0.0382819
0.0390397
0.0398326
0.0406185
0.0414164
0.042217
0.0430344
0.0438313
0.0445793
0.0452671
0.045571
0.00690746
0.00807169
0.00943529
0.0102242
0.0102444
0.00987763
0.00983633
0.0103685
0.0107984
0.0105828
0.0098674
0.00921308
0.00931352
0.00993872
0.0100352
0.00954477
0.00935769
0.00968947
0.0100719
0.010273
0.0103452
0.0103225
0.0103507
0.0106519
0.0110209
0.0110704
0.0110147
0.0112656
0.0116391
0.0117899
0.0118491
0.0120867
0.012431
0.0126772
0.0128524
0.0130854
0.0133749
0.0136658
0.0139504
0.0142248
0.0144813
0.0147536
0.0150812
0.0154313
0.0157196
0.0159731
0.0162961
0.0166985
0.0170607
0.0173482
0.0176561
0.0180535
0.0184588
0.0187941
0.0191346
0.0195367
0.0199492
0.0203232
0.0207183
0.0211504
0.0215876
0.0220096
0.0224521
0.0229027
0.0233619
0.0238132
0.0242875
0.0247702
0.025271
0.0257786
0.0262917
0.0268122
0.0273411
0.027885
0.0284278
0.0289942
0.0295585
0.0301557
0.0307388
0.0313536
0.0319802
0.0326215
0.0332823
0.0339454
0.034636
0.0353352
0.0360516
0.0367862
0.0375183
0.0382843
0.0390413
0.0398352
0.0406209
0.0414199
0.0422229
0.0430413
0.0438421
0.044591
0.0452817
0.0455866
0.00678351
0.00785552
0.00924116
0.0101714
0.0103336
0.00999795
0.00982533
0.0102536
0.010786
0.0107181
0.0100499
0.00931313
0.00925239
0.00989325
0.010188
0.00971018
0.00934385
0.00963749
0.0101311
0.0103606
0.0103641
0.0103401
0.0104113
0.0106768
0.0110267
0.0111353
0.011078
0.0112706
0.0116551
0.0118439
0.0118839
0.0120932
0.0124507
0.0127129
0.0128785
0.0131007
0.0133898
0.0136804
0.013965
0.0142406
0.014495
0.0147632
0.0150904
0.0154436
0.0157326
0.0159813
0.0163003
0.0167055
0.0170718
0.017356
0.0176572
0.0180561
0.0184668
0.0188004
0.0191368
0.0195408
0.0199562
0.0203283
0.0207214
0.0211545
0.0215922
0.0220124
0.0224536
0.0229047
0.0233644
0.0238164
0.0242913
0.024773
0.0252736
0.0257812
0.0262935
0.0268137
0.0273432
0.0278878
0.0284305
0.028997
0.0295619
0.0301595
0.0307424
0.0313575
0.0319839
0.0326254
0.0332864
0.033949
0.0346392
0.0353381
0.0360543
0.0367888
0.037521
0.0382868
0.039043
0.039838
0.0406236
0.0414235
0.0422292
0.0430485
0.0438531
0.0446031
0.0452965
0.0456027
0.00669214
0.00767013
0.00904326
0.010083
0.0103951
0.0101321
0.00986754
0.0101485
0.0107212
0.0108161
0.0102393
0.0094591
0.0092203
0.00979205
0.0102821
0.00992036
0.00938976
0.00955546
0.0101376
0.0104672
0.0104265
0.0103392
0.0104444
0.0107267
0.0110396
0.0111755
0.0111481
0.0112915
0.0116606
0.0118932
0.0119296
0.0121014
0.0124629
0.0127487
0.0129096
0.0131158
0.0134037
0.0136967
0.0139799
0.0142562
0.0145103
0.0147739
0.0150994
0.015456
0.0157465
0.0159904
0.0163043
0.0167122
0.0170836
0.0173648
0.0176585
0.0180583
0.018475
0.0188074
0.0191393
0.0195448
0.0199633
0.0203338
0.0207245
0.0211585
0.0215971
0.0220155
0.0224552
0.0229068
0.023367
0.0238195
0.0242953
0.024776
0.0252763
0.025784
0.0262954
0.0268153
0.0273455
0.0278907
0.0284334
0.0289999
0.0295655
0.0301634
0.0307461
0.0313616
0.0319878
0.0326294
0.0332906
0.0339527
0.0346424
0.0353412
0.0360571
0.0367917
0.0375238
0.0382893
0.039045
0.0398409
0.0406266
0.0414273
0.0422359
0.0430559
0.0438643
0.0446158
0.0453114
0.0456192
0.00663055
0.00751415
0.00885402
0.00997042
0.0104233
0.0102605
0.00995438
0.0100775
0.0106194
0.0108641
0.0104186
0.00964019
0.00923962
0.00966756
0.0102928
0.0101347
0.0095163
0.00948135
0.0100784
0.0105556
0.0105411
0.0103552
0.0104355
0.0107746
0.0110806
0.0112011
0.011207
0.0113308
0.0116653
0.0119317
0.0119834
0.0121162
0.0124684
0.0127812
0.0129457
0.0131332
0.0134155
0.0137136
0.013996
0.014271
0.0145262
0.0147862
0.0151084
0.0154679
0.0157611
0.0160004
0.0163082
0.0167183
0.017096
0.0173749
0.01766
0.0180601
0.0184833
0.0188151
0.0191421
0.0195488
0.0199706
0.0203394
0.0207276
0.0211626
0.0216022
0.0220189
0.0224571
0.0229091
0.0233698
0.0238228
0.0242992
0.0247789
0.0252791
0.0257869
0.0262975
0.026817
0.0273478
0.0278939
0.0284364
0.0290029
0.0295692
0.0301674
0.0307499
0.0313657
0.0319918
0.0326335
0.0332949
0.0339565
0.0346457
0.0353445
0.03606
0.0367947
0.0375266
0.038292
0.0390472
0.0398439
0.0406299
0.0414311
0.042243
0.0430637
0.0438756
0.044629
0.0453265
0.0456359
0.00659555
0.00738849
0.00867942
0.00984448
0.0104209
0.0103693
0.0100674
0.0100545
0.0105042
0.0108569
0.0105704
0.00983934
0.00931727
0.00955538
0.0102231
0.0103078
0.0097123
0.00945716
0.00997221
0.0105881
0.010682
0.0104229
0.0104039
0.0107878
0.0111487
0.0112375
0.0112432
0.0113772
0.0116804
0.0119592
0.0120389
0.0121403
0.0124699
0.0128083
0.0129856
0.0131551
0.0134264
0.0137297
0.014014
0.0142857
0.0145414
0.0148002
0.0151181
0.0154793
0.0157765
0.0160117
0.0163121
0.0167236
0.0171086
0.0173864
0.0176622
0.0180613
0.0184918
0.0188235
0.0191449
0.0195526
0.0199782
0.0203452
0.0207307
0.0211667
0.0216075
0.0220226
0.0224593
0.0229116
0.0233726
0.0238261
0.0243033
0.024782
0.0252819
0.0257899
0.0262999
0.0268189
0.0273502
0.0278972
0.0284395
0.029006
0.0295731
0.0301716
0.0307538
0.03137
0.0319959
0.0326378
0.0332993
0.0339605
0.034649
0.0353479
0.036063
0.0367978
0.0375294
0.0382948
0.0390496
0.039847
0.0406335
0.0414351
0.0422505
0.0430719
0.043887
0.0446427
0.0453418
0.0456529
0.00658108
0.00729473
0.00852298
0.00971178
0.0103938
0.0104536
0.0101876
0.0100776
0.0104011
0.010801
0.0106794
0.0100386
0.00944481
0.00948602
0.0101003
0.0104036
0.00994069
0.00951299
0.0098572
0.0105477
0.0108094
0.0105529
0.0103889
0.0107474
0.0112129
0.0113083
0.0112669
0.0114121
0.0117102
0.0119832
0.0120896
0.0121743
0.0124706
0.012828
0.0130266
0.0131812
0.0134373
0.0137445
0.0140337
0.0143019
0.0145557
0.0148149
0.0151293
0.0154902
0.015792
0.0160244
0.0163165
0.0167281
0.0171211
0.0173992
0.0176651
0.0180619
0.0185001
0.0188329
0.0191481
0.0195562
0.0199861
0.0203513
0.0207336
0.0211707
0.0216131
0.0220266
0.0224616
0.0229144
0.0233756
0.0238293
0.0243074
0.0247853
0.0252848
0.0257929
0.0263024
0.0268208
0.0273528
0.0279007
0.0284427
0.029009
0.029577
0.0301759
0.0307577
0.0313744
0.0320002
0.0326422
0.0333038
0.0339645
0.0346525
0.0353514
0.0360661
0.0368011
0.0375324
0.0382976
0.0390524
0.0398503
0.0406375
0.0414394
0.0422582
0.0430805
0.0438985
0.0446568
0.0453573
0.04567
0.00657715
0.00722852
0.00838767
0.00957618
0.0103463
0.010516
0.0103032
0.0101347
0.0103285
0.0107147
0.0107371
0.0102205
0.00960548
0.00947487
0.00996166
0.0104104
0.0101554
0.00964924
0.00977596
0.0104491
0.0108839
0.01072
0.0104309
0.0106738
0.0112347
0.011413
0.0113058
0.0114224
0.011744
0.0120144
0.0121335
0.012215
0.0124752
0.0128401
0.013068
0.0132121
0.013448
0.0137573
0.0140541
0.01432
0.0145695
0.0148291
0.015142
0.0155014
0.015807
0.0160382
0.0163215
0.016732
0.0171336
0.0174134
0.0176691
0.018062
0.0185081
0.0188432
0.0191516
0.0195595
0.0199945
0.020358
0.0207364
0.0211746
0.021619
0.0220309
0.0224641
0.0229173
0.0233788
0.0238326
0.0243116
0.0247887
0.0252879
0.0257961
0.0263051
0.0268228
0.0273553
0.0279045
0.028446
0.0290122
0.0295812
0.0301803
0.0307617
0.0313789
0.0320046
0.0326469
0.0333084
0.0339687
0.034656
0.0353551
0.0360695
0.0368045
0.0375355
0.0383005
0.0390555
0.0398536
0.0406417
0.0414439
0.0422661
0.0430896
0.0439101
0.0446713
0.0453731
0.0456873
0.00657785
0.0071824
0.00827551
0.00944388
0.0102809
0.0105588
0.0104102
0.0102123
0.0102922
0.0106189
0.010744
0.0103705
0.00978113
0.00952121
0.0098436
0.010344
0.0103134
0.00983733
0.00976117
0.0103268
0.0108856
0.0108827
0.0105454
0.0106104
0.0111905
0.0115187
0.0113876
0.0114181
0.0117623
0.0120571
0.0121751
0.0122566
0.012486
0.0128446
0.013107
0.0132508
0.0134596
0.0137675
0.0140754
0.0143401
0.0145834
0.0148421
0.0151556
0.0155142
0.0158221
0.0160528
0.0163275
0.0167348
0.0171454
0.0174287
0.0176744
0.0180619
0.0185157
0.0188544
0.0191556
0.0195621
0.0200028
0.0203653
0.0207393
0.0211783
0.0216252
0.0220357
0.0224668
0.0229204
0.0233821
0.023836
0.0243159
0.0247923
0.025291
0.0257994
0.026308
0.026825
0.027358
0.0279086
0.0284494
0.0290153
0.0295856
0.0301849
0.0307658
0.0313835
0.032009
0.0326516
0.033313
0.0339729
0.0346596
0.035359
0.036073
0.036808
0.0375388
0.0383034
0.039059
0.039857
0.0406462
0.0414488
0.0422742
0.0430991
0.0439218
0.0446861
0.0453891
0.0457047
0.00658201
0.00715185
0.00818508
0.00932219
0.0102013
0.0105804
0.0105067
0.0103006
0.0102884
0.0105308
0.0107094
0.0104779
0.00995401
0.00961259
0.00977131
0.0102379
0.0103926
0.0100376
0.00982147
0.0102198
0.0108236
0.0110005
0.0107092
0.0106012
0.0110973
0.0115822
0.0115152
0.0114295
0.0117512
0.0121025
0.0122246
0.0122961
0.0125037
0.012844
0.0131374
0.0132974
0.0134753
0.0137724
0.0140972
0.014364
0.0145975
0.0148531
0.0151682
0.0155282
0.015838
0.0160677
0.0163345
0.0167376
0.0171566
0.0174452
0.0176807
0.0180612
0.018523
0.0188665
0.0191604
0.0195644
0.0200111
0.0203733
0.0207424
0.0211815
0.0216315
0.0220409
0.0224697
0.0229235
0.0233857
0.0238396
0.0243201
0.024796
0.0252944
0.0258029
0.026311
0.0268271
0.0273608
0.0279129
0.0284529
0.0290183
0.02959
0.0301897
0.03077
0.0313883
0.0320137
0.0326565
0.0333177
0.0339773
0.0346633
0.0353629
0.0360767
0.0368115
0.0375422
0.0383063
0.0390629
0.0398606
0.0406508
0.0414541
0.0422824
0.043109
0.0439335
0.0447012
0.0454055
0.0457222
0.00659242
0.00713717
0.00811382
0.00921465
0.0101137
0.0105784
0.0105888
0.0103937
0.0103114
0.0104622
0.0106479
0.0105382
0.0101086
0.00973175
0.00975142
0.0101276
0.0103973
0.0102085
0.0099399
0.0101601
0.0107275
0.0110524
0.0108822
0.0106672
0.0109997
0.0115729
0.0116552
0.0114873
0.011718
0.0121302
0.012287
0.0123363
0.0125256
0.0128445
0.0131552
0.0133477
0.0135011
0.0137708
0.0141151
0.0143943
0.0146142
0.0148623
0.0151801
0.0155431
0.0158556
0.0160831
0.0163413
0.0167399
0.0171673
0.0174629
0.0176886
0.01806
0.0185296
0.0188797
0.0191657
0.019566
0.020019
0.0203819
0.0207462
0.0211846
0.0216377
0.0220466
0.0224729
0.0229266
0.0233894
0.0238434
0.0243245
0.0247997
0.0252977
0.0258065
0.0263144
0.0268293
0.0273636
0.0279176
0.0284565
0.0290215
0.0295946
0.0301946
0.0307742
0.0313932
0.0320183
0.0326616
0.0333226
0.0339818
0.0346672
0.0353669
0.0360807
0.036815
0.0375458
0.0383092
0.039067
0.0398644
0.0406556
0.04146
0.0422907
0.0431194
0.0439455
0.0447163
0.0454221
0.0457398
0.00659984
0.00713704
0.00806102
0.00912044
0.0100247
0.010554
0.0106511
0.0104862
0.010354
0.0104174
0.0105741
0.0105529
0.0102321
0.00986187
0.00977721
0.0100407
0.010351
0.0103225
0.0100852
0.0101601
0.0106298
0.0110425
0.0110251
0.0107919
0.0109439
0.0115013
0.0117632
0.0116006
0.0116929
0.0121237
0.0123547
0.0123856
0.0125474
0.0128501
0.0131621
0.0133937
0.0135425
0.0137684
0.0141217
0.0144292
0.0146366
0.0148682
0.0151891
0.0155585
0.0158755
0.0161005
0.0163479
0.016741
0.0171772
0.0174813
0.017698
0.0180582
0.0185354
0.0188944
0.0191723
0.0195669
0.0200265
0.0203912
0.0207504
0.0211875
0.0216438
0.0220526
0.0224765
0.0229298
0.0233932
0.0238473
0.0243291
0.0248036
0.025301
0.0258101
0.026318
0.0268316
0.0273664
0.0279226
0.0284603
0.0290245
0.0295995
0.0301997
0.0307786
0.0313982
0.032023
0.0326668
0.0333274
0.0339862
0.0346713
0.0353711
0.0360851
0.0368185
0.0375496
0.0383123
0.0390713
0.0398685
0.0406604
0.0414663
0.0422991
0.04313
0.0439578
0.0447317
0.0454389
0.0457574
0.00660591
0.007148
0.00802709
0.00903919
0.00993895
0.0105146
0.0106906
0.0105721
0.0104099
0.0103971
0.0105022
0.0105306
0.0103163
0.00998712
0.00983634
0.00999013
0.0102827
0.0103752
0.0102233
0.0102124
0.0105586
0.0109925
0.0111153
0.0109392
0.0109543
0.0114075
0.0118043
0.0117411
0.0117083
0.0120865
0.0124092
0.0124507
0.0125701
0.0128595
0.0131634
0.0134252
0.013596
0.0137765
0.0141141
0.0144618
0.0146711
0.014874
0.0151923
0.0155731
0.0158973
0.0161206
0.0163553
0.0167408
0.0171869
0.0175017
0.0177094
0.0180556
0.0185393
0.0189104
0.0191806
0.0195668
0.0200331
0.0204014
0.0207552
0.0211903
0.0216501
0.0220589
0.0224802
0.0229332
0.0233971
0.0238514
0.0243337
0.0248077
0.0253043
0.0258139
0.026322
0.026834
0.0273692
0.0279278
0.0284641
0.0290277
0.0296046
0.0302048
0.030783
0.0314033
0.0320279
0.0326722
0.0333325
0.0339906
0.0346755
0.0353749
0.0360896
0.0368221
0.0375536
0.0383156
0.0390759
0.039873
0.0406653
0.0414732
0.0423077
0.0431408
0.0439704
0.0447469
0.0454558
0.0457751
0.00661059
0.00716659
0.00801195
0.00897371
0.00985782
0.0104663
0.0107076
0.0106452
0.0104732
0.0103988
0.0104443
0.0104842
0.0103586
0.0100931
0.00991413
0.00997647
0.0102175
0.0103813
0.0103292
0.0102955
0.0105289
0.0109284
0.0111529
0.0110745
0.0110228
0.011335
0.0117791
0.011866
0.0117779
0.0120431
0.0124315
0.0125272
0.0126011
0.0128704
0.0131684
0.013442
0.0136509
0.0138048
0.0140983
0.01448
0.0147174
0.0148879
0.0151876
0.0155844
0.015922
0.0161434
0.0163635
0.0167376
0.017194
0.0175241
0.0177239
0.0180522
0.0185412
0.0189277
0.0191912
0.019566
0.0200384
0.0204122
0.0207608
0.0211928
0.0216563
0.0220655
0.022484
0.0229366
0.0234013
0.0238556
0.0243386
0.0248121
0.0253075
0.0258175
0.0263263
0.0268366
0.0273721
0.0279334
0.0284677
0.0290305
0.0296105
0.0302101
0.0307874
0.0314084
0.0320328
0.0326776
0.0333377
0.0339952
0.0346803
0.0353791
0.0360945
0.0368257
0.0375574
0.0383192
0.0390803
0.0398779
0.0406702
0.0414804
0.0423165
0.0431515
0.0439834
0.0447624
0.0454727
0.0457928
0.00661296
0.00718822
0.00801276
0.00892719
0.00978289
0.0104113
0.010705
0.0106999
0.0105374
0.0104163
0.0104052
0.0104288
0.0103629
0.0101687
0.00999469
0.00999241
0.0101692
0.0103607
0.010395
0.0103842
0.0105395
0.0108732
0.0111522
0.0111766
0.0111222
0.0113121
0.0117205
0.0119415
0.0118849
0.0120247
0.0124183
0.0125989
0.0126465
0.0128793
0.0131766
0.0134485
0.0136938
0.0138534
0.0140894
0.014476
0.0147646
0.0149183
0.0151782
0.0155863
0.0159498
0.0161716
0.0163742
0.0167329
0.0171975
0.017548
0.0177423
0.0180477
0.0185397
0.0189459
0.0192048
0.0195649
0.0200418
0.0204236
0.0207677
0.0211951
0.0216627
0.0220728
0.0224877
0.0229397
0.0234058
0.02386
0.0243433
0.0248168
0.0253108
0.0258213
0.0263308
0.0268394
0.0273751
0.0279393
0.0284715
0.0290333
0.0296092
0.0302152
0.0307919
0.0314135
0.0320381
0.032683
0.033343
0.0339993
0.0346849
0.0353831
0.0360996
0.0368296
0.0375614
0.0383233
0.039085
0.0398831
0.0406753
0.041488
0.0423256
0.0431623
0.0439965
0.0447778
0.0454896
0.0458105
0.00661338
0.00721135
0.00802582
0.00890109
0.00971936
0.0103519
0.0106865
0.0107333
0.0105952
0.0104431
0.0103824
0.0103765
0.0103401
0.0102099
0.0100622
0.0100259
0.0101415
0.0103296
0.0104267
0.0104579
0.0105767
0.0108407
0.0111304
0.0112406
0.0112226
0.0113363
0.0116637
0.0119595
0.0119939
0.0120485
0.0123867
0.0126489
0.0127075
0.012892
0.0131856
0.0134535
0.0137189
0.0139098
0.014102
0.0144569
0.0147985
0.0149686
0.0151759
0.0155734
0.0159743
0.0162068
0.0163879
0.016726
0.0171966
0.0175728
0.0177666
0.0180436
0.0185338
0.0189639
0.0192218
0.0195642
0.0200433
0.0204351
0.0207756
0.0211969
0.0216686
0.0220807
0.0224917
0.0229426
0.0234106
0.0238648
0.0243482
0.0248217
0.0253138
0.0258249
0.0263355
0.0268424
0.0273782
0.0279454
0.0284752
0.0290363
0.0296155
0.0302208
0.0307967
0.0314185
0.0320434
0.0326883
0.0333486
0.0340036
0.0346899
0.0353873
0.0361046
0.0368335
0.037565
0.0383277
0.0390896
0.0398886
0.0406807
0.0414958
0.0423351
0.0431731
0.04401
0.0447934
0.0455063
0.0458281
0.00661169
0.00723408
0.00804645
0.00889285
0.00967174
0.0102922
0.0106541
0.0107447
0.0106388
0.0104726
0.01037
0.0103324
0.010302
0.0102197
0.0101074
0.0100633
0.0101333
0.0102986
0.0104349
0.0105083
0.0106223
0.0108342
0.0111045
0.0112743
0.0113071
0.0113895
0.0116366
0.0119413
0.0120758
0.0121091
0.0123608
0.0126692
0.0127746
0.0129166
0.0131946
0.0134621
0.0137307
0.0139589
0.0141363
0.0144371
0.0148058
0.0150253
0.015194
0.0155506
0.0159869
0.0162507
0.0164096
0.0167164
0.0171897
0.0175965
0.017797
0.018042
0.018523
0.0189805
0.0192426
0.0195643
0.0200425
0.0204467
0.0207851
0.0211986
0.021674
0.0220894
0.0224961
0.022945
0.0234153
0.0238699
0.024353
0.0248271
0.0253169
0.0258286
0.0263404
0.0268455
0.0273814
0.0279517
0.0284789
0.029039
0.029623
0.0302262
0.0308017
0.0314235
0.0320492
0.032694
0.0333544
0.034008
0.0346951
0.0353919
0.0361098
0.036838
0.0375686
0.0383325
0.0390941
0.039894
0.0406862
0.0415035
0.0423447
0.0431838
0.0440234
0.0448092
0.045523
0.0458456
0.00660855
0.00725647
0.00807072
0.00889614
0.00963937
0.0102369
0.0106101
0.0107346
0.0106628
0.010498
0.0103628
0.0102955
0.010259
0.010206
0.0101295
0.0100945
0.0101407
0.0102767
0.0104307
0.0105393
0.0106625
0.0108466
0.0110854
0.011287
0.0113693
0.0114492
0.011641
0.0119135
0.0121179
0.0121837
0.0123572
0.0126652
0.0128318
0.0129536
0.0132041
0.0134725
0.0137378
0.0139951
0.0141845
0.0144344
0.0147933
0.01507
0.015235
0.0155309
0.0159774
0.0162942
0.0164455
0.0167069
0.0171744
0.0176176
0.0178338
0.0180445
0.0185071
0.0189941
0.0192674
0.0195663
0.0200398
0.020458
0.020796
0.0212001
0.0216784
0.0220989
0.0225013
0.0229473
0.02342
0.0238752
0.0243581
0.0248327
0.0253197
0.0258322
0.0263458
0.0268489
0.0273848
0.0279581
0.0284828
0.0290416
0.0296227
0.0302315
0.0308069
0.0314281
0.0320548
0.0326992
0.03336
0.0340123
0.0347001
0.0353965
0.0361147
0.0368426
0.0375723
0.0383379
0.0390991
0.0398997
0.0406925
0.0415115
0.0423547
0.0431945
0.0440369
0.0448248
0.0455392
0.0458626
0.00660505
0.00727876
0.00809746
0.0089066
0.00962022
0.0101894
0.0105597
0.0107051
0.0106631
0.0105107
0.0103554
0.0102601
0.0102125
0.0101748
0.0101289
0.0101114
0.0101525
0.0102654
0.0104204
0.0105559
0.0106917
0.0108669
0.0110782
0.0112876
0.0114113
0.0115014
0.0116637
0.0118957
0.0121276
0.0122496
0.0123796
0.0126528
0.0128719
0.0129996
0.0132192
0.0134837
0.0137439
0.0140177
0.0142319
0.0144517
0.0147778
0.0150932
0.0152887
0.0155331
0.0159516
0.0163239
0.0164975
0.0167057
0.0171476
0.0176317
0.0178775
0.0180536
0.0184863
0.0190024
0.0192951
0.0195706
0.0200348
0.0204687
0.0208086
0.0212016
0.0216814
0.0221086
0.0225072
0.0229495
0.0234244
0.0238805
0.0243634
0.0248389
0.0253223
0.0258356
0.0263513
0.0268522
0.0273884
0.0279644
0.0284868
0.0290446
0.0296309
0.0302371
0.0308125
0.031433
0.0320609
0.0327049
0.0333656
0.034017
0.0347052
0.0354016
0.0361195
0.0368472
0.0375755
0.038343
0.039104
0.0399051
0.0406991
0.0415196
0.0423648
0.0432054
0.0440505
0.0448408
0.0455555
0.0458797
0.00660396
0.00729956
0.00812564
0.00892088
0.00960856
0.0101481
0.0105059
0.0106598
0.010639
0.0105029
0.0103398
0.0102216
0.0101599
0.0101299
0.0101078
0.0101111
0.0101592
0.0102619
0.0104103
0.0105634
0.0107119
0.0108863
0.0110822
0.0112852
0.011438
0.0115445
0.0116927
0.0118943
0.0121219
0.0122915
0.0124166
0.0126444
0.0128925
0.013046
0.0132412
0.0134971
0.0137528
0.0140315
0.0142715
0.0144813
0.0147709
0.0150969
0.0153342
0.0155594
0.015926
0.0163293
0.0165571
0.0167249
0.0171133
0.0176324
0.0179278
0.018074
0.0184624
0.0190038
0.0193257
0.0195788
0.0200273
0.0204782
0.0208232
0.0212031
0.0216827
0.0221185
0.022514
0.0229518
0.0234285
0.0238852
0.0243686
0.0248454
0.0253248
0.025839
0.0263574
0.0268559
0.0273922
0.0279706
0.028491
0.0290474
0.0296348
0.0302423
0.030818
0.0314378
0.0320668
0.0327105
0.0333707
0.0340218
0.0347101
0.0354066
0.0361242
0.0368523
0.0375794
0.0383486
0.0391093
0.0399103
0.0407058
0.0415273
0.0423744
0.0432159
0.0440633
0.0448561
0.0455711
0.0458958
0.0066116
0.00732106
0.00815407
0.00893588
0.00959731
0.0101049
0.0104405
0.010593
0.0105843
0.0104661
0.010306
0.0101748
0.0100997
0.0100743
0.0100723
0.0100965
0.010159
0.0102631
0.0104062
0.010567
0.0107262
0.0109008
0.0110898
0.0112832
0.0114523
0.0115787
0.0117216
0.0119053
0.0121165
0.0123113
0.0124554
0.0126485
0.0129004
0.0130861
0.0132689
0.013511
0.0137636
0.0140381
0.0142991
0.0145152
0.0147764
0.0150952
0.0153624
0.0155967
0.0159154
0.0163117
0.0166053
0.0167676
0.0170814
0.017612
0.017978
0.0181091
0.018438
0.0189961
0.0193578
0.0195933
0.020019
0.0204864
0.0208414
0.0212059
0.0216823
0.0221287
0.0225224
0.0229552
0.0234333
0.0238897
0.0243743
0.0248527
0.0253272
0.0258417
0.0263637
0.0268597
0.027396
0.0279763
0.0284957
0.0290506
0.0296427
0.0302482
0.0308242
0.0314432
0.0320731
0.0327165
0.0333759
0.0340273
0.0347158
0.0354123
0.036129
0.0368572
0.0375833
0.0383541
0.0391152
0.039916
0.0407135
0.0415361
0.0423847
0.0432273
0.044077
0.044872
0.045587
0.0459124
0.0066367
0.00735052
0.00818762
0.00895906
0.00959465
0.0100685
0.0103715
0.0105049
0.0104917
0.010386
0.0102356
0.0101039
0.0100242
0.0100029
0.0100197
0.010066
0.0101482
0.0102628
0.0104061
0.0105696
0.0107359
0.0109107
0.0110947
0.0112808
0.011456
0.0116011
0.0117454
0.0119185
0.0121146
0.012315
0.0124841
0.0126639
0.0129044
0.013117
0.0133013
0.0135284
0.0137787
0.0140435
0.0143161
0.0145485
0.0147903
0.0150952
0.015378
0.0156307
0.0159249
0.0162883
0.0166289
0.0168263
0.0170657
0.0175688
0.018017
0.0181605
0.018416
0.018974
0.0193856
0.0196122
0.0200075
0.0204889
0.0208604
0.0212087
0.0216776
0.0221367
0.0225308
0.0229579
0.0234373
0.0238927
0.0243789
0.0248601
0.0253298
0.0258442
0.0263701
0.0268643
0.0273999
0.0279814
0.0285007
0.0290538
0.0296457
0.030253
0.0308297
0.0314482
0.0320788
0.0327219
0.03338
0.0340321
0.0347205
0.0354169
0.0361332
0.0368618
0.0375872
0.038359
0.03912
0.0399202
0.0407201
0.0415436
0.0423934
0.0432376
0.044089
0.0448864
0.0456018
0.0459274
0.00667901
0.00737336
0.00819524
0.00894723
0.00955607
0.0100061
0.0102884
0.0104049
0.0103831
0.010275
0.0101361
0.0100138
0.00993991
0.0099264
0.00996388
0.0100356
0.0101411
0.0102718
0.0104193
0.0105827
0.0107502
0.010923
0.0111007
0.0112807
0.0114584
0.0116183
0.0117693
0.0119359
0.0121203
0.0123162
0.0125037
0.0126879
0.012913
0.0131401
0.0133365
0.0135502
0.0137975
0.0140532
0.0143267
0.0145808
0.0148131
0.0151013
0.0153907
0.015655
0.0159473
0.0162783
0.0166289
0.016888
0.0170851
0.0175165
0.0180368
0.0182335
0.0184126
0.0189428
0.0194114
0.0196433
0.0200008
0.0204898
0.0208842
0.0212173
0.0216729
0.0221448
0.0225427
0.0229636
0.0234429
0.0238964
0.0243836
0.024868
0.0253331
0.0258463
0.0263763
0.0268696
0.027404
0.0279858
0.0285064
0.029057
0.0296523
0.0302589
0.0308364
0.0314546
0.0320852
0.0327281
0.0333851
0.0340385
0.034727
0.0354228
0.0361381
0.0368669
0.0375922
0.0383651
0.0391267
0.0399264
0.0407285
0.0415528
0.0424033
0.043249
0.0441025
0.0449016
0.0456171
0.0459431
0.00680855
0.00746445
0.00824008
0.00893664
0.00947696
0.00985391
0.0100733
0.010157
0.0101449
0.0100663
0.00996036
0.009863
0.00981192
0.00981887
0.00988232
0.00998591
0.0101167
0.0102649
0.010418
0.0105802
0.0107456
0.0109147
0.011088
0.0112639
0.0114448
0.0116161
0.0117769
0.0119438
0.0121209
0.0123114
0.0125082
0.0127043
0.0129208
0.0131503
0.0133632
0.0135694
0.0138096
0.0140605
0.014326
0.0145997
0.0148367
0.0151069
0.0154009
0.0156683
0.0159631
0.0162832
0.0166104
0.0169214
0.0171298
0.0174648
0.0180123
0.0183049
0.0184289
0.0188953
0.0194186
0.0196785
0.0199944
0.0204812
0.0209046
0.0212267
0.0216639
0.0221469
0.0225526
0.0229684
0.0234467
0.0238983
0.0243868
0.0248751
0.0253373
0.0258485
0.0263818
0.0268758
0.027408
0.0279892
0.0285133
0.0290587
0.029656
0.0302634
0.0308423
0.0314607
0.0320912
0.032733
0.0333885
0.0340434
0.0347321
0.0354268
0.0361422
0.036871
0.037596
0.0383691
0.0391309
0.0399304
0.0407348
0.0415605
0.0424115
0.043259
0.0441141
0.044915
0.0456311
0.045957
0.00698831
0.00760687
0.00834594
0.00899769
0.00947999
0.00978765
0.00994378
0.00996944
0.00990323
0.00980603
0.00973451
0.00969525
0.00969652
0.00974335
0.00983327
0.00996224
0.0101099
0.0102669
0.0104227
0.0105812
0.0107433
0.0109075
0.0110785
0.0112512
0.0114334
0.0116132
0.0117837
0.0119567
0.0121317
0.0123185
0.0125167
0.0127205
0.0129367
0.013164
0.0133902
0.0135983
0.0138275
0.014077
0.0143328
0.014613
0.0148666
0.0151194
0.0154136
0.0156861
0.0159719
0.0163029
0.0166066
0.0169309
0.0171944
0.0174568
0.0179616
0.0183635
0.0184864
0.0188547
0.0194068
0.019721
0.0199995
0.0204687
0.0209245
0.0212438
0.0216581
0.0221475
0.0225644
0.0229774
0.0234532
0.0239017
0.0243898
0.0248816
0.025342
0.0258508
0.0263864
0.0268829
0.0274126
0.027992
0.028523
0.0290907
0.0296628
0.0302683
0.0308487
0.0314669
0.0320973
0.032738
0.0333929
0.03405
0.0347389
0.0354318
0.0361466
0.0368761
0.0376014
0.0383752
0.0391374
0.0399364
0.0407425
0.041569
0.04242
0.0432694
0.0441265
0.0449286
0.0456448
0.0459715
0.00712533
0.00753499
0.00805848
0.00852925
0.00889493
0.00915717
0.00933042
0.00945201
0.00952738
0.00951283
0.00949845
0.00954505
0.0096284
0.00972761
0.00983797
0.0099694
0.0101124
0.0102623
0.0104151
0.0105668
0.0107246
0.0108848
0.0110553
0.0112287
0.0114108
0.0115984
0.0117783
0.0119607
0.0121398
0.0123263
0.0125238
0.0127276
0.0129459
0.0131725
0.0134036
0.0136194
0.0138393
0.0140856
0.0143395
0.0146145
0.0148882
0.0151366
0.0154209
0.0157048
0.0159723
0.0163101
0.0166146
0.0169193
0.0172361
0.0174815
0.0178999
0.0183757
0.0185634
0.0188347
0.0193713
0.0197592
0.0200197
0.0204534
0.020937
0.0212656
0.0216548
0.0221424
0.0225725
0.0229856
0.0234586
0.0239045
0.0243908
0.0248865
0.0253482
0.0258533
0.02639
0.0268908
0.0274163
0.0279923
0.028531
0.0290928
0.0296658
0.0302731
0.0308564
0.0314746
0.0321044
0.0327431
0.0333967
0.0340558
0.0347452
0.0354361
0.0361508
0.0368806
0.0376056
0.0383793
0.0391413
0.0399411
0.0407495
0.0415774
0.0424285
0.0432794
0.0441381
0.0449411
0.0456578
0.0459844
0.00878326
0.00863086
0.0083734
0.00817708
0.00809427
0.00811396
0.00822195
0.00838674
0.00859195
0.0089085
0.00920826
0.00943614
0.00959979
0.00973532
0.0098594
0.00998086
0.0101089
0.0102453
0.0103909
0.0105375
0.0106922
0.0108535
0.0110246
0.0112025
0.0113836
0.0115755
0.011764
0.0119537
0.0121411
0.0123303
0.0125298
0.0127326
0.0129531
0.0131837
0.0134156
0.0136395
0.0138565
0.0140954
0.0143501
0.0146156
0.0148991
0.0151568
0.015427
0.0157192
0.0159785
0.0163069
0.0166299
0.0169154
0.017255
0.0175265
0.017858
0.0183474
0.0186365
0.0188452
0.0193196
0.0197753
0.0200473
0.0204358
0.0209347
0.0212875
0.0216568
0.0221336
0.0225778
0.0229951
0.0234654
0.0239105
0.0243916
0.0248904
0.0253559
0.0258555
0.0263923
0.0269007
0.0274205
0.0279912
0.0285356
0.0290985
0.0296666
0.0302755
0.0308619
0.0314793
0.0321086
0.0327458
0.0333997
0.0340614
0.0347504
0.0354391
0.0361536
0.0368846
0.0376102
0.0383842
0.0391464
0.0399458
0.0407554
0.0415837
0.0424348
0.0432875
0.0441484
0.0449523
0.0456693
0.0459968
0.00855396
0.00819826
0.00777138
0.00746607
0.00733891
0.00739797
0.00763349
0.00800673
0.00844435
0.00880878
0.00911212
0.0093596
0.0095636
0.00973425
0.0098771
0.010001
0.0101235
0.0102541
0.0103937
0.0105377
0.010687
0.0108475
0.0110164
0.0111944
0.0113733
0.0115611
0.0117548
0.0119468
0.0121429
0.0123359
0.0125376
0.0127419
0.0129608
0.0131958
0.0134246
0.013654
0.0138748
0.0141068
0.0143632
0.0146235
0.0149086
0.0151808
0.0154412
0.0157307
0.0159933
0.0163014
0.0166397
0.0169275
0.0172583
0.0175713
0.0178536
0.0183
0.0186896
0.0188972
0.0192834
0.0197771
0.0200919
0.0204368
0.0209288
0.021313
0.02167
0.0221265
0.0225805
0.0230032
0.0234717
0.0239174
0.0243915
0.0248908
0.0253646
0.0258583
0.0263934
0.0269108
0.0274237
0.0279869
0.0285451
0.0291075
0.0296676
0.0302805
0.0308731
0.0314894
0.0321163
0.0327515
0.0334054
0.0340694
0.0347579
0.035444
0.0361587
0.03689
0.0376146
0.0383883
0.0391502
0.0399511
0.0407625
0.0415924
0.0424434
0.0432973
0.0441597
0.0449636
0.045681
0.0460086
0.00934324
0.00896539
0.00842293
0.00795274
0.00764088
0.00750904
0.00754173
0.00770626
0.0079554
0.00827468
0.00859784
0.00890758
0.00919153
0.00944577
0.00966555
0.00985962
0.0100356
0.0102036
0.0103657
0.0105243
0.0106803
0.0108412
0.0110088
0.0111813
0.0113575
0.0115358
0.011728
0.0119199
0.0121199
0.0123223
0.0125286
0.0127444
0.0129631
0.0131993
0.013427
0.0136567
0.0138872
0.0141134
0.0143685
0.0146269
0.0149068
0.0151906
0.0154486
0.0157305
0.0160024
0.0162952
0.0166339
0.0169408
0.0172553
0.0175911
0.0178708
0.0182494
0.0186911
0.0189541
0.0192587
0.0197416
0.0201202
0.0204383
0.0209042
0.0213267
0.0216828
0.0221178
0.0225805
0.023007
0.0234776
0.0239279
0.0243901
0.0248896
0.0253728
0.0258595
0.0263945
0.0269227
0.027427
0.0279831
0.0285548
0.0291163
0.0296639
0.0302793
0.0308786
0.0314937
0.0321175
0.0327514
0.0334073
0.0340741
0.0347611
0.0354449
0.0361602
0.0368932
0.0376181
0.0383918
0.039154
0.0399546
0.0407667
0.0415965
0.0424476
0.0433031
0.0441673
0.0449719
0.0456897
0.0460182
0.00727882
0.00754971
0.00794152
0.00826003
0.00847645
0.00859645
0.00861491
0.0085595
0.00851276
0.00854318
0.00865246
0.00883026
0.00905483
0.00930477
0.0095572
0.00979527
0.0100101
0.0102039
0.0103821
0.0105477
0.0107083
0.0108672
0.0110305
0.0111959
0.0113654
0.0115358
0.0117175
0.0119083
0.0121067
0.0123175
0.0125315
0.0127572
0.0129807
0.0132067
0.0134349
0.0136614
0.0139006
0.0141298
0.0143787
0.0146433
0.0149137
0.0152028
0.0154641
0.0157339
0.0160166
0.0163006
0.0166282
0.0169545
0.0172627
0.0175988
0.0178988
0.0182351
0.0186681
0.0190084
0.0192847
0.0197078
0.0201477
0.0204693
0.020884
0.0213408
0.0217055
0.0221112
0.0225843
0.023008
0.0234786
0.023943
0.0243895
0.0248852
0.025384
0.0258599
0.0263938
0.026936
0.0274289
0.0279768
0.0285658
0.0291293
0.0296646
0.0302835
0.0308913
0.0315065
0.0321259
0.0327567
0.0334139
0.0340833
0.0347688
0.0354493
0.0361651
0.036898
0.037622
0.038395
0.0391568
0.0399594
0.0407728
0.0416043
0.0424552
0.0433115
0.0441772
0.0449813
0.0456995
0.0460285
0.00935477
0.00896375
0.00841233
0.00789368
0.00748314
0.00721257
0.00712472
0.00724847
0.007519
0.00785627
0.00821815
0.00857913
0.00891943
0.00923007
0.0095107
0.00976126
0.00998266
0.0101769
0.0103545
0.010521
0.0106836
0.0108464
0.0110094
0.011176
0.0113438
0.0115153
0.011693
0.0118833
0.0120848
0.0122997
0.0125256
0.0127559
0.0129873
0.0132058
0.0134312
0.0136607
0.013899
0.0141385
0.0143795
0.0146489
0.0149173
0.0152003
0.0154726
0.0157308
0.0160205
0.016307
0.0166208
0.0169589
0.0172688
0.0175985
0.0179109
0.0182399
0.0186401
0.0190151
0.0193188
0.0196785
0.0201364
0.020499
0.0208639
0.0213347
0.0217277
0.0221039
0.0225858
0.0230122
0.023472
0.0239582
0.024394
0.0248744
0.0253942
0.0258628
0.0263869
0.0269499
0.0274339
0.0279649
0.0285717
0.0291408
0.0296607
0.0302793
0.0308942
0.03151
0.0321271
0.0327555
0.0334136
0.0340864
0.0347715
0.0354495
0.0361657
0.0369001
0.0376243
0.0383973
0.039159
0.039961
0.040775
0.0416065
0.0424573
0.0433145
0.0441816
0.0449863
0.045705
0.0460345
0.00876029
0.00824177
0.00761076
0.00708296
0.00674022
0.00662783
0.00673482
0.00699838
0.00735605
0.00776676
0.00819231
0.00859664
0.00896058
0.00928
0.00955966
0.00980175
0.0100106
0.0101942
0.010361
0.0105224
0.0106819
0.0108437
0.0110049
0.0111702
0.0113368
0.0115068
0.0116842
0.011872
0.0120763
0.0122923
0.0125231
0.0127558
0.0129878
0.0132063
0.0134269
0.0136601
0.0138965
0.0141403
0.0143825
0.0146498
0.014923
0.0151992
0.0154757
0.0157319
0.0160174
0.0163099
0.0166155
0.0169551
0.0172682
0.0175944
0.0179113
0.0182458
0.0186367
0.0190099
0.0193403
0.019687
0.020127
0.0205184
0.0208704
0.0213267
0.0217414
0.0221061
0.0225833
0.0230187
0.0234686
0.0239629
0.024403
0.0248687
0.0253977
0.0258728
0.0263837
0.0269546
0.0274465
0.0279624
0.0285724
0.0291541
0.0296686
0.0302843
0.0309042
0.0315216
0.0321374
0.0327637
0.0334203
0.0340934
0.0347792
0.0354549
0.0361701
0.0369037
0.037627
0.0383998
0.0391612
0.0399648
0.0407792
0.0416128
0.0424635
0.0433207
0.0441885
0.0449931
0.0457127
0.0460436
)
;

boundaryField
{
    ZeroGradientPlanes
    {
        type            zeroGradient;
    }
    inlet
    {
        type            zeroGradient;
    }
    plate
    {
        type            zeroGradient;
    }
    frontAndBack
    {
        type            empty;
    }
}


// ************************************************************************* //
