/*--------------------------------*- C++ -*----------------------------------*\
| =========                 |                                                 |
| \\      /  F ield         | OpenFOAM: The Open Source CFD Toolbox           |
|  \\    /   O peration     | Version:  2506                                  |
|   \\  /    A nd           | Website:  www.openfoam.com                      |
|    \\/     M anipulation  |                                                 |
\*---------------------------------------------------------------------------*/
FoamFile
{
    version     2.0;
    format      ascii;
    arch        "LSB;label=32;scalar=64";
    class       volScalarField;
    location    "8.4";
    object      p;
}
// * * * * * * * * * * * * * * * * * * * * * * * * * * * * * * * * * * * * * //

dimensions      [0 2 -2 0 0 0 0];

internalField   nonuniform List<scalar> 
9600
(
1.97287e-10
0.0029406
0.00387132
-9.06454e-05
-0.00379212
0.00138442
0.00181301
0.00429101
0.00691746
0.00654644
0.0075765
0.00913578
0.00867381
0.0101921
0.00965771
0.0112048
0.0114973
0.0139434
0.0167266
0.0227234
1.44241e-06
0.00294781
0.00385051
-9.61142e-05
-0.00378196
0.00139716
0.00178108
0.0042866
0.00690455
0.00655983
0.00758101
0.00913501
0.00868544
0.0101804
0.00967145
0.0111904
0.0115139
0.013916
0.0167434
0.0220773
5.87402e-06
0.00295552
0.00381868
-9.24439e-05
-0.00377299
0.00140343
0.00175281
0.00427729
0.00688659
0.00660414
0.00758716
0.00913622
0.00870584
0.0101646
0.00969651
0.0111654
0.0115394
0.0138686
0.0167326
0.0214789
1.55607e-05
0.00296224
0.00377926
-7.90743e-05
-0.00374646
0.00140557
0.00173785
0.0042699
0.00687042
0.00666851
0.00759679
0.0091379
0.00873455
0.0101482
0.00973067
0.0111363
0.0115707
0.0138087
0.0166982
0.0209109
3.28678e-05
0.00296602
0.00373127
-5.36703e-05
-0.00369728
0.00140811
0.00174024
0.0042637
0.0068557
0.00674854
0.00761419
0.00913934
0.00876843
0.0101317
0.00977072
0.0111065
0.0116051
0.013741
0.0166407
0.020382
5.85071e-05
0.00296437
0.00367801
-1.69439e-05
-0.00362074
0.00141662
0.00176078
0.00425748
0.00684396
0.00683966
0.00764075
0.00913924
0.00880607
0.0101146
0.00981517
0.0110765
0.0116409
0.0136674
0.0165626
0.0198851
9.14939e-05
0.00295726
0.0036244
3.04388e-05
-0.0035184
0.00143265
0.00179579
0.00425244
0.00683647
0.00693895
0.0076757
0.00913668
0.00884598
0.0100965
0.00986279
0.0110462
0.0116759
0.0135901
0.0164626
0.0194161
0.000130026
0.00294619
0.00357409
8.8182e-05
-0.00339409
0.00145411
0.00183947
0.00424862
0.00683269
0.00704212
0.00771612
0.0091305
0.00888676
0.0100772
0.00991253
0.0110157
0.0117079
0.0135108
0.0163397
0.018973
0.000172292
0.00293281
0.00352858
0.000156595
-0.00325231
0.00147672
0.00188767
0.004244
0.0068309
0.00714427
0.00775796
0.00911964
0.00892714
0.0100568
0.00996334
0.0109853
0.0117351
0.0134317
0.0161945
0.0185535
0.00021696
0.00291845
0.00348767
0.000235942
-0.00309638
0.00149658
0.00192952
0.00423652
0.00682918
0.00724058
0.00779682
0.00910322
0.00896619
0.0100358
0.0100141
0.010956
0.0117558
0.0133545
0.0160294
0.0181563
0.000263308
0.00290403
0.00345026
0.000325831
-0.00292893
0.00151234
0.00196758
0.00422587
0.00682632
0.00732683
0.00782873
0.00908069
0.00900314
0.0100146
0.0100635
0.0109282
0.0117686
0.0132798
0.0158481
0.0177801
0.000311043
0.00289017
0.00341505
0.000424897
-0.00275286
0.00152491
0.00200393
0.00421359
0.00682216
0.00740012
0.007851
0.00905197
0.00903751
0.00999386
0.0101105
0.0109022
0.0117721
0.0132076
0.0156546
0.0174233
0.000360077
0.00287724
0.00338087
0.000531053
-0.00257127
0.0015362
0.0020421
0.00420219
0.00681734
0.00745959
0.00786281
0.00901762
0.00906904
0.00997411
0.0101539
0.0108779
0.0117656
0.0131364
0.0154522
0.0170888
0.00041039
0.00286534
0.003347
0.000642105
-0.00238658
0.00154794
0.00208495
0.00419391
0.00681318
0.0075064
0.00786502
0.0089788
0.00909759
0.0099558
0.0101929
0.0108551
0.0117485
0.013064
0.0152427
0.0167569
0.00046197
0.00285445
0.00331331
0.000756191
-0.00220003
0.00156125
0.00213349
0.00418978
0.006811
0.0075426
0.00785952
0.00893694
0.00912317
0.00993918
0.0102269
0.0108329
0.0117211
0.0129882
0.0150276
0.0164278
0.000514803
0.00284454
0.00328008
0.000871866
-0.00201184
0.00157671
0.00218729
0.0041894
0.00681163
0.00757049
0.00784819
0.00889346
0.00914585
0.00992432
0.0102556
0.0108103
0.011684
0.0129075
0.0148081
0.0161027
0.000568891
0.00283562
0.00324776
0.00098808
-0.00182176
0.00159452
0.00224518
0.00419147
0.00681541
0.00759241
0.00783252
0.00884951
0.00916565
0.00991117
0.0102791
0.010786
0.0116373
0.0128208
0.0145852
0.0157801
0.000624257
0.00282767
0.00321676
0.00110415
-0.00162946
0.00161481
0.00230596
0.00419484
0.0068222
0.00761026
0.00781366
0.00880604
0.00918255
0.00989928
0.0102973
0.0107595
0.0115813
0.0127275
0.0143606
0.0154594
0.000680938
0.00282069
0.00318751
0.00121962
-0.00143462
0.00163768
0.00236881
0.00419889
0.00683164
0.00762557
0.00779222
0.00876369
0.00919677
0.00988768
0.0103108
0.0107304
0.011516
0.0126273
0.0141363
0.0151402
0.000738993
0.00281463
0.00316045
0.00133414
-0.00123711
0.00166333
0.00243316
0.00420338
0.00684327
0.0076396
0.00776838
0.00872262
0.00920879
0.00987548
0.0103194
0.0106985
0.0114412
0.0125204
0.0139138
0.014823
0.000798506
0.00280944
0.00313602
0.0014475
-0.00103703
0.00169204
0.00249868
0.00420832
0.00685657
0.00765342
0.00774222
0.00868256
0.00921922
0.00986215
0.0103226
0.0106633
0.0113573
0.0124067
0.0136942
0.0145087
0.000859577
0.0028051
0.00311462
0.00155955
-0.000834571
0.00172399
0.00256514
0.00421386
0.00687094
0.00766789
0.00771388
0.00864307
0.00922864
0.00984713
0.0103197
0.010625
0.0112647
0.0122857
0.0134786
0.0141979
0.000922327
0.00280157
0.0030966
0.00167018
-0.000630015
0.00175943
0.00263226
0.0042202
0.00688566
0.00768357
0.00768385
0.00860359
0.00923742
0.00983021
0.0103098
0.0105835
0.011164
0.0121571
0.0132683
0.0138907
0.000986906
0.00279879
0.00308221
0.00177936
-0.000423747
0.00179865
0.00269989
0.00422756
0.00689995
0.00770104
0.00765267
0.00856341
0.00924578
0.00981135
0.0102921
0.0105384
0.0110556
0.0120204
0.013064
0.0135889
0.00105346
0.00279679
0.00307169
0.001887
-0.000216278
0.00184191
0.00276793
0.00423624
0.00691329
0.00772087
0.00762058
0.00852179
0.00925397
0.00979042
0.0102657
0.0104899
0.0109402
0.0118736
0.0128658
0.0132975
0.00112214
0.00279553
0.00306521
0.00199318
-8.17074e-06
0.00188948
0.00283625
0.00424658
0.00692519
0.00775635
0.00758816
0.00847782
0.00926218
0.00976777
0.0102295
0.0104377
0.0108201
0.0117149
0.0126717
0.0130226
0.00119312
0.00279496
0.00306283
0.00209812
0.000200049
0.00194161
0.00290481
0.00425894
0.00693488
0.00778072
0.00755627
0.00843051
0.0092701
0.0097445
0.0101828
0.0103807
0.0106982
0.0115448
0.0124772
0.0127673
0.00126655
0.00279515
0.00306459
0.002202
0.000407878
0.00199855
0.00297371
0.00427348
0.00694182
0.00780738
0.00752578
0.00837898
0.00927689
0.00972185
0.0101256
0.0103168
0.0105766
0.0113666
0.012277
0.0125301
0.00134256
0.00279627
0.00307043
0.00230497
0.000614859
0.00206051
0.00304301
0.00429052
0.00694569
0.00783608
0.00749747
0.00832265
0.00928132
0.00970066
0.0100589
0.0102447
0.0104556
0.0111835
0.0120694
0.0123052
0.00142131
0.00279849
0.00308012
0.00240734
0.000820653
0.00212746
0.00311284
0.00431055
0.00694614
0.00786627
0.00747227
0.0082613
0.00928181
0.00968133
0.00998384
0.010164
0.0103352
0.0109976
0.0118547
0.0120862
0.00150293
0.00280211
0.00309337
0.00250937
0.00102514
0.00219926
0.00318328
0.00433401
0.00694266
0.00789739
0.00745126
0.00819498
0.0092769
0.00966386
0.00990139
0.0100747
0.0102159
0.0108101
0.0116329
0.0118695
0.00158753
0.00280748
0.00310986
0.00261124
0.00122834
0.00227578
0.00325423
0.00436143
0.00693482
0.00792853
0.00743538
0.00812399
0.00926501
0.00964825
0.00981272
0.0099756
0.0100988
0.0106242
0.0114048
0.0116526
0.00167518
0.00281501
0.0031293
0.00271304
0.00143038
0.00235688
0.00332544
0.00439335
0.00692317
0.00795828
0.00742506
0.008049
0.00924446
0.00963453
0.00971967
0.00986498
0.00998372
0.010445
0.0111727
0.0114315
0.0017659
0.00282516
0.00315144
0.00281473
0.00163152
0.00244254
0.0033965
0.00443007
0.00690839
0.00798531
0.00742015
0.00797077
0.00921407
0.00962198
0.00962422
0.00974232
0.00986871
0.010276
0.0109409
0.0112032
0.00185976
0.00283836
0.00317605
0.00291626
0.00183187
0.00253288
0.003467
0.00447173
0.0068914
0.0080088
0.00742006
0.00788975
0.00917303
0.00960959
0.00952833
0.00960868
0.009752
0.0101176
0.0107134
0.0109672
0.0019568
0.00285494
0.00320312
0.00301757
0.00203129
0.00262809
0.00353659
0.00451817
0.00687327
0.00802831
0.00742417
0.00780624
0.00912031
0.00959638
0.00943424
0.00946511
0.00963162
0.00997
0.0104956
0.0107264
0.00205705
0.00287528
0.00323276
0.00311867
0.0022294
0.00272862
0.00360502
0.00456858
0.00685493
0.00804356
0.00743226
0.00772077
0.00905467
0.00958123
0.00934433
0.00931271
0.00950529
0.00983279
0.0102917
0.0104859
0.0021606
0.00289954
0.00326531
0.00321972
0.00242563
0.00283542
0.00367245
0.00462127
0.00683655
0.0080549
0.00744474
0.00763361
0.00897411
0.00956253
0.00926167
0.00915394
0.0093704
0.00970394
0.0101037
0.0102533
0.00226767
0.00292751
0.00330116
0.003321
0.00261915
0.00294937
0.00373958
0.00467447
0.00681788
0.00806283
0.00746204
0.00754552
0.00887641
0.00953727
0.00918959
0.00899223
0.00922339
0.0095803
0.00993392
0.0100362
0.00237832
0.00295926
0.00334052
0.00342307
0.00280872
0.00307052
0.00380788
0.00472715
0.00679879
0.00806707
0.00748438
0.00745885
0.00876071
0.00950127
0.00912999
0.00883233
0.00906172
0.00945766
0.00978243
0.00984003
0.00249261
0.00299503
0.00338326
0.003527
0.00299317
0.00319787
0.00387952
0.00477889
0.00677825
0.00806658
0.00751217
0.0073769
0.00862739
0.00944955
0.00908224
0.00868082
0.00888579
0.00933005
0.0096475
0.00966773
0.00261063
0.00303537
0.00342881
0.00363376
0.00317236
0.00332963
0.00395699
0.00483026
0.00675398
0.0080599
0.00754556
0.00730315
0.00847816
0.00937678
0.00904381
0.00854526
0.00869813
0.00918981
0.00952555
0.00952064
0.00273232
0.00308099
0.00347599
0.00374423
0.00334781
0.00346285
0.00404113
0.00488278
0.00672493
0.00804537
0.00758358
0.00724099
0.00831601
0.0092783
0.0090105
0.00843293
0.00850444
0.009029
0.00941014
0.00939778
0.00285754
0.00313277
0.0035254
0.003859
0.00352241
0.00359422
0.00413071
0.00493944
0.00669204
0.00801976
0.00762378
0.00719385
0.00814574
0.00915259
0.0089759
0.00834715
0.00831479
0.00884363
0.00929157
0.00929698
0.00298586
0.00319214
0.003571
0.00397718
0.00369977
0.00372217
0.00422362
0.00500288
0.00665665
0.00797918
0.00766243
0.00716456
0.00797439
0.00900183
0.00893261
0.00828517
0.00814116
0.00863736
0.0091579
0.00921403
0.00311665
0.00326077
0.00361495
0.00409611
0.00388354
0.00384747
0.00431545
0.00507352
0.00662155
0.00792266
0.00769447
0.00715324
0.00781041
0.0088309
0.00887482
0.00824061
0.00799206
0.00841977
0.00899826
0.00914015
0.00324929
0.0033397
0.00365797
0.00421225
0.00407558
0.00397273
0.00440039
0.00514927
0.00659232
0.00785323
0.00771396
0.00715636
0.00766206
0.00864696
0.0087996
0.0082067
0.00786981
0.00820326
0.00880833
0.00906026
0.00338309
0.00342952
0.00370268
0.00432125
0.00427475
0.00410311
0.00447436
0.005226
0.00657494
0.00777625
0.00771721
0.00716841
0.00753392
0.00845742
0.00870606
0.00817775
0.00777296
0.00799997
0.00859378
0.00895706
0.00351746
0.0035305
0.00375209
0.00441881
0.00447763
0.00424532
0.00453769
0.00529583
0.00657098
0.00770122
0.00770559
0.00718325
0.007426
0.00826905
0.00859486
0.00814767
0.0076992
0.00781842
0.00836556
0.00882002
0.00365191
0.00364257
0.00380935
0.00450228
0.00467921
0.00440506
0.00459327
0.0053493
0.00657748
0.0076392
0.00768445
0.00719516
0.00733492
0.00808679
0.00846896
0.00811148
0.00764438
0.00766343
0.00813787
0.00864933
0.00378597
0.00376519
0.00387763
0.00457158
0.00487311
0.00458475
0.00464706
0.00538012
0.00658816
0.00759569
0.00766273
0.00720299
0.00725589
0.00791232
0.0083318
0.00806733
0.00760355
0.00753697
0.00792411
0.00845262
0.00391947
0.00389758
0.00395914
0.0046281
0.00505191
0.00478233
0.00471123
0.00538976
0.00658901
0.0075674
0.00765041
0.00721039
0.00718684
0.00774572
0.00818551
0.00801486
0.00757267
0.00743696
0.00773461
0.0082436
0.00405238
0.0040391
0.00405562
0.00467448
0.0052074
0.00499084
0.00479966
0.00538424
0.00656646
0.00754772
0.00765487
0.00722557
0.00712882
0.00758698
0.00803023
0.00795197
0.00754928
0.00736004
0.00757451
0.00803929
0.00418474
0.00418747
0.00416975
0.00471647
0.0053352
0.00520143
0.00491771
0.00537318
0.00651399
0.00752358
0.00767668
0.00725797
0.00708606
0.00743837
0.00786639
0.00787531
0.00753174
0.00730486
0.00744315
0.00785323
0.00431771
0.00433874
0.00430032
0.00476049
0.00543413
0.00540401
0.00506642
0.00537538
0.00643519
0.00747655
0.00771
0.00731202
0.00706419
0.00730458
0.00769745
0.00778102
0.00751435
0.00727078
0.00733962
0.00769252
0.00445182
0.00449108
0.00444709
0.00481122
0.00550312
0.00558624
0.00524057
0.00541018
0.00634208
0.00739572
0.00773949
0.00738842
0.00707035
0.00719169
0.00752927
0.00766701
0.00748702
0.00725415
0.00726471
0.00755963
0.00458966
0.00464034
0.00460736
0.00487111
0.00554289
0.00573989
0.00543264
0.00548479
0.00625801
0.00728361
0.00774432
0.00748089
0.00711076
0.00710741
0.00736942
0.00753758
0.00744205
0.00724669
0.00721812
0.00745658
0.00473401
0.00479982
0.00477195
0.00493851
0.00555443
0.00586089
0.0056323
0.00559692
0.00620273
0.00714975
0.00770833
0.00757037
0.00718421
0.00706183
0.00722724
0.00739945
0.00737666
0.00723585
0.00719361
0.00738464
0.00488078
0.00494459
0.00494113
0.00503151
0.00556173
0.00594616
0.00582291
0.00574052
0.00618615
0.0070139
0.00763182
0.00763515
0.00728164
0.00706204
0.00711501
0.00726056
0.00729257
0.00721207
0.00718083
0.00734183
0.00502982
0.00508721
0.00510518
0.0051477
0.00557769
0.00599997
0.00599098
0.00590269
0.00620908
0.00689675
0.00752293
0.00765954
0.00738336
0.00710438
0.00704589
0.00713274
0.00719436
0.00717242
0.00716856
0.00731994
0.00518067
0.00522503
0.0052635
0.00528254
0.00561056
0.00602865
0.00612836
0.00606848
0.0062666
0.00681393
0.00740088
0.00764168
0.00747025
0.00717778
0.00702535
0.00703223
0.0070916
0.00711905
0.00714995
0.00730718
0.00533113
0.00536115
0.00541362
0.00542725
0.00566314
0.00604383
0.00623327
0.00622941
0.006355
0.00677249
0.00728829
0.00758899
0.00752732
0.00726357
0.00704698
0.0069725
0.00699762
0.00705477
0.00712351
0.0072955
0.00548135
0.00549324
0.0055547
0.00557586
0.00573765
0.00606117
0.00630976
0.0063741
0.00646206
0.00676773
0.00719942
0.00751601
0.00754901
0.00734632
0.00710134
0.00695741
0.00692812
0.00698627
0.00708959
0.00728221
0.00563102
0.00562885
0.00568425
0.00571805
0.00582992
0.00608878
0.00636321
0.00649593
0.00657898
0.00679706
0.00714183
0.00744373
0.0075422
0.00741201
0.00717354
0.00698091
0.00689475
0.00692678
0.00705011
0.00726642
0.00577718
0.00575963
0.00580968
0.00585416
0.00593417
0.0061298
0.00640284
0.00659276
0.0066958
0.00685679
0.00711894
0.00738672
0.00752061
0.00745571
0.00724937
0.00703474
0.0069015
0.00689153
0.00701169
0.00724826
0.00591941
0.00589264
0.00592752
0.00597889
0.00604564
0.00618926
0.00644131
0.00666958
0.0068024
0.00693452
0.00712807
0.00735081
0.0074981
0.00748445
0.0073185
0.00710615
0.00694331
0.00689058
0.00698668
0.00723168
0.00605486
0.00601843
0.00604411
0.00609595
0.00615568
0.00626057
0.00648275
0.00673042
0.00689817
0.00702331
0.0071677
0.00734537
0.00748753
0.00751002
0.00738305
0.00718435
0.00700967
0.00692367
0.00698535
0.00722265
0.00618491
0.00614446
0.00615624
0.00620273
0.00626006
0.00634114
0.00653149
0.00678098
0.0069813
0.0071167
0.00722943
0.00736795
0.00749587
0.00754239
0.00745359
0.00727372
0.00709698
0.00698927
0.00701511
0.00722947
0.00630749
0.00626375
0.00626511
0.00630349
0.00635866
0.00642717
0.00658938
0.00682737
0.00705196
0.00721166
0.00731165
0.00741904
0.00752724
0.00758299
0.00752944
0.00737652
0.0072056
0.0070882
0.00708463
0.00726706
0.00641541
0.00636998
0.00637058
0.00640021
0.00644944
0.0065131
0.0066565
0.0068758
0.00710987
0.00729859
0.00741137
0.00750573
0.00759769
0.00764927
0.00761648
0.00749257
0.00733234
0.00721104
0.00718628
0.0073359
0.00652032
0.00647576
0.00646618
0.0064845
0.00652883
0.00659317
0.00672898
0.00693638
0.00716788
0.00736921
0.00750272
0.00761046
0.00770714
0.0077658
0.00774742
0.0076496
0.00750411
0.00737857
0.00733541
0.00745138
0.00661048
0.00656741
0.00655763
0.0065644
0.00659728
0.00666029
0.00679224
0.00699879
0.00724008
0.00745195
0.00759412
0.00771585
0.00783094
0.00791378
0.00792371
0.00785757
0.0077367
0.00761425
0.00755936
0.00764892
0.00668504
0.00664438
0.00664063
0.00663999
0.00666226
0.00672283
0.00684572
0.0070392
0.00729035
0.00753535
0.00770814
0.00784482
0.00797329
0.00808211
0.00813127
0.00810066
0.00800574
0.00789051
0.00782102
0.00787231
0.00674649
0.00671338
0.00671554
0.00670988
0.00672876
0.00679363
0.00691158
0.00708061
0.00731057
0.00759052
0.00785228
0.00807511
0.00826465
0.00841923
0.00851449
0.00854048
0.0085117
0.00843161
0.00832039
0.00825447
0.00679495
0.00672536
0.00671987
0.00673087
0.00677187
0.00685088
0.00697439
0.00711989
0.00726534
0.00743875
0.00769144
0.00804105
0.00839313
0.00866637
0.00885798
0.009024
0.0092023
0.0094297
0.00969173
0.00994032
0.00684911
0.00683623
0.00681942
0.00680251
0.00679998
0.00683512
0.00697724
0.00723164
0.00752636
0.00783536
0.00811488
0.0083677
0.00859812
0.00882387
0.00906563
0.00932366
0.00958508
0.00981783
0.00999165
0.0100673
0.00672544
0.00664154
0.00677091
0.00691843
0.00702794
0.00711993
0.00724358
0.00742944
0.00765763
0.0078913
0.00808698
0.0082891
0.00852696
0.00878535
0.00906549
0.00935328
0.009657
0.010015
0.0103797
0.0106359
0.00687284
0.00690783
0.00695823
0.0070386
0.00712539
0.00720833
0.00733176
0.00752247
0.00773119
0.00796462
0.00824346
0.00853792
0.00883912
0.00909621
0.00928321
0.0094052
0.0093924
0.00923028
0.00897266
0.00873728
0.00672754
0.00668004
0.00686435
0.00709284
0.00726774
0.00736053
0.00745461
0.00761627
0.00780957
0.00802161
0.00826901
0.00851074
0.00876537
0.00906607
0.00936594
0.00966026
0.00996307
0.0102934
0.0106024
0.0107912
0.00678306
0.00682427
0.00701516
0.00725502
0.00741626
0.00749405
0.00756493
0.00770621
0.00789274
0.00808475
0.00832446
0.00861307
0.00892794
0.00928378
0.00963412
0.00996095
0.0102612
0.0104994
0.0106287
0.0105853
0.0259093
0.0197495
0.01124
0.00453008
0.00254365
0.00366445
0.00528041
0.00647216
0.00718922
0.00759922
0.00787511
0.00809134
0.00830969
0.0085876
0.00885704
0.00904959
0.00923716
0.00946967
0.00968791
0.00983583
0.00994811
0.0101238
0.0103988
0.0106808
0.010874
0.0110205
0.0112562
0.0115987
0.0118971
0.0120908
0.0123191
0.0126455
0.0129609
0.0132194
0.0134821
0.0137593
0.0140069
0.0142555
0.0145614
0.0149081
0.0152644
0.0156444
0.0160397
0.0164237
0.0167584
0.0170575
0.0173639
0.0176869
0.0179929
0.0182996
0.0186615
0.0190706
0.0194574
0.0198071
0.0202065
0.0206533
0.0210869
0.021508
0.0219617
0.022376
0.0227288
0.0230691
0.0234665
0.023935
0.0244616
0.0249889
0.0255258
0.026057
0.0265614
0.0270114
0.027457
0.0279851
0.0285555
0.0291347
0.029677
0.0302365
0.0307706
0.0313503
0.0319691
0.0325974
0.0332216
0.0338625
0.0345414
0.0352096
0.0358963
0.0365981
0.037317
0.0380876
0.0388418
0.0396213
0.04037
0.041152
0.0419606
0.0427761
0.0435788
0.0443534
0.0451221
0.0457893
0.0464352
0.0470125
0.0250249
0.0195556
0.0113122
0.00468153
0.00264021
0.00371021
0.00530752
0.00649053
0.00720285
0.00761017
0.00788423
0.00809896
0.0083161
0.00859331
0.00886231
0.00905423
0.00924117
0.00947331
0.00969132
0.00983894
0.00995079
0.0101261
0.0104009
0.0106829
0.0108759
0.0110222
0.0112575
0.0116
0.0118984
0.0120919
0.01232
0.0126463
0.0129618
0.0132202
0.0134828
0.0137601
0.0140076
0.0142561
0.014562
0.0149088
0.015265
0.015645
0.0160403
0.0164243
0.016759
0.0170581
0.0173645
0.0176874
0.0179935
0.0183001
0.0186619
0.0190711
0.0194578
0.0198075
0.0202069
0.0206537
0.0210873
0.0215084
0.0219621
0.0223763
0.0227292
0.0230694
0.0234668
0.0239353
0.0244618
0.0249892
0.025526
0.0260572
0.0265616
0.0270117
0.0274572
0.0279852
0.0285556
0.0291348
0.0296771
0.0302367
0.0307707
0.0313505
0.0319693
0.0325976
0.0332217
0.0338627
0.0345415
0.0352098
0.0358964
0.0365982
0.0373171
0.0380877
0.0388419
0.0396214
0.0403701
0.0411521
0.0419607
0.0427761
0.0435789
0.0443534
0.0451222
0.0457894
0.0464352
0.0470124
0.0242047
0.0193597
0.0114738
0.00496951
0.00280972
0.00377378
0.00533816
0.0065123
0.00721931
0.00762309
0.00789499
0.00810787
0.00832318
0.00859912
0.00886747
0.00905886
0.00924525
0.00947694
0.00969459
0.00984187
0.00995333
0.0101283
0.0104029
0.0106848
0.0108777
0.0110237
0.0112588
0.0116013
0.0118997
0.0120929
0.0123208
0.0126472
0.0129627
0.0132209
0.0134835
0.0137607
0.0140083
0.0142566
0.0145625
0.0149093
0.0152655
0.0156454
0.0160408
0.0164249
0.0167596
0.0170586
0.017365
0.0176879
0.0179939
0.0183005
0.0186623
0.0190715
0.0194582
0.0198079
0.0202072
0.020654
0.0210876
0.0215087
0.0219624
0.0223767
0.0227295
0.0230697
0.023467
0.0239355
0.024462
0.0249894
0.0255262
0.0260574
0.0265619
0.0270119
0.0274573
0.0279854
0.0285558
0.029135
0.0296773
0.0302368
0.0307708
0.0313506
0.0319694
0.0325977
0.0332219
0.0338628
0.0345416
0.0352099
0.0358965
0.0365983
0.0373172
0.0380878
0.038842
0.0396215
0.0403702
0.0411522
0.0419607
0.0427762
0.0435789
0.0443535
0.0451223
0.0457894
0.0464352
0.0470124
0.0234234
0.0191542
0.0116831
0.00533569
0.00304415
0.00386612
0.00538457
0.00654584
0.00724377
0.00764127
0.00790999
0.00812065
0.00833323
0.00860649
0.00887343
0.00906456
0.0092507
0.00948165
0.00969856
0.00984556
0.00995684
0.0101313
0.0104053
0.0106869
0.0108799
0.0110258
0.0112607
0.011603
0.0119012
0.0120942
0.012322
0.0126483
0.0129637
0.0132218
0.0134842
0.0137615
0.0140089
0.0142571
0.0145629
0.0149098
0.015266
0.0156459
0.0160413
0.0164254
0.0167602
0.0170591
0.0173654
0.0176883
0.0179944
0.0183009
0.0186627
0.0190719
0.0194587
0.0198082
0.0202075
0.0206544
0.021088
0.021509
0.0219627
0.0223771
0.0227298
0.0230699
0.0234672
0.0239357
0.0244623
0.0249896
0.0255264
0.0260576
0.0265621
0.0270121
0.0274574
0.0279855
0.028556
0.0291352
0.0296774
0.0302369
0.030771
0.0313507
0.0319695
0.0325978
0.033222
0.0338629
0.0345417
0.03521
0.0358966
0.0365984
0.0373173
0.0380879
0.0388421
0.0396216
0.0403703
0.0411522
0.0419608
0.0427763
0.043579
0.0443536
0.0451224
0.0457895
0.0464353
0.0470124
0.02265
0.0189182
0.0118974
0.00572503
0.00330632
0.00397366
0.0054399
0.00658822
0.00727611
0.00766568
0.00793042
0.00813874
0.00834787
0.00861668
0.00888089
0.00907183
0.00925808
0.00948785
0.00970349
0.0098505
0.0099623
0.0101362
0.0104087
0.0106894
0.0108826
0.0110291
0.0112637
0.0116053
0.0119031
0.0120961
0.0123238
0.0126499
0.012965
0.0132229
0.0134853
0.0137625
0.0140096
0.0142576
0.0145634
0.0149103
0.0152666
0.0156465
0.0160418
0.016426
0.0167608
0.0170597
0.0173659
0.0176888
0.0179948
0.0183013
0.0186631
0.0190724
0.0194591
0.0198086
0.0202079
0.0206547
0.0210883
0.0215093
0.0219631
0.0223775
0.0227302
0.0230702
0.0234674
0.0239359
0.0244626
0.0249899
0.0255267
0.0260579
0.0265624
0.0270123
0.0274576
0.0279857
0.0285561
0.0291354
0.0296776
0.0302371
0.0307711
0.0313508
0.0319696
0.0325979
0.0332221
0.033863
0.0345419
0.0352101
0.0358967
0.0365985
0.0373174
0.038088
0.0388422
0.0396217
0.0403704
0.0411523
0.0419609
0.0427764
0.0435791
0.0443537
0.0451225
0.0457896
0.0464354
0.0470125
0.021883
0.0186437
0.0120993
0.00612023
0.00358414
0.00408935
0.00549745
0.00663392
0.00731308
0.00769459
0.00795515
0.00816132
0.00836668
0.00862974
0.00889006
0.00908081
0.00926743
0.0094955
0.00970921
0.00985663
0.00997003
0.0101436
0.0104136
0.0106923
0.0108861
0.0110339
0.0112683
0.0116084
0.0119055
0.0120988
0.0123266
0.0126522
0.0129668
0.0132246
0.0134869
0.0137638
0.0140106
0.0142582
0.0145639
0.0149108
0.0152671
0.0156471
0.0160424
0.0164266
0.0167615
0.0170603
0.0173664
0.0176892
0.0179953
0.0183018
0.0186636
0.0190728
0.0194596
0.0198091
0.0202083
0.0206552
0.0210887
0.0215098
0.0219636
0.0223779
0.0227306
0.0230705
0.0234676
0.0239361
0.0244629
0.0249902
0.025527
0.0260583
0.0265628
0.0270126
0.0274577
0.0279858
0.0285563
0.0291356
0.0296778
0.0302373
0.0307713
0.0313509
0.0319698
0.0325981
0.0332222
0.0338631
0.034542
0.0352102
0.0358968
0.0365986
0.0373175
0.0380881
0.0388423
0.0396218
0.0403705
0.0411524
0.041961
0.0427765
0.0435793
0.0443538
0.0451227
0.0457899
0.0464357
0.0470125
0.0211268
0.0183311
0.0122842
0.00651898
0.00387734
0.0042133
0.0055557
0.00668075
0.0073531
0.00772688
0.007983
0.0081869
0.00838825
0.00864488
0.00890074
0.00909133
0.00927834
0.00950415
0.00971537
0.00986357
0.00997968
0.0101534
0.01042
0.0106959
0.0108906
0.0110406
0.0112746
0.0116122
0.0119083
0.0121024
0.0123306
0.0126553
0.0129693
0.0132271
0.0134893
0.0137658
0.014012
0.0142591
0.0145645
0.0149113
0.0152677
0.0156476
0.0160428
0.0164271
0.0167622
0.0170611
0.017367
0.0176897
0.0179958
0.0183024
0.0186641
0.0190732
0.0194601
0.0198096
0.0202088
0.0206556
0.0210892
0.0215103
0.0219641
0.0223784
0.022731
0.0230708
0.0234678
0.0239363
0.0244632
0.0249906
0.0255273
0.0260586
0.0265632
0.0270129
0.0274579
0.027986
0.0285566
0.0291359
0.0296781
0.0302375
0.0307714
0.0313511
0.03197
0.0325982
0.0332224
0.0338632
0.0345422
0.0352103
0.0358969
0.0365987
0.0373176
0.0380882
0.0388424
0.0396219
0.0403706
0.0411525
0.0419612
0.0427766
0.0435794
0.044354
0.0451229
0.0457902
0.0464362
0.0470127
0.0203894
0.0179864
0.0124507
0.00691991
0.00418609
0.0043467
0.00561472
0.00672785
0.00739552
0.00776217
0.00801344
0.0082146
0.00841161
0.00866149
0.00891269
0.00910311
0.00929042
0.00951351
0.00972177
0.00987096
0.00999055
0.0101648
0.0104277
0.0107003
0.0108962
0.0110491
0.0112824
0.0116167
0.0119113
0.0121067
0.0123355
0.0126591
0.0129721
0.0132302
0.0134926
0.0137687
0.0140142
0.0142606
0.0145653
0.014912
0.0152683
0.0156481
0.0160431
0.0164275
0.0167631
0.0170622
0.0173678
0.0176901
0.0179964
0.0183032
0.0186647
0.0190736
0.0194605
0.0198102
0.0202094
0.020656
0.0210897
0.0215109
0.0219648
0.022379
0.0227314
0.0230712
0.023468
0.0239365
0.0244636
0.024991
0.0255277
0.0260591
0.0265636
0.0270132
0.0274582
0.0279863
0.0285569
0.0291362
0.0296784
0.0302378
0.0307717
0.0313512
0.0319702
0.0325984
0.0332225
0.0338634
0.0345423
0.0352105
0.0358971
0.0365989
0.0373177
0.0380883
0.0388426
0.039622
0.0403708
0.0411526
0.0419613
0.0427768
0.0435796
0.0443542
0.0451232
0.0457908
0.0464369
0.0470129
0.0196798
0.0176158
0.0125946
0.0073187
0.00450898
0.00449052
0.00567489
0.00677449
0.00743963
0.00780012
0.00804616
0.00824403
0.0084364
0.00867933
0.00892571
0.00911593
0.00930345
0.00952351
0.00972845
0.00987863
0.0100021
0.0101772
0.0104361
0.0107053
0.0109028
0.011059
0.0112917
0.0116219
0.0119146
0.0121116
0.0123412
0.0126632
0.0129751
0.0132336
0.0134965
0.0137724
0.0140173
0.0142629
0.0145668
0.0149129
0.0152691
0.0156485
0.0160431
0.0164277
0.0167638
0.0170634
0.0173688
0.0176908
0.0179972
0.0183042
0.0186656
0.0190741
0.0194609
0.0198109
0.02021
0.0206563
0.0210901
0.0215115
0.0219655
0.0223796
0.0227321
0.0230717
0.0234684
0.0239368
0.024464
0.0249914
0.025528
0.0260596
0.0265642
0.0270137
0.0274585
0.0279867
0.0285573
0.0291366
0.0296787
0.0302381
0.0307719
0.0313515
0.0319705
0.0325987
0.0332227
0.0338636
0.0345425
0.0352106
0.0358972
0.036599
0.0373178
0.0380885
0.0388427
0.0396222
0.0403709
0.0411527
0.0419615
0.042777
0.0435799
0.0443545
0.0451235
0.0457915
0.0464379
0.0470132
0.0190067
0.0172257
0.0127113
0.00771032
0.00484422
0.00464579
0.00573674
0.00681978
0.0074844
0.00784024
0.00808099
0.0082751
0.00846254
0.00869827
0.00893963
0.0091296
0.00931733
0.00953415
0.00973547
0.00988654
0.0100141
0.0101901
0.0104449
0.0107106
0.0109099
0.0110699
0.011302
0.0116276
0.0119182
0.0121169
0.0123475
0.0126677
0.0129781
0.013237
0.0135006
0.0137765
0.0140211
0.014266
0.0145689
0.0149144
0.0152702
0.0156489
0.0160428
0.0164274
0.0167644
0.0170646
0.0173699
0.0176916
0.0179982
0.0183057
0.0186667
0.0190746
0.0194614
0.0198117
0.0202106
0.0206565
0.0210903
0.0215121
0.0219661
0.0223803
0.0227329
0.0230725
0.0234689
0.0239371
0.0244644
0.0249917
0.0255284
0.0260601
0.0265648
0.0270142
0.0274589
0.0279871
0.0285578
0.029137
0.0296792
0.0302386
0.0307723
0.0313518
0.0319708
0.032599
0.033223
0.0338638
0.0345428
0.0352108
0.0358974
0.0365992
0.037318
0.0380886
0.0388429
0.0396223
0.040371
0.0411529
0.0419617
0.0427771
0.0435802
0.0443548
0.0451239
0.0457926
0.0464393
0.0470136
0.0183766
0.0168225
0.0127976
0.0080908
0.00518994
0.00481341
0.00580086
0.00686289
0.00752869
0.00788201
0.00811787
0.00830783
0.00848991
0.00871811
0.00895426
0.00914403
0.00933204
0.00954548
0.00974289
0.00989471
0.0100264
0.0102035
0.010454
0.010716
0.0109172
0.0110814
0.0113131
0.0116339
0.0119221
0.0121225
0.0123541
0.0126724
0.0129812
0.0132403
0.0135046
0.0137808
0.0140253
0.0142697
0.0145717
0.0149164
0.0152717
0.0156496
0.0160424
0.0164267
0.0167645
0.0170657
0.017371
0.0176925
0.0179995
0.0183075
0.0186682
0.0190753
0.0194621
0.0198127
0.0202113
0.0206566
0.0210903
0.0215125
0.0219666
0.0223807
0.0227337
0.0230735
0.0234697
0.0239377
0.0244649
0.024992
0.0255285
0.0260605
0.0265653
0.0270147
0.0274594
0.0279877
0.0285583
0.0291376
0.0296797
0.0302391
0.0307727
0.0313522
0.0319713
0.0325994
0.0332233
0.0338641
0.0345431
0.0352111
0.0358976
0.0365993
0.0373181
0.0380888
0.0388431
0.0396225
0.0403712
0.041153
0.0419619
0.0427773
0.0435805
0.0443552
0.0451244
0.045794
0.0464412
0.0470142
0.0177929
0.0164138
0.0128531
0.00845684
0.00554371
0.00499402
0.00586822
0.00690342
0.00757146
0.00792488
0.0081567
0.00834215
0.00851829
0.00873862
0.00896948
0.00915916
0.00934757
0.00955751
0.00975073
0.0099032
0.0100392
0.0102175
0.0104635
0.0107214
0.0109246
0.0110933
0.0113246
0.0116407
0.0119263
0.0121284
0.012361
0.0126774
0.0129843
0.0132435
0.0135085
0.013785
0.0140296
0.0142738
0.0145749
0.0149188
0.0152737
0.0156506
0.016042
0.0164256
0.0167643
0.0170666
0.0173721
0.0176935
0.0180011
0.0183097
0.0186699
0.0190761
0.0194629
0.019814
0.0202123
0.0206566
0.0210901
0.0215127
0.0219667
0.0223809
0.0227343
0.0230747
0.0234708
0.0239387
0.0244657
0.0249923
0.0255284
0.0260606
0.0265657
0.0270151
0.02746
0.0279883
0.0285588
0.0291381
0.0296803
0.0302397
0.0307733
0.0313528
0.0319718
0.0325999
0.0332237
0.0338646
0.0345435
0.0352114
0.0358978
0.0365995
0.0373183
0.038089
0.0388433
0.0396227
0.0403714
0.0411532
0.0419621
0.0427776
0.043581
0.0443558
0.0451249
0.0457958
0.0464435
0.0470149
0.0172558
0.0160062
0.0128786
0.00880522
0.00590277
0.0051882
0.00594036
0.00694153
0.0076119
0.00796821
0.00819733
0.00837797
0.0085475
0.00875957
0.0089851
0.00917488
0.00936382
0.00957019
0.00975905
0.00991212
0.0100526
0.0102321
0.0104735
0.010727
0.0109319
0.0111053
0.0113366
0.0116477
0.0119307
0.0121344
0.0123682
0.0126826
0.0129876
0.0132469
0.0135124
0.0137891
0.0140339
0.0142781
0.0145786
0.0149217
0.0152761
0.0156519
0.0160416
0.0164243
0.0167637
0.0170672
0.0173731
0.0176944
0.0180028
0.0183122
0.018672
0.0190771
0.0194638
0.0198156
0.0202136
0.0206568
0.0210898
0.0215126
0.0219664
0.0223805
0.0227346
0.0230756
0.0234721
0.0239402
0.0244671
0.0249929
0.0255282
0.0260604
0.0265658
0.0270153
0.0274605
0.027989
0.0285595
0.0291387
0.029681
0.0302404
0.0307739
0.0313535
0.0319725
0.0326005
0.0332243
0.0338652
0.0345441
0.0352118
0.0358982
0.0365998
0.0373186
0.0380893
0.0388436
0.0396229
0.0403715
0.0411533
0.0419624
0.0427778
0.0435814
0.0443564
0.0451256
0.0457979
0.0464464
0.0470158
0.0167629
0.0156051
0.0128751
0.0091328
0.00626448
0.00539657
0.00601929
0.00697808
0.00764951
0.00801136
0.00823956
0.00841531
0.00857745
0.00878076
0.00900091
0.00919099
0.00938066
0.00958347
0.00976786
0.00992158
0.0100667
0.0102475
0.0104841
0.0107328
0.0109392
0.0111173
0.0113487
0.011655
0.0119352
0.0121407
0.0123756
0.012688
0.012991
0.0132504
0.0135165
0.0137933
0.0140382
0.0142825
0.0145824
0.0149249
0.0152788
0.0156534
0.0160413
0.0164229
0.0167629
0.0170676
0.0173739
0.0176954
0.0180046
0.018315
0.0186743
0.0190782
0.0194647
0.0198173
0.0202152
0.0206571
0.0210895
0.0215122
0.0219657
0.0223797
0.0227343
0.0230761
0.0234732
0.0239418
0.0244691
0.0249939
0.0255279
0.0260598
0.0265654
0.0270152
0.0274609
0.0279897
0.0285602
0.0291392
0.0296815
0.030241
0.0307746
0.0313542
0.0319733
0.0326012
0.033225
0.033866
0.0345448
0.0352124
0.0358986
0.0366002
0.0373189
0.0380896
0.0388439
0.0396232
0.0403717
0.0411535
0.0419627
0.042778
0.043582
0.0443572
0.0451263
0.0458005
0.0464498
0.0470169
0.0163096
0.015214
0.0128436
0.00943699
0.00662654
0.00561945
0.00610712
0.0070145
0.00768419
0.00805367
0.00828314
0.00845423
0.00860817
0.00880207
0.00901673
0.00920738
0.00939805
0.00959733
0.00977722
0.00993163
0.0100815
0.0102639
0.0104957
0.0107393
0.0109468
0.0111295
0.0113611
0.0116626
0.0119399
0.0121473
0.0123834
0.0126937
0.0129946
0.0132542
0.0135209
0.0137975
0.0140425
0.014287
0.0145867
0.0149285
0.0152819
0.0156553
0.0160411
0.0164213
0.0167618
0.0170679
0.0173748
0.0176963
0.0180064
0.018318
0.0186769
0.0190794
0.0194657
0.0198192
0.020217
0.0206577
0.0210892
0.0215117
0.0219647
0.0223784
0.0227337
0.0230762
0.0234739
0.0239434
0.0244714
0.0249954
0.0255277
0.0260588
0.0265645
0.0270147
0.0274611
0.0279905
0.028561
0.0291398
0.0296821
0.0302416
0.0307752
0.0313551
0.0319741
0.0326019
0.0332257
0.0338669
0.0345457
0.0352132
0.0358993
0.0366007
0.0373192
0.0380899
0.0388443
0.0396235
0.040372
0.0411537
0.041963
0.0427783
0.0435825
0.0443581
0.0451271
0.0458034
0.0464538
0.0470183
0.0158907
0.0148357
0.0127854
0.00971558
0.00698664
0.00585659
0.00620584
0.00705266
0.00771618
0.00809443
0.00832767
0.00849482
0.00863989
0.00882365
0.00903264
0.00922412
0.00941606
0.00961183
0.0097871
0.00994228
0.0100972
0.0102813
0.0105083
0.0107465
0.0109547
0.0111419
0.0113738
0.0116705
0.0119449
0.0121541
0.0123916
0.0126996
0.0129984
0.0132582
0.0135256
0.0138019
0.0140468
0.0142919
0.0145914
0.0149326
0.0152853
0.0156576
0.0160412
0.0164197
0.0167606
0.0170681
0.0173756
0.0176972
0.0180084
0.0183211
0.0186797
0.0190807
0.0194666
0.019821
0.0202189
0.0206584
0.0210888
0.0215111
0.0219635
0.0223768
0.0227327
0.0230759
0.0234742
0.0239445
0.0244736
0.0249972
0.0255276
0.0260576
0.0265632
0.0270137
0.027461
0.0279912
0.0285619
0.0291405
0.0296826
0.030242
0.0307758
0.0313559
0.031975
0.0326026
0.0332265
0.0338679
0.0345467
0.0352141
0.0359001
0.0366014
0.0373197
0.0380902
0.0388446
0.0396239
0.0403724
0.0411539
0.0419633
0.0427785
0.0435831
0.0443591
0.0451281
0.0458067
0.0464583
0.0470198
0.0155015
0.0144729
0.0127026
0.00996647
0.00734217
0.00610716
0.00631715
0.00709464
0.00774591
0.00813287
0.00837262
0.00853726
0.00867309
0.00884589
0.00904885
0.00924136
0.00943481
0.00962703
0.00979755
0.00995353
0.0101137
0.0102997
0.0105219
0.0107544
0.0109632
0.0111548
0.0113869
0.0116787
0.0119502
0.0121614
0.0124003
0.012706
0.0130024
0.0132624
0.0135305
0.0138064
0.0140514
0.0142972
0.0145967
0.0149372
0.0152892
0.0156602
0.0160415
0.0164182
0.0167593
0.0170682
0.0173765
0.0176982
0.0180103
0.0183244
0.0186827
0.019082
0.0194675
0.0198229
0.0202209
0.0206592
0.0210885
0.0215103
0.021962
0.022375
0.0227315
0.0230756
0.0234742
0.0239453
0.0244755
0.0249989
0.0255274
0.026056
0.0265614
0.0270124
0.0274608
0.0279918
0.0285628
0.0291413
0.0296832
0.0302423
0.0307763
0.0313567
0.0319759
0.0326033
0.0332273
0.033869
0.0345479
0.0352151
0.0359011
0.0366023
0.0373203
0.0380906
0.038845
0.0396243
0.0403729
0.0411543
0.0419636
0.0427787
0.0435837
0.0443602
0.0451292
0.0458104
0.0464633
0.0470215
0.0151373
0.0141276
0.0125979
0.010188
0.00769052
0.0063698
0.00644225
0.00714239
0.00777423
0.00816854
0.00841745
0.00858167
0.00870825
0.00886925
0.00906568
0.00925928
0.00945442
0.00964304
0.0098086
0.00996537
0.010131
0.010319
0.0105364
0.0107631
0.0109722
0.0111681
0.0114005
0.0116874
0.0119558
0.0121692
0.0124096
0.0127127
0.0130066
0.0132667
0.0135355
0.0138111
0.0140564
0.0143033
0.0146028
0.0149425
0.0152935
0.0156631
0.016042
0.0164167
0.016758
0.0170684
0.0173774
0.0176991
0.0180124
0.0183279
0.0186859
0.0190835
0.0194684
0.0198247
0.020223
0.0206602
0.0210883
0.0215095
0.0219604
0.022373
0.0227303
0.0230754
0.0234744
0.0239458
0.024477
0.0250004
0.0255272
0.0260542
0.0265593
0.027011
0.0274606
0.0279925
0.0285637
0.0291421
0.0296838
0.0302427
0.0307767
0.0313575
0.0319768
0.032604
0.033228
0.0338701
0.034549
0.0352162
0.0359022
0.0366033
0.037321
0.0380909
0.0388454
0.0396248
0.0403734
0.0411547
0.041964
0.042779
0.0435843
0.0443614
0.0451304
0.0458143
0.0464687
0.0470234
0.0147929
0.0138006
0.0124752
0.0103799
0.00802931
0.00664228
0.00658146
0.00719773
0.00780259
0.00820144
0.00846151
0.00862788
0.00874568
0.00889416
0.00908345
0.00927804
0.00947498
0.00965991
0.00982029
0.00997779
0.0101491
0.0103392
0.0105517
0.0107724
0.0109816
0.0111819
0.0114148
0.0116966
0.0119618
0.0121775
0.0124195
0.01272
0.0130109
0.013271
0.0135406
0.013816
0.0140619
0.0143101
0.0146097
0.0149483
0.0152982
0.0156663
0.0160428
0.0164153
0.0167567
0.0170687
0.0173784
0.0177002
0.0180144
0.0183315
0.0186892
0.0190851
0.0194693
0.0198266
0.0202252
0.0206612
0.0210882
0.0215086
0.0219586
0.0223709
0.0227292
0.0230756
0.023475
0.0239464
0.024478
0.0250017
0.0255269
0.0260521
0.0265569
0.0270096
0.0274607
0.0279933
0.0285647
0.0291428
0.0296843
0.030243
0.0307772
0.0313583
0.0319778
0.0326047
0.0332286
0.0338711
0.0345502
0.0352173
0.0359034
0.0366045
0.0373219
0.0380914
0.0388458
0.0396252
0.0403741
0.0411553
0.0419644
0.0427792
0.0435849
0.0443626
0.0451317
0.0458184
0.0464745
0.0470256
0.0144637
0.0134917
0.0123385
0.0105429
0.00835607
0.0069217
0.0067344
0.00726234
0.00783293
0.00823189
0.00850398
0.00867538
0.00878555
0.00892104
0.00910254
0.00929784
0.00949652
0.00967765
0.00983263
0.00999081
0.0101679
0.0103603
0.0105677
0.0107821
0.0109915
0.0111964
0.0114296
0.0117063
0.0119683
0.0121864
0.0124301
0.0127277
0.0130155
0.0132753
0.0135456
0.0138211
0.0140679
0.0143178
0.0146174
0.0149547
0.0153032
0.0156697
0.0160437
0.016414
0.0167554
0.017069
0.0173795
0.0177012
0.0180165
0.0183351
0.0186928
0.0190868
0.0194702
0.0198284
0.0202274
0.0206623
0.0210881
0.0215078
0.0219568
0.0223688
0.0227284
0.0230764
0.0234764
0.0239474
0.0244789
0.0250027
0.0255267
0.02605
0.0265545
0.0270085
0.0274612
0.0279944
0.0285655
0.0291434
0.0296848
0.0302434
0.0307778
0.0313592
0.0319788
0.0326054
0.0332293
0.0338721
0.0345515
0.0352184
0.0359045
0.0366057
0.0373229
0.0380919
0.0388461
0.0396255
0.0403747
0.041156
0.0419649
0.0427795
0.0435854
0.044364
0.0451332
0.0458227
0.0464806
0.0470279
0.0141471
0.0132006
0.0121915
0.0106773
0.00866828
0.00720547
0.00690038
0.00733762
0.00786723
0.00826052
0.00854413
0.00872346
0.00882792
0.00895028
0.00912324
0.00931881
0.00951903
0.00969621
0.00984566
0.0100045
0.0101875
0.0103823
0.0105844
0.0107923
0.0110018
0.0112114
0.0114452
0.0117165
0.0119751
0.0121958
0.0124412
0.0127358
0.0130202
0.0132798
0.0135509
0.0138265
0.0140745
0.0143262
0.0146257
0.0149616
0.0153086
0.0156734
0.0160447
0.0164128
0.0167542
0.0170694
0.0173807
0.0177023
0.0180186
0.0183389
0.0186964
0.0190886
0.0194712
0.0198304
0.0202298
0.0206635
0.0210882
0.021507
0.021955
0.0223667
0.0227279
0.0230779
0.0234788
0.0239491
0.0244799
0.0250035
0.0255265
0.026048
0.0265521
0.0270078
0.0274622
0.0279958
0.0285664
0.0291438
0.029685
0.0302438
0.0307786
0.0313603
0.0319799
0.0326062
0.03323
0.0338731
0.0345526
0.0352195
0.0359057
0.036607
0.037324
0.0380925
0.0388464
0.0396259
0.0403754
0.0411568
0.0419655
0.0427797
0.0435861
0.0443654
0.0451349
0.0458273
0.046487
0.0470305
0.013841
0.0129278
0.0120371
0.0107826
0.00896374
0.00749165
0.00707809
0.00742435
0.00790751
0.00828861
0.00858164
0.00877122
0.00887247
0.00898207
0.00914583
0.00934114
0.00954257
0.00971555
0.00985936
0.0100189
0.010208
0.0104053
0.0106019
0.0108029
0.0110125
0.0112272
0.0114616
0.0117273
0.0119824
0.0122056
0.0124529
0.0127443
0.0130252
0.0132845
0.0135563
0.0138322
0.0140815
0.014335
0.0146345
0.0149689
0.0153143
0.0156772
0.0160459
0.0164116
0.0167531
0.0170699
0.0173819
0.0177033
0.0180207
0.0183428
0.0187002
0.0190905
0.0194723
0.0198326
0.0202323
0.0206647
0.0210884
0.0215063
0.0219532
0.0223647
0.0227276
0.0230801
0.0234822
0.0239517
0.024481
0.0250041
0.0255264
0.0260461
0.0265498
0.0270075
0.0274639
0.0279976
0.0285672
0.0291439
0.0296852
0.0302442
0.0307797
0.0313617
0.0319811
0.0326071
0.0332309
0.0338741
0.0345538
0.0352206
0.035907
0.0366084
0.0373251
0.0380931
0.0388467
0.0396262
0.0403762
0.0411576
0.0419661
0.0427801
0.0435867
0.0443669
0.0451366
0.045832
0.0464937
0.0470333
0.0135425
0.012674
0.0118797
0.0108588
0.00924038
0.0077785
0.00726539
0.00752257
0.00795585
0.00831805
0.00861652
0.00881759
0.0089185
0.00901649
0.00917063
0.00936503
0.00956725
0.0097357
0.00987374
0.0100341
0.0102294
0.0104292
0.0106203
0.0108141
0.0110237
0.0112436
0.0114788
0.0117387
0.01199
0.0122159
0.0124651
0.0127532
0.0130305
0.0132896
0.0135622
0.0138383
0.0140889
0.0143443
0.0146436
0.0149765
0.0153202
0.0156813
0.0160472
0.0164105
0.016752
0.0170705
0.0173833
0.0177045
0.0180228
0.0183468
0.0187041
0.0190924
0.0194735
0.0198349
0.0202349
0.020666
0.0210886
0.0215057
0.0219514
0.0223628
0.0227277
0.0230829
0.0234866
0.0239552
0.0244823
0.0250047
0.0255263
0.0260442
0.0265477
0.0270075
0.0274661
0.0279998
0.0285681
0.029144
0.0296852
0.0302448
0.0307811
0.0313634
0.0319823
0.0326081
0.033232
0.0338752
0.0345549
0.0352217
0.0359082
0.0366098
0.0373264
0.0380939
0.0388471
0.0396265
0.0403769
0.0411585
0.0419669
0.0427804
0.0435874
0.0443685
0.0451386
0.0458368
0.0465007
0.0470363
0.013248
0.0124377
0.0117256
0.0109072
0.00949585
0.00806435
0.00745983
0.00763143
0.00801411
0.00835103
0.00864913
0.00886147
0.00896497
0.00905337
0.00919794
0.00939076
0.00959323
0.00975677
0.0098888
0.01005
0.0102519
0.0104542
0.0106395
0.010826
0.0110355
0.0112607
0.0114968
0.0117508
0.011998
0.0122266
0.0124778
0.0127625
0.0130362
0.013295
0.0135685
0.0138448
0.0140966
0.0143538
0.0146529
0.0149842
0.0153263
0.0156855
0.0160487
0.0164094
0.016751
0.0170713
0.0173847
0.0177056
0.018025
0.0183508
0.0187081
0.0190945
0.0194748
0.0198374
0.0202376
0.0206673
0.0210889
0.0215052
0.0219497
0.022361
0.0227281
0.0230862
0.0234917
0.0239594
0.024484
0.0250053
0.0255263
0.0260425
0.0265458
0.0270079
0.0274688
0.0280022
0.028569
0.0291439
0.0296852
0.0302454
0.0307827
0.0313653
0.0319836
0.0326091
0.0332332
0.0338763
0.034556
0.0352228
0.0359096
0.0366113
0.0373279
0.0380948
0.0388475
0.0396269
0.0403777
0.0411594
0.0419678
0.0427808
0.0435882
0.0443702
0.0451407
0.0458418
0.0465079
0.0470396
0.0129536
0.0122136
0.0115806
0.0109316
0.00972718
0.0083478
0.00765987
0.00774891
0.00808327
0.00839003
0.00868039
0.00890212
0.00901065
0.00909222
0.00922799
0.00941863
0.00962068
0.00977889
0.00990461
0.0100667
0.0102753
0.0104803
0.0106596
0.0108384
0.0110477
0.0112785
0.0115157
0.0117635
0.0120065
0.0122377
0.012491
0.0127723
0.0130422
0.0133009
0.0135753
0.0138517
0.0141045
0.0143635
0.0146624
0.0149921
0.0153326
0.0156899
0.0160502
0.0164085
0.0167501
0.0170722
0.0173862
0.0177068
0.0180273
0.0183551
0.0187122
0.0190966
0.0194762
0.01984
0.0202404
0.0206687
0.0210891
0.0215047
0.0219481
0.0223593
0.0227287
0.0230899
0.0234975
0.0239642
0.0244859
0.0250058
0.0255262
0.0260408
0.0265439
0.0270085
0.0274717
0.0280049
0.02857
0.0291439
0.0296851
0.0302461
0.0307845
0.0313675
0.031985
0.0326102
0.0332347
0.0338776
0.0345572
0.035224
0.035911
0.0366128
0.0373294
0.0380957
0.038848
0.0396272
0.0403785
0.0411604
0.0419687
0.0427813
0.043589
0.044372
0.045143
0.045847
0.0465154
0.0470432
0.0126578
0.0119937
0.011448
0.0109379
0.00993074
0.00862723
0.00786592
0.00787231
0.00816302
0.00843774
0.00871192
0.00893911
0.00905442
0.00913221
0.00926076
0.00944899
0.00964983
0.00980218
0.00992127
0.0100841
0.0102995
0.0105075
0.0106806
0.0108515
0.0110606
0.0112971
0.0115353
0.0117768
0.0120154
0.0122492
0.0125048
0.0127826
0.0130485
0.0133072
0.0135826
0.0138591
0.0141128
0.0143733
0.0146721
0.0150002
0.0153391
0.0156946
0.016052
0.0164076
0.0167493
0.0170733
0.0173879
0.017708
0.0180296
0.0183594
0.0187165
0.0190987
0.0194777
0.0198428
0.0202434
0.02067
0.0210894
0.0215043
0.0219465
0.0223576
0.0227294
0.0230939
0.0235036
0.0239694
0.0244881
0.0250063
0.0255261
0.0260392
0.0265421
0.0270091
0.0274748
0.0280077
0.0285709
0.0291438
0.0296851
0.0302468
0.0307865
0.0313699
0.0319865
0.0326115
0.0332363
0.033879
0.0345584
0.0352252
0.0359124
0.0366145
0.037331
0.0380967
0.0388485
0.0396276
0.0403794
0.0411615
0.0419698
0.0427818
0.0435898
0.044374
0.0451455
0.0458523
0.0465232
0.0470471
0.0123657
0.0117698
0.0113266
0.0109345
0.0101039
0.00889863
0.00807975
0.00799964
0.00825147
0.00849664
0.00874612
0.00897226
0.00909525
0.00917237
0.00929604
0.00948221
0.00968098
0.0098267
0.00993886
0.0101023
0.0103246
0.0105356
0.0107025
0.0108652
0.0110741
0.0113165
0.0115557
0.0117906
0.0120247
0.0122612
0.0125191
0.0127933
0.0130552
0.0133139
0.0135904
0.0138668
0.0141213
0.0143833
0.0146819
0.0150085
0.0153459
0.0156994
0.0160539
0.0164069
0.0167487
0.0170745
0.0173897
0.0177093
0.018032
0.0183639
0.0187209
0.019101
0.0194793
0.0198457
0.0202464
0.0206715
0.0210896
0.0215039
0.021945
0.022356
0.0227303
0.0230981
0.02351
0.0239747
0.0244903
0.0250068
0.0255259
0.0260375
0.0265403
0.0270099
0.0274779
0.0280105
0.028572
0.0291437
0.0296851
0.0302476
0.0307886
0.0313723
0.0319881
0.0326127
0.033238
0.0338804
0.0345597
0.0352265
0.035914
0.0366162
0.0373327
0.0380978
0.038849
0.0396281
0.0403802
0.0411626
0.0419709
0.0427824
0.0435907
0.0443761
0.0451483
0.0458577
0.0465313
0.0470513
0.0120864
0.0115381
0.0112105
0.0109312
0.0102482
0.00915457
0.00830203
0.00813141
0.00834523
0.00856788
0.00878634
0.00900197
0.00913211
0.00921179
0.00933324
0.00951834
0.00971448
0.00985263
0.00995744
0.0101213
0.0103505
0.0105647
0.0107254
0.0108795
0.0110882
0.0113367
0.0115771
0.0118051
0.0120343
0.0122737
0.012534
0.0128044
0.0130622
0.0133211
0.0135987
0.013875
0.0141301
0.0143935
0.0146919
0.0150169
0.0153529
0.0157045
0.016056
0.0164064
0.0167482
0.0170759
0.0173916
0.0177106
0.0180344
0.0183686
0.0187254
0.0191034
0.0194809
0.0198487
0.0202496
0.0206729
0.0210899
0.0215036
0.0219436
0.0223545
0.0227313
0.0231024
0.0235165
0.0239803
0.0244927
0.0250073
0.0255257
0.0260359
0.0265386
0.0270106
0.0274811
0.0280134
0.028573
0.0291436
0.0296851
0.0302484
0.0307908
0.0313749
0.0319897
0.0326141
0.0332397
0.033882
0.034561
0.0352278
0.0359156
0.0366179
0.0373345
0.038099
0.0388497
0.0396285
0.0403812
0.0411638
0.0419721
0.0427831
0.0435917
0.0443784
0.0451513
0.0458633
0.0465397
0.0470558
0.0118253
0.0113016
0.011092
0.0109344
0.0103707
0.00938699
0.00853018
0.00827117
0.00844076
0.00864992
0.00883649
0.00902986
0.00916396
0.00924969
0.00937167
0.00955714
0.00975063
0.00988032
0.00997705
0.0101414
0.0103774
0.0105946
0.010749
0.0108945
0.0111028
0.0113577
0.0115995
0.0118203
0.0120444
0.0122867
0.0125495
0.0128161
0.0130696
0.0133287
0.0136076
0.0138837
0.0141393
0.0144039
0.0147021
0.0150256
0.0153601
0.0157098
0.0160583
0.0164059
0.0167479
0.0170775
0.0173938
0.017712
0.0180369
0.0183733
0.0187301
0.0191058
0.0194826
0.0198518
0.0202529
0.0206744
0.0210901
0.0215034
0.0219423
0.0223531
0.0227323
0.0231068
0.023523
0.0239858
0.0244951
0.0250078
0.0255254
0.0260342
0.0265369
0.0270113
0.0274842
0.0280163
0.0285741
0.0291436
0.0296852
0.0302493
0.030793
0.0313775
0.0319914
0.0326155
0.0332415
0.0338836
0.0345625
0.0352293
0.0359172
0.0366197
0.0373363
0.0381002
0.0388504
0.0396291
0.0403822
0.041165
0.0419733
0.0427838
0.0435927
0.0443808
0.0451545
0.045869
0.0465484
0.0470607
0.0115848
0.0110675
0.0109641
0.0109435
0.0104825
0.00959199
0.00875669
0.00842307
0.00853717
0.00873889
0.00889957
0.00905929
0.00918996
0.00928501
0.00941088
0.00959817
0.00978948
0.00991012
0.00999785
0.0101623
0.0104053
0.0106254
0.0107734
0.0109103
0.0111181
0.0113795
0.0116229
0.0118362
0.0120548
0.0123001
0.0125658
0.0128285
0.0130774
0.0133366
0.013617
0.0138928
0.0141487
0.0144146
0.0147126
0.0150345
0.0153675
0.0157153
0.0160608
0.0164057
0.0167477
0.0170794
0.0173961
0.0177134
0.0180394
0.0183782
0.018735
0.0191084
0.0194843
0.019855
0.0202564
0.020676
0.0210903
0.0215033
0.0219411
0.0223517
0.0227334
0.0231112
0.0235296
0.0239914
0.0244976
0.0250084
0.0255252
0.0260326
0.0265353
0.0270119
0.0274873
0.0280192
0.0285752
0.0291436
0.0296854
0.0302503
0.0307953
0.0313801
0.0319932
0.0326171
0.0332434
0.0338853
0.034564
0.0352307
0.0359189
0.0366216
0.0373382
0.0381015
0.0388511
0.0396296
0.0403832
0.0411663
0.0419746
0.0427846
0.0435938
0.0443834
0.0451579
0.0458749
0.0465574
0.047066
0.0113646
0.0108433
0.0108239
0.0109506
0.0105941
0.00977284
0.00897121
0.00858782
0.00863815
0.00883004
0.00897539
0.00909509
0.00921048
0.00931612
0.00945055
0.00964111
0.00983075
0.00994217
0.0100202
0.0101841
0.0104344
0.0106575
0.0107985
0.0109265
0.0111339
0.011402
0.0116473
0.011853
0.0120656
0.0123138
0.0125827
0.0128414
0.0130856
0.013345
0.0136269
0.0139025
0.0141585
0.0144255
0.0147232
0.0150436
0.0153752
0.0157211
0.0160636
0.0164057
0.0167477
0.0170814
0.0173986
0.017715
0.0180419
0.0183833
0.0187401
0.0191111
0.019486
0.0198583
0.02026
0.0206775
0.0210904
0.0215032
0.02194
0.0223504
0.0227346
0.0231157
0.0235361
0.023997
0.0245002
0.025009
0.0255249
0.0260311
0.0265337
0.0270126
0.0274904
0.028022
0.0285764
0.0291437
0.0296856
0.0302513
0.0307976
0.0313828
0.0319951
0.0326186
0.0332453
0.0338871
0.0345655
0.0352323
0.0359207
0.0366235
0.0373402
0.0381028
0.0388519
0.0396303
0.0403843
0.0411677
0.041976
0.0427856
0.043595
0.0443862
0.0451616
0.045881
0.0465666
0.0470717
0.0111621
0.0106341
0.010673
0.0109471
0.0107096
0.00993833
0.00916545
0.00875968
0.00874972
0.00892107
0.0090602
0.00914169
0.00922811
0.00934117
0.0094899
0.00968594
0.00987404
0.0099763
0.0100443
0.0102071
0.0104644
0.010691
0.0108247
0.0109432
0.0111504
0.0114254
0.0116727
0.0118707
0.0120769
0.012328
0.0126002
0.0128551
0.0130942
0.0133538
0.0136374
0.0139127
0.0141687
0.0144366
0.0147341
0.0150529
0.0153831
0.0157272
0.0160666
0.0164059
0.016748
0.0170837
0.0174012
0.0177166
0.0180445
0.0183884
0.0187454
0.0191139
0.0194878
0.0198617
0.0202637
0.0206792
0.0210906
0.0215032
0.021939
0.0223492
0.0227359
0.0231203
0.0235426
0.0240026
0.0245028
0.0250097
0.0255247
0.0260296
0.0265321
0.0270133
0.0274934
0.0280249
0.0285776
0.0291438
0.0296859
0.0302524
0.0307999
0.0313855
0.031997
0.0326203
0.0332473
0.0338889
0.0345672
0.0352339
0.0359225
0.0366255
0.0373421
0.0381041
0.0388528
0.0396309
0.0403854
0.0411691
0.0419774
0.0427866
0.0435962
0.0443891
0.0451657
0.0458872
0.0465762
0.0470778
0.0109733
0.0104436
0.0105158
0.010927
0.0108258
0.0100988
0.00933842
0.00892829
0.00887477
0.00901488
0.009149
0.00920034
0.00924772
0.00935946
0.0095271
0.00973275
0.00991925
0.0100121
0.0100701
0.0102316
0.0104955
0.0107258
0.0108522
0.0109604
0.0111671
0.0114496
0.0116991
0.0118894
0.012089
0.0123426
0.0126182
0.0128694
0.0131034
0.013363
0.0136484
0.0139234
0.0141792
0.0144479
0.0147452
0.0150625
0.0153913
0.0157336
0.0160699
0.0164063
0.0167484
0.0170862
0.0174042
0.0177183
0.0180471
0.0183937
0.0187509
0.0191169
0.0194897
0.0198652
0.0202676
0.0206809
0.0210908
0.0215033
0.0219381
0.0223481
0.0227372
0.0231248
0.0235491
0.0240081
0.0245055
0.0250105
0.0255245
0.0260281
0.0265307
0.0270139
0.0274964
0.0280278
0.0285788
0.029144
0.0296862
0.0302536
0.0308022
0.0313883
0.031999
0.0326221
0.0332494
0.0338908
0.0345689
0.0352356
0.0359245
0.0366276
0.0373442
0.0381055
0.0388537
0.0396316
0.0403866
0.0411705
0.0419788
0.0427877
0.0435976
0.0443923
0.04517
0.0458936
0.0465862
0.0470844
0.0107944
0.0102751
0.0103571
0.0108862
0.0109357
0.010261
0.00949647
0.00908444
0.00900922
0.00911729
0.00923904
0.00926805
0.00927434
0.00937275
0.00955978
0.00978098
0.00996676
0.0100494
0.0100973
0.0102579
0.010528
0.0107617
0.0108813
0.0109785
0.0111839
0.0114745
0.0117266
0.0119089
0.0121017
0.0123577
0.0126369
0.0128844
0.013113
0.0133728
0.01366
0.0139347
0.0141902
0.0144595
0.0147565
0.0150723
0.0153998
0.0157402
0.0160735
0.0164069
0.0167491
0.017089
0.0174073
0.0177201
0.0180497
0.0183991
0.0187565
0.01912
0.0194915
0.0198688
0.0202716
0.0206826
0.021091
0.0215035
0.0219374
0.0223472
0.0227386
0.0231294
0.0235556
0.0240136
0.0245082
0.0250114
0.0255243
0.0260268
0.0265293
0.0270146
0.0274993
0.0280307
0.02858
0.0291442
0.0296866
0.0302548
0.0308046
0.0313911
0.0320011
0.0326239
0.0332515
0.0338928
0.0345707
0.0352374
0.0359264
0.0366297
0.0373463
0.038107
0.0388547
0.0396324
0.0403878
0.0411721
0.0419803
0.042789
0.043599
0.0443956
0.0451746
0.0459001
0.0465964
0.0470915
0.0106201
0.0101316
0.0102044
0.0108226
0.0110315
0.010426
0.00964848
0.00922599
0.00914398
0.00923087
0.00933301
0.00934084
0.00930972
0.00938507
0.00958673
0.00982894
0.0100169
0.0100884
0.0101252
0.0102854
0.0105625
0.0107989
0.0109116
0.010998
0.011201
0.0114996
0.0117554
0.0119295
0.0121149
0.0123735
0.0126564
0.0129
0.0131232
0.0133831
0.0136723
0.0139466
0.0142015
0.0144714
0.014768
0.0150825
0.0154086
0.0157472
0.0160774
0.0164078
0.0167501
0.0170922
0.0174107
0.017722
0.0180524
0.0184047
0.0187624
0.0191231
0.0194935
0.0198725
0.0202758
0.0206844
0.0210913
0.0215038
0.0219369
0.0223463
0.02274
0.0231341
0.023562
0.0240191
0.0245111
0.0250124
0.0255242
0.0260255
0.026528
0.0270152
0.0275022
0.0280336
0.0285813
0.0291445
0.0296872
0.0302561
0.0308071
0.031394
0.0320033
0.0326258
0.0332536
0.0338949
0.0345726
0.0352392
0.0359285
0.0366319
0.0373484
0.0381085
0.0388557
0.0396332
0.0403891
0.0411737
0.0419819
0.0427903
0.0436005
0.0443991
0.0451795
0.0459068
0.0466069
0.047099
0.0104425
0.0100113
0.0100678
0.0107376
0.0111056
0.0105899
0.00980097
0.00935811
0.00927099
0.00935115
0.00943616
0.00941749
0.00935135
0.00940036
0.00960917
0.00987459
0.0100692
0.0101296
0.010154
0.0103133
0.0105989
0.0108381
0.0109432
0.0110189
0.0112188
0.0115247
0.0117852
0.0119513
0.0121286
0.01239
0.0126767
0.0129162
0.0131339
0.0133939
0.0136853
0.0139591
0.0142133
0.0144835
0.0147798
0.0150928
0.0154176
0.0157545
0.0160816
0.016409
0.0167512
0.0170956
0.0174145
0.017724
0.0180551
0.0184103
0.0187686
0.0191265
0.0194954
0.0198763
0.0202802
0.0206863
0.0210915
0.0215043
0.0219366
0.0223455
0.0227416
0.0231387
0.0235684
0.0240245
0.024514
0.0250135
0.0255241
0.0260243
0.0265269
0.0270159
0.0275051
0.0280365
0.0285826
0.0291448
0.0296878
0.0302575
0.0308096
0.0313969
0.0320055
0.0326278
0.0332558
0.0338971
0.0345746
0.0352411
0.0359307
0.0366342
0.0373506
0.0381101
0.0388569
0.0396341
0.0403905
0.0411753
0.0419836
0.0427918
0.0436022
0.0444028
0.0451848
0.0459136
0.0466177
0.0471071
0.0102547
0.00990535
0.00995705
0.0106395
0.0111515
0.010747
0.00995517
0.00948762
0.00938965
0.00946904
0.00954922
0.00950226
0.00939667
0.009419
0.00963005
0.00991732
0.010122
0.010173
0.0101842
0.0103413
0.0106362
0.0108801
0.0109762
0.0110407
0.0112378
0.01155
0.0118154
0.0119744
0.012143
0.0124068
0.0126981
0.0129333
0.0131448
0.0134053
0.013699
0.0139723
0.0142253
0.014496
0.0147919
0.0151034
0.015427
0.0157622
0.0160861
0.0164105
0.0167527
0.0170993
0.0174185
0.0177262
0.0180577
0.0184161
0.0187749
0.01913
0.0194973
0.0198803
0.0202848
0.0206882
0.0210917
0.0215048
0.0219364
0.0223449
0.0227431
0.0231434
0.0235747
0.0240298
0.0245169
0.0250147
0.0255241
0.0260232
0.0265258
0.0270166
0.027508
0.0280394
0.028584
0.0291452
0.0296884
0.0302589
0.0308121
0.0313999
0.0320079
0.0326299
0.0332581
0.0338993
0.0345767
0.0352431
0.0359329
0.0366365
0.0373529
0.0381117
0.0388581
0.0396351
0.0403919
0.0411771
0.0419853
0.0427935
0.043604
0.0444067
0.0451905
0.0459207
0.0466288
0.0471157
0.0100556
0.00980121
0.00987648
0.0105414
0.0111662
0.0108903
0.0101082
0.00961843
0.00950677
0.00957768
0.00966527
0.00960087
0.00944749
0.0094379
0.00965103
0.0099588
0.0101744
0.0102173
0.0102163
0.0103699
0.0106735
0.0109245
0.0110121
0.0110632
0.0112577
0.0115763
0.0118458
0.0119985
0.0121583
0.0124239
0.0127205
0.0129516
0.0131562
0.013417
0.0137135
0.0139862
0.0142378
0.0145087
0.0148043
0.0151142
0.0154366
0.0157703
0.0160911
0.0164123
0.0167544
0.0171032
0.0174229
0.0177286
0.0180604
0.018422
0.0187816
0.0191336
0.0194993
0.0198843
0.0202896
0.0206902
0.021092
0.0215055
0.0219365
0.0223444
0.0227448
0.0231481
0.0235809
0.0240351
0.0245199
0.0250159
0.0255242
0.0260223
0.0265249
0.0270173
0.0275107
0.0280423
0.0285854
0.0291457
0.0296892
0.0302605
0.0308147
0.031403
0.0320103
0.0326321
0.0332605
0.0339017
0.0345789
0.0352452
0.0359352
0.0366389
0.0373553
0.0381134
0.0388594
0.0396361
0.0403933
0.0411789
0.0419871
0.0427953
0.0436059
0.0444108
0.0451965
0.0459279
0.0466402
0.0471248
0.00984983
0.00968701
0.00982051
0.0104577
0.0111535
0.0110133
0.010256
0.00974805
0.00962953
0.00967948
0.00977321
0.00971289
0.00951167
0.00945553
0.00966938
0.0100013
0.0102277
0.0102612
0.0102493
0.0104005
0.0107105
0.0109698
0.0110515
0.0110871
0.0112776
0.0116039
0.0118771
0.0120231
0.0121745
0.0124415
0.0127437
0.0129713
0.0131682
0.0134288
0.0137287
0.014001
0.0142508
0.0145216
0.0148169
0.0151255
0.0154465
0.0157787
0.0160965
0.0164144
0.0167564
0.0171075
0.0174276
0.0177313
0.0180632
0.0184279
0.0187885
0.0191375
0.0195013
0.0198884
0.0202945
0.0206924
0.0210922
0.0215063
0.0219368
0.022344
0.0227465
0.0231528
0.0235871
0.0240404
0.024523
0.0250173
0.0255243
0.0260215
0.0265241
0.027018
0.0275135
0.0280452
0.0285869
0.0291463
0.0296901
0.0302621
0.0308173
0.0314061
0.0320128
0.0326344
0.0332629
0.0339041
0.0345811
0.0352474
0.0359376
0.0366414
0.0373577
0.0381152
0.0388608
0.0396372
0.0403949
0.0411809
0.0419889
0.0427973
0.0436079
0.0444151
0.0452029
0.0459353
0.0466518
0.0471346
0.0096468
0.00955543
0.00977544
0.0103997
0.0111237
0.0111122
0.0103955
0.00986954
0.00975975
0.00978532
0.0098651
0.00982819
0.00959717
0.00947678
0.00967991
0.0100437
0.0102853
0.0103051
0.0102802
0.0104328
0.0107489
0.0110148
0.0110939
0.0111139
0.011297
0.0116322
0.0119104
0.0120479
0.012191
0.0124598
0.0127676
0.0129922
0.0131811
0.0134408
0.0137444
0.0140167
0.0142644
0.0145347
0.0148298
0.015137
0.0154567
0.0157874
0.0161024
0.016417
0.0167586
0.0171122
0.0174327
0.0177341
0.018066
0.0184339
0.0187956
0.0191416
0.0195033
0.0198926
0.0202997
0.0206946
0.0210926
0.0215073
0.0219373
0.0223439
0.0227483
0.0231575
0.0235933
0.0240455
0.0245261
0.0250188
0.0255246
0.0260208
0.0265234
0.0270187
0.0275162
0.028048
0.0285884
0.0291469
0.0296911
0.0302639
0.0308199
0.0314092
0.0320155
0.0326368
0.0332654
0.0339067
0.0345835
0.0352496
0.0359401
0.0366439
0.0373601
0.0381171
0.0388623
0.0396383
0.0403964
0.041183
0.0419908
0.0427994
0.0436102
0.0444196
0.0452097
0.0459429
0.0466637
0.0471448
0.00945707
0.00940631
0.00972545
0.0103697
0.0110921
0.0111876
0.0105253
0.0099768
0.00988955
0.00990638
0.00994483
0.00993185
0.00970421
0.00951325
0.00968074
0.0100795
0.0103498
0.0103531
0.010307
0.0104641
0.010791
0.0110601
0.0111372
0.0111448
0.0113171
0.0116599
0.0119459
0.0120741
0.0122069
0.0124787
0.0127927
0.0130142
0.013195
0.0134531
0.0137605
0.0140334
0.0142787
0.0145481
0.014843
0.0151489
0.0154673
0.0157965
0.0161086
0.01642
0.0167612
0.0171171
0.0174382
0.0177372
0.0180689
0.01844
0.018803
0.0191458
0.0195054
0.0198968
0.020305
0.020697
0.0210929
0.0215084
0.0219381
0.0223439
0.0227501
0.0231622
0.0235993
0.0240506
0.0245293
0.0250205
0.0255249
0.0260203
0.0265229
0.0270194
0.0275189
0.0280509
0.0285899
0.0291476
0.0296922
0.0302657
0.0308226
0.0314125
0.0320182
0.0326393
0.033268
0.0339093
0.034586
0.035252
0.0359426
0.0366465
0.0373627
0.038119
0.0388639
0.0396396
0.0403981
0.0411852
0.0419928
0.0428017
0.0436126
0.0444243
0.045217
0.0459507
0.0466758
0.0471557
0.0092897
0.00924862
0.00965539
0.0103579
0.011074
0.0112449
0.0106459
0.0100678
0.0100047
0.0100474
0.0100283
0.0100119
0.00982019
0.00957675
0.00967922
0.0101005
0.0104178
0.0104116
0.0103314
0.0104894
0.0108362
0.0111089
0.0111797
0.0111781
0.0113399
0.0116865
0.0119828
0.0121031
0.0122223
0.012497
0.0128193
0.0130376
0.0132099
0.0134659
0.0137767
0.0140507
0.0142937
0.0145619
0.0148563
0.0151611
0.0154783
0.015806
0.0161153
0.0164235
0.0167641
0.0171224
0.017444
0.0177405
0.0180717
0.0184462
0.0188107
0.0191502
0.0195074
0.0199012
0.0203106
0.0206995
0.0210933
0.0215096
0.0219392
0.022344
0.022752
0.0231669
0.0236053
0.0240557
0.0245326
0.0250222
0.0255253
0.0260199
0.0265226
0.0270202
0.0275215
0.0280537
0.0285915
0.0291485
0.0296934
0.0302676
0.0308254
0.0314158
0.032021
0.0326419
0.0332707
0.0339121
0.0345886
0.0352544
0.0359453
0.0366492
0.0373653
0.0381211
0.0388656
0.0396409
0.0403998
0.0411875
0.0419949
0.0428042
0.0436153
0.0444291
0.0452247
0.0459587
0.0466881
0.0471672
0.00915146
0.00909902
0.00955731
0.0103462
0.0110786
0.0112943
0.0107593
0.0101464
0.0100917
0.0101996
0.0101337
0.0100697
0.00992589
0.00967019
0.00969025
0.0101035
0.0104789
0.0104842
0.0103608
0.0105045
0.0108799
0.0111648
0.0112227
0.0112108
0.0113662
0.0117137
0.0120196
0.0121354
0.0122383
0.0125135
0.012847
0.0130631
0.0132255
0.0134793
0.0137935
0.0140685
0.0143095
0.0145762
0.0148699
0.0151735
0.0154897
0.015816
0.0161225
0.0164273
0.0167674
0.0171281
0.0174504
0.0177441
0.0180745
0.0184525
0.0188188
0.0191549
0.0195094
0.0199057
0.0203165
0.0207021
0.0210938
0.0215111
0.0219405
0.0223443
0.022754
0.0231716
0.0236112
0.0240606
0.0245359
0.0250241
0.0255259
0.0260198
0.0265224
0.0270211
0.0275241
0.0280566
0.0285931
0.0291494
0.0296948
0.0302697
0.0308281
0.0314191
0.0320239
0.0326446
0.0332734
0.0339149
0.0345913
0.035257
0.0359481
0.036652
0.0373679
0.0381232
0.0388674
0.0396424
0.0404015
0.0411899
0.041997
0.0428069
0.0436182
0.0444342
0.0452328
0.0459671
0.0467005
0.0471792
0.00904493
0.00897134
0.00943748
0.0103148
0.0111019
0.0113488
0.0108692
0.0102212
0.0101434
0.0103421
0.010274
0.0101237
0.0100031
0.00978045
0.00972947
0.0100974
0.0105218
0.0105658
0.0104047
0.0105119
0.0109138
0.0112283
0.0112717
0.0112402
0.0113935
0.0117441
0.0120561
0.0121696
0.0122566
0.0125284
0.0128744
0.0130913
0.0132423
0.0134929
0.013811
0.0140867
0.0143258
0.0145912
0.0148838
0.0151862
0.0155014
0.0158264
0.0161302
0.0164316
0.016771
0.0171341
0.0174572
0.0177481
0.0180773
0.0184587
0.0188273
0.0191599
0.0195113
0.0199102
0.0203226
0.0207049
0.0210943
0.0215127
0.0219421
0.0223448
0.0227559
0.0231764
0.0236171
0.0240655
0.0245393
0.0250261
0.0255265
0.0260198
0.0265225
0.0270219
0.0275267
0.0280594
0.0285948
0.0291504
0.0296962
0.0302718
0.030831
0.0314225
0.0320269
0.0326474
0.0332762
0.0339179
0.0345942
0.0352596
0.0359509
0.0366548
0.0373707
0.0381254
0.0388693
0.039644
0.0404033
0.0411926
0.0419993
0.0428097
0.0436213
0.0444393
0.0452413
0.0459757
0.0467132
0.0471918
0.00896576
0.00887405
0.00931387
0.0102485
0.0111273
0.0114188
0.0109822
0.0103016
0.0101636
0.0104518
0.0104458
0.0101984
0.0100472
0.00988557
0.00980287
0.0100991
0.0105423
0.0106429
0.0104686
0.010522
0.0109314
0.0112927
0.0113328
0.0112683
0.0114168
0.0117786
0.012095
0.012204
0.0122773
0.0125429
0.0129003
0.0131216
0.0132612
0.0135064
0.0138292
0.0141059
0.0143422
0.0146067
0.0148984
0.0151991
0.0155133
0.0158374
0.0161386
0.0164364
0.0167748
0.0171405
0.0174646
0.0177526
0.0180802
0.0184649
0.0188362
0.0191653
0.0195132
0.0199146
0.020329
0.020708
0.0210948
0.0215145
0.0219441
0.0223455
0.022758
0.0231812
0.023623
0.0240702
0.0245427
0.0250282
0.0255274
0.02602
0.0265227
0.0270229
0.0275293
0.0280623
0.0285965
0.0291515
0.0296978
0.0302741
0.0308339
0.031426
0.03203
0.0326504
0.0332792
0.033921
0.0345971
0.0352623
0.0359539
0.0366577
0.0373735
0.0381278
0.0388713
0.0396457
0.0404052
0.0411953
0.0420017
0.0428127
0.0436249
0.0444447
0.0452502
0.0459846
0.046726
0.0472049
0.00891322
0.00880881
0.00920358
0.0101473
0.0111327
0.0115034
0.0111066
0.0103969
0.0101671
0.0105102
0.0106265
0.0103165
0.0100752
0.00996228
0.00989795
0.0101264
0.0105506
0.0107019
0.0105452
0.0105475
0.0109349
0.0113465
0.0114078
0.0113026
0.0114319
0.0118136
0.0121402
0.0122392
0.0122983
0.0125586
0.012925
0.0131526
0.0132827
0.0135203
0.0138474
0.0141262
0.0143588
0.0146223
0.0149138
0.0152126
0.0155255
0.0158487
0.0161477
0.0164417
0.0167788
0.0171471
0.0174726
0.0177575
0.018083
0.018471
0.0188453
0.0191712
0.0195152
0.019919
0.0203356
0.0207114
0.0210954
0.0215164
0.0219464
0.0223465
0.02276
0.023186
0.0236288
0.0240749
0.0245461
0.0250305
0.0255283
0.0260204
0.0265231
0.0270239
0.0275319
0.0280651
0.0285983
0.0291528
0.0296995
0.0302765
0.0308368
0.0314295
0.0320333
0.0326534
0.0332822
0.0339242
0.0346002
0.0352652
0.035957
0.0366607
0.0373764
0.0381302
0.0388734
0.0396475
0.0404071
0.0411983
0.0420042
0.0428159
0.0436287
0.0444502
0.0452596
0.0459939
0.0467389
0.0472186
0.0088857
0.00877363
0.00911956
0.0100285
0.0110977
0.0115878
0.0112481
0.0105154
0.0101727
0.0105123
0.0107859
0.0104857
0.0101151
0.00999952
0.00999204
0.010186
0.0105653
0.010739
0.0106181
0.0105955
0.010938
0.0113797
0.0114889
0.0113524
0.0114397
0.0118415
0.0121935
0.0122793
0.0123173
0.0125746
0.0129504
0.0131835
0.0133061
0.0135355
0.0138657
0.0141477
0.0143762
0.0146374
0.0149297
0.0152271
0.0155378
0.0158602
0.0161574
0.0164477
0.0167831
0.017154
0.0174813
0.017763
0.0180859
0.018477
0.0188546
0.0191774
0.0195172
0.0199233
0.0203424
0.020715
0.0210961
0.0215185
0.0219491
0.0223476
0.022762
0.0231908
0.0236347
0.0240796
0.0245496
0.0250328
0.0255294
0.026021
0.0265237
0.027025
0.0275344
0.028068
0.0286002
0.0291541
0.0297014
0.030279
0.0308398
0.0314331
0.0320366
0.0326566
0.0332853
0.0339275
0.0346034
0.0352681
0.0359602
0.0366638
0.0373794
0.0381328
0.0388755
0.0396494
0.0404091
0.0412014
0.0420069
0.0428192
0.0436329
0.0444559
0.0452692
0.0460036
0.0467519
0.0472327
0.00887529
0.00876752
0.00906728
0.00991135
0.0110175
0.0116508
0.0114029
0.0106628
0.0101999
0.0104715
0.0108938
0.0106891
0.010197
0.0100098
0.0100593
0.0102651
0.0106044
0.0107675
0.0106717
0.0106561
0.010957
0.0113942
0.0115615
0.0114228
0.0114499
0.0118549
0.0122504
0.0123304
0.0123352
0.0125874
0.0129778
0.0132154
0.0133297
0.013552
0.0138846
0.0141701
0.0143948
0.0146522
0.0149454
0.0152426
0.0155508
0.0158718
0.0161677
0.0164545
0.0167876
0.0171609
0.0174905
0.0177692
0.0180889
0.0184829
0.0188644
0.019184
0.0195194
0.0199277
0.0203493
0.020719
0.021097
0.0215207
0.0219521
0.0223491
0.0227642
0.0231956
0.0236405
0.0240842
0.0245531
0.0250353
0.0255307
0.0260219
0.0265245
0.0270261
0.027537
0.0280709
0.0286022
0.0291556
0.0297033
0.0302817
0.0308428
0.0314368
0.0320401
0.0326599
0.0332886
0.033931
0.0346068
0.0352712
0.0359635
0.0366669
0.0373825
0.0381355
0.0388778
0.0396515
0.0404111
0.0412047
0.0420097
0.0428226
0.0436376
0.0444618
0.0452793
0.0460137
0.046765
0.0472473
0.00886694
0.00879274
0.00904646
0.00981144
0.0109064
0.0116721
0.0115567
0.0108388
0.0102653
0.0104126
0.0109311
0.0108946
0.0103403
0.0100205
0.0100849
0.0103409
0.0106725
0.0108081
0.0107039
0.0107088
0.0110003
0.0114069
0.0116118
0.0115055
0.0114755
0.0118531
0.0123012
0.0123961
0.0123573
0.0125936
0.0130054
0.0132512
0.0133533
0.0135683
0.0139047
0.0141934
0.0144143
0.0146671
0.0149605
0.015259
0.0155651
0.0158838
0.0161783
0.0164621
0.0167926
0.0171679
0.0175003
0.0177763
0.018092
0.0184885
0.0188743
0.0191911
0.0195216
0.019932
0.0203566
0.0207232
0.021098
0.021523
0.0219554
0.0223507
0.0227664
0.0232004
0.0236463
0.0240887
0.0245567
0.0250379
0.025532
0.026023
0.0265256
0.0270273
0.0275396
0.0280737
0.0286042
0.0291572
0.0297055
0.0302845
0.0308459
0.0314405
0.0320436
0.0326633
0.033292
0.0339346
0.0346103
0.0352743
0.0359669
0.0366702
0.0373857
0.0381384
0.0388801
0.0396538
0.0404133
0.0412081
0.0420128
0.0428261
0.0436427
0.0444679
0.0452896
0.0460242
0.0467782
0.0472623
0.00884184
0.00884114
0.00905735
0.00973771
0.0107825
0.0116445
0.0116905
0.0110341
0.0103773
0.0103639
0.0109002
0.0110653
0.0105382
0.0100637
0.010077
0.0103883
0.010755
0.0108791
0.0107333
0.0107352
0.011054
0.0114387
0.0116415
0.0115822
0.0115248
0.0118465
0.0123351
0.0124731
0.0123919
0.0125926
0.0130284
0.0132924
0.0133791
0.0135825
0.0139255
0.0142188
0.0144349
0.0146822
0.0149749
0.0152754
0.0155808
0.0158965
0.0161891
0.0164702
0.0167981
0.0171751
0.0175105
0.0177841
0.0180954
0.0184939
0.0188846
0.0191987
0.0195238
0.0199362
0.0203641
0.0207278
0.021099
0.0215256
0.021959
0.0223526
0.0227686
0.0232053
0.0236521
0.0240932
0.0245604
0.0250406
0.0255336
0.0260243
0.0265269
0.0270287
0.0275422
0.0280766
0.0286063
0.0291589
0.0297078
0.0302874
0.030849
0.0314444
0.0320473
0.0326668
0.0332955
0.0339382
0.0346139
0.0352777
0.0359705
0.0366735
0.0373889
0.0381415
0.0388825
0.0396562
0.0404156
0.0412117
0.0420161
0.0428296
0.0436482
0.0444742
0.0453001
0.0460352
0.0467916
0.0472777
0.0087849
0.00889801
0.00910053
0.00969436
0.0106619
0.0115756
0.0117862
0.0112335
0.0105329
0.0103523
0.010825
0.0111698
0.0107622
0.0101655
0.0100602
0.0103919
0.0108282
0.0109822
0.0107841
0.0107343
0.0110922
0.0115
0.0116717
0.011636
0.0115897
0.0118511
0.012348
0.0125506
0.0124459
0.01259
0.0130415
0.0133377
0.0134106
0.0135942
0.0139446
0.014247
0.0144573
0.0146974
0.0149887
0.0152913
0.0155976
0.0159108
0.0162003
0.0164786
0.0168041
0.0171825
0.0175211
0.0177925
0.0180991
0.0184992
0.018895
0.019207
0.0195262
0.0199401
0.020372
0.020733
0.0211001
0.0215281
0.0219631
0.0223548
0.0227709
0.0232102
0.023658
0.0240976
0.0245641
0.0250435
0.0255353
0.0260259
0.0265284
0.0270302
0.0275447
0.0280795
0.0286085
0.0291608
0.0297102
0.0302904
0.0308522
0.0314483
0.0320512
0.0326704
0.0332992
0.0339421
0.0346176
0.0352811
0.0359741
0.036677
0.0373922
0.0381447
0.0388849
0.0396588
0.040418
0.0412154
0.0420197
0.0428333
0.0436541
0.0444808
0.0453108
0.0460467
0.046805
0.0472934
0.00868994
0.00894345
0.00917518
0.00968584
0.0105585
0.0114791
0.0118354
0.0114184
0.0107189
0.0103935
0.0107369
0.0111975
0.0109756
0.0103303
0.0100652
0.010358
0.0108668
0.0110994
0.0108771
0.0107293
0.0110909
0.0115728
0.0117286
0.0116687
0.0116491
0.0118776
0.0123495
0.0126148
0.0125186
0.0125951
0.0130425
0.0133824
0.0134506
0.0136057
0.0139596
0.014277
0.0144831
0.0147129
0.015002
0.0153066
0.0156148
0.0159268
0.0162125
0.0164871
0.0168101
0.0171902
0.0175325
0.0178018
0.0181029
0.0185044
0.0189056
0.0192159
0.0195287
0.0199437
0.0203802
0.0207388
0.0211013
0.0215306
0.0219676
0.0223574
0.0227731
0.0232151
0.023664
0.024102
0.0245677
0.0250465
0.0255372
0.0260277
0.0265302
0.0270318
0.0275474
0.0280825
0.0286107
0.0291628
0.0297129
0.0302937
0.0308554
0.0314522
0.0320551
0.0326742
0.033303
0.0339461
0.0346215
0.0352847
0.0359778
0.0366805
0.0373955
0.0381482
0.0388875
0.0396615
0.0404206
0.0412192
0.0420237
0.0428371
0.0436604
0.0444878
0.0453216
0.0460588
0.0468186
0.0473093
0.00856095
0.00896002
0.00925864
0.00971141
0.0104841
0.0113695
0.0118397
0.0115728
0.0109176
0.0104871
0.0106683
0.0111618
0.011142
0.0105372
0.0101203
0.0103096
0.0108563
0.0112047
0.0110141
0.0107497
0.011048
0.0116244
0.0118255
0.0117064
0.0116833
0.0119183
0.0123577
0.0126591
0.0125992
0.0126166
0.0130341
0.0134202
0.0134993
0.0136205
0.0139697
0.0143064
0.0145132
0.01473
0.0150141
0.015321
0.0156317
0.0159442
0.0162266
0.0164961
0.0168159
0.0171979
0.0175446
0.017812
0.0181069
0.0185093
0.0189166
0.0192256
0.0195315
0.0199467
0.0203883
0.0207455
0.0211028
0.0215329
0.0219724
0.0223604
0.0227754
0.0232199
0.02367
0.0241064
0.0245714
0.0250496
0.0255394
0.0260298
0.0265321
0.0270335
0.0275501
0.0280855
0.0286131
0.029165
0.0297157
0.0302971
0.0308587
0.0314562
0.0320592
0.032678
0.0333069
0.0339502
0.0346254
0.0352885
0.0359817
0.0366842
0.037399
0.0381518
0.0388902
0.0396643
0.0404235
0.0412231
0.0420279
0.042841
0.0436672
0.0444952
0.0453324
0.0460712
0.0468324
0.0473254
0.00841072
0.00894017
0.00933865
0.00978968
0.0104501
0.011264
0.0118068
0.0116879
0.0111106
0.0106207
0.010642
0.0110901
0.0112414
0.0107551
0.0102353
0.0102752
0.0108025
0.0112709
0.0111755
0.010822
0.0109897
0.0116237
0.0119405
0.0117807
0.0116939
0.0119489
0.0123851
0.0126929
0.012674
0.0126571
0.0130248
0.0134463
0.0135536
0.0136418
0.0139757
0.0143332
0.0145468
0.0147503
0.0150259
0.0153344
0.0156481
0.015962
0.0162428
0.0165064
0.0168211
0.0172055
0.0175576
0.0178231
0.0181111
0.0185135
0.0189278
0.0192363
0.0195345
0.0199493
0.0203966
0.0207529
0.0211047
0.0215352
0.0219773
0.0223639
0.0227779
0.0232247
0.0236762
0.0241108
0.0245751
0.0250528
0.0255417
0.0260322
0.0265343
0.0270353
0.0275529
0.0280886
0.0286156
0.0291673
0.0297187
0.0303006
0.030862
0.0314603
0.0320634
0.032682
0.033311
0.0339545
0.0346295
0.0352924
0.0359856
0.036688
0.0374026
0.0381556
0.038893
0.0396672
0.0404267
0.041227
0.0420325
0.042845
0.0436742
0.044503
0.0453433
0.0460842
0.0468464
0.0473417
0.00825501
0.0088846
0.00939427
0.00985802
0.0104516
0.0111791
0.0117483
0.0117612
0.0112828
0.010777
0.0106643
0.011012
0.011275
0.0109501
0.0103978
0.0102815
0.0107272
0.0112811
0.0113324
0.0109538
0.010951
0.0115647
0.0120357
0.0119077
0.0117113
0.0119461
0.0124219
0.0127348
0.0127356
0.0127081
0.013024
0.0134608
0.0136087
0.0136718
0.013979
0.0143556
0.0145827
0.0147741
0.0150383
0.0153469
0.0156641
0.0159798
0.0162606
0.0165188
0.016826
0.0172121
0.0175716
0.0178359
0.0181156
0.0185171
0.0189389
0.0192483
0.019538
0.019951
0.0204049
0.0207612
0.0211071
0.0215373
0.0219824
0.0223677
0.0227806
0.0232295
0.0236823
0.0241153
0.0245788
0.0250561
0.0255442
0.0260349
0.0265368
0.0270373
0.0275556
0.0280918
0.0286183
0.0291697
0.0297218
0.0303043
0.0308654
0.0314645
0.0320677
0.0326861
0.0333152
0.033959
0.0346337
0.0352966
0.0359896
0.0366919
0.0374062
0.0381596
0.0388959
0.0396702
0.0404302
0.041231
0.0420374
0.0428493
0.0436815
0.0445113
0.0453542
0.0460975
0.0468608
0.0473581
0.00810691
0.00880287
0.00942174
0.00992714
0.0104831
0.0111265
0.0116801
0.0117966
0.0114251
0.0109379
0.0107291
0.0109524
0.0112598
0.0110993
0.0105842
0.0103398
0.0106572
0.011237
0.0114529
0.011127
0.0109641
0.0114739
0.0120739
0.0120652
0.0117734
0.0119126
0.01244
0.0127973
0.0127934
0.0127563
0.0130354
0.0134693
0.0136593
0.0137112
0.0139823
0.0143724
0.0146204
0.0148014
0.0150514
0.0153588
0.0156793
0.0159973
0.0162794
0.0165339
0.0168316
0.017217
0.0175855
0.0178506
0.0181209
0.0185197
0.0189496
0.0192618
0.0195424
0.0199517
0.0204128
0.0207704
0.0211099
0.0215395
0.0219877
0.0223718
0.0227834
0.0232344
0.0236886
0.0241198
0.0245826
0.0250594
0.0255468
0.0260379
0.0265395
0.0270394
0.0275583
0.028095
0.0286212
0.0291722
0.0297251
0.030308
0.0308687
0.0314688
0.0320721
0.0326903
0.0333195
0.0339636
0.0346379
0.0353009
0.0359937
0.036696
0.0374101
0.0381637
0.038899
0.0396731
0.040434
0.041235
0.0420425
0.0428539
0.043689
0.0445201
0.0453651
0.0461111
0.0468754
0.0473745
0.00797554
0.00870691
0.00942136
0.00998675
0.0105272
0.0111064
0.0116196
0.0118026
0.0115349
0.0110879
0.0108222
0.0109257
0.0112173
0.0111964
0.0107697
0.0104445
0.0106183
0.0111598
0.0115154
0.0113117
0.0110429
0.0113878
0.0120425
0.0122108
0.0119014
0.0118831
0.0124127
0.0128684
0.0128683
0.0127953
0.0130511
0.0134793
0.0137025
0.0137578
0.0139889
0.0143819
0.014659
0.0148336
0.0150649
0.0153706
0.0156946
0.0160138
0.0162982
0.0165514
0.0168393
0.0172207
0.0175986
0.0178672
0.0181274
0.0185211
0.0189596
0.0192767
0.0195481
0.0199516
0.0204203
0.0207806
0.0211131
0.0215413
0.0219933
0.0223765
0.0227862
0.0232393
0.0236951
0.0241243
0.0245864
0.0250629
0.0255496
0.0260409
0.0265426
0.0270417
0.0275611
0.0280982
0.0286241
0.029175
0.0297286
0.0303121
0.0308721
0.0314731
0.0320767
0.0326947
0.033324
0.0339684
0.0346422
0.0353054
0.0359979
0.0367001
0.0374142
0.0381679
0.0389024
0.0396761
0.0404382
0.0412392
0.0420478
0.0428588
0.0436966
0.0445294
0.0453761
0.046125
0.0468903
0.0473911
0.00786858
0.00860966
0.00939699
0.0100308
0.0105744
0.0111105
0.0115778
0.0117917
0.0116148
0.0112185
0.0109268
0.0109338
0.0111686
0.0112452
0.0109341
0.0105794
0.0106234
0.0110765
0.0115169
0.0114752
0.0111773
0.0113416
0.0119639
0.0123031
0.0120737
0.0118999
0.0123405
0.0129154
0.0129742
0.0128376
0.0130591
0.0134941
0.0137416
0.0138072
0.0140026
0.0143833
0.0146946
0.0148733
0.0150793
0.0153804
0.015711
0.01603
0.0163159
0.0165703
0.0168495
0.0172242
0.01761
0.0178853
0.0181362
0.0185215
0.0189682
0.0192929
0.0195552
0.0199508
0.0204272
0.020792
0.0211171
0.0215428
0.021999
0.0223818
0.0227889
0.023244
0.0237018
0.0241289
0.02459
0.0250665
0.0255528
0.0260443
0.0265458
0.0270443
0.0275638
0.0281016
0.0286273
0.0291778
0.0297322
0.0303162
0.0308754
0.0314776
0.0320814
0.0326991
0.0333285
0.0339734
0.0346467
0.0353101
0.0360022
0.0367041
0.0374184
0.0381722
0.038906
0.0396792
0.0404427
0.0412436
0.0420533
0.0428642
0.0437043
0.0445392
0.0453872
0.046139
0.0469056
0.0474077
0.00779117
0.00852262
0.00935568
0.0100564
0.0106193
0.0111264
0.0115554
0.0117766
0.0116704
0.0113289
0.0110293
0.0109679
0.0111307
0.0112558
0.0110652
0.0107274
0.0106702
0.0110119
0.0114725
0.0115905
0.0113419
0.0113545
0.0118737
0.012326
0.0122477
0.0119905
0.0122604
0.0129047
0.0130971
0.0129066
0.0130533
0.0135057
0.0137823
0.0138559
0.0140248
0.0143805
0.014721
0.014921
0.0150992
0.0153858
0.0157281
0.0160484
0.0163318
0.0165892
0.0168625
0.0172285
0.0176196
0.0179037
0.0181475
0.0185217
0.0189752
0.0193104
0.0195642
0.0199492
0.0204331
0.0208041
0.0211219
0.0215439
0.0220049
0.022388
0.0227919
0.0232483
0.0237087
0.0241338
0.0245937
0.0250702
0.0255561
0.0260477
0.0265493
0.027047
0.0275666
0.0281051
0.0286307
0.029181
0.029736
0.0303204
0.0308787
0.0314822
0.0320862
0.0327038
0.0333332
0.0339784
0.0346512
0.035315
0.0360068
0.0367084
0.0374231
0.0381764
0.0389098
0.0396822
0.0404474
0.0412482
0.0420588
0.0428701
0.0437122
0.0445493
0.0453985
0.0461532
0.0469211
0.0474243
0.00774383
0.00845626
0.00930776
0.010063
0.0106573
0.0111489
0.0115475
0.0117654
0.0117083
0.0114217
0.0111236
0.011015
0.0111115
0.0112433
0.011157
0.0108724
0.0107482
0.0109799
0.0114063
0.0116461
0.0115055
0.0114235
0.0118045
0.0122948
0.0123805
0.0121398
0.0122195
0.0128315
0.0132009
0.0130211
0.013048
0.0135003
0.0138267
0.0139056
0.0140534
0.0143796
0.014734
0.0149703
0.0151308
0.0153869
0.015741
0.0160719
0.016348
0.0166061
0.0168777
0.0172348
0.017628
0.0179216
0.0181607
0.0185219
0.0189802
0.0193284
0.0195753
0.0199474
0.0204381
0.0208173
0.0211276
0.0215444
0.0220105
0.0223951
0.0227952
0.0232522
0.0237156
0.0241391
0.0245974
0.0250739
0.0255598
0.0260514
0.026553
0.02705
0.0275693
0.0281087
0.0286342
0.0291841
0.0297401
0.030325
0.030882
0.0314868
0.0320911
0.0327085
0.033338
0.0339837
0.034656
0.0353198
0.0360113
0.0367124
0.0374281
0.0381809
0.0389139
0.0396856
0.0404524
0.0412532
0.0420643
0.0428765
0.0437202
0.0445597
0.04541
0.0461674
0.0469369
0.047441
0.00772058
0.00841658
0.00926657
0.010054
0.0106834
0.0111738
0.0115494
0.0117596
0.0117344
0.0114976
0.0112091
0.0110647
0.0111088
0.0112227
0.0112108
0.0110022
0.0108465
0.0109836
0.0113439
0.0116503
0.0116402
0.0115316
0.011776
0.0122393
0.0124514
0.0123059
0.0122503
0.0127306
0.0132456
0.0131701
0.0130707
0.0134707
0.0138662
0.0139613
0.0140853
0.014386
0.0147367
0.015012
0.0151772
0.0153903
0.0157426
0.0160981
0.016369
0.0166194
0.0168929
0.017244
0.0176365
0.0179392
0.0181755
0.0185229
0.0189839
0.0193466
0.0195884
0.0199451
0.0204418
0.0208313
0.0211344
0.0215444
0.022016
0.0224033
0.0227991
0.0232557
0.0237223
0.0241446
0.0246011
0.0250777
0.0255635
0.0260552
0.026557
0.0270532
0.027572
0.0281126
0.028638
0.0291874
0.0297441
0.0303296
0.0308853
0.0314916
0.0320962
0.0327134
0.0333429
0.0339889
0.034661
0.0353248
0.0360163
0.0367164
0.0374333
0.0381851
0.0389179
0.0396891
0.0404575
0.0412586
0.0420699
0.0428833
0.0437284
0.0445703
0.0454219
0.0461817
0.0469528
0.0474578
0.00771125
0.00839984
0.00924143
0.0100393
0.0106961
0.0111962
0.0115565
0.0117581
0.0117531
0.0115583
0.0112875
0.0111144
0.0111155
0.0112042
0.0112345
0.0111063
0.0109533
0.0110169
0.011303
0.0116232
0.0117299
0.0116559
0.0117924
0.012188
0.0124712
0.012448
0.0123471
0.01265
0.0132164
0.0133156
0.0131453
0.0134297
0.0138849
0.0140249
0.0141201
0.0143986
0.0147372
0.0150392
0.0152338
0.0154085
0.0157327
0.0161186
0.0163995
0.0166327
0.0169038
0.017255
0.017646
0.0179566
0.0181912
0.0185239
0.0189864
0.0193653
0.0196036
0.0199427
0.0204441
0.0208463
0.0211424
0.0215437
0.0220209
0.0224123
0.0228036
0.0232588
0.0237287
0.0241504
0.0246051
0.0250817
0.0255676
0.0260592
0.0265613
0.0270566
0.0275744
0.0281166
0.0286419
0.0291909
0.0297484
0.0303345
0.0308885
0.0314963
0.0321013
0.0327184
0.0333481
0.0339942
0.0346662
0.0353298
0.0360214
0.0367206
0.0374391
0.0381898
0.038922
0.0396929
0.0404624
0.0412642
0.0420753
0.0428905
0.043737
0.0445808
0.045434
0.0461961
0.0469688
0.0474745
0.00770719
0.00839836
0.00923533
0.0100309
0.0106989
0.0112112
0.0115647
0.0117587
0.0117661
0.0116047
0.0113584
0.0111659
0.0111264
0.0111895
0.0112387
0.0111789
0.0110566
0.011071
0.0112883
0.0115871
0.0117738
0.0117722
0.0118449
0.0121584
0.0124636
0.0125436
0.0124745
0.0126273
0.0131399
0.0134149
0.0132691
0.0134058
0.0138722
0.014089
0.0141629
0.0144134
0.0147409
0.0150509
0.0152869
0.0154478
0.0157209
0.0161233
0.0164375
0.0166545
0.016909
0.0172638
0.0176579
0.0179746
0.0182076
0.0185247
0.0189873
0.0193845
0.0196212
0.0199404
0.0204448
0.0208621
0.0211522
0.0215423
0.0220249
0.0224223
0.022809
0.0232617
0.023735
0.0241563
0.024609
0.0250859
0.0255717
0.0260631
0.0265658
0.0270603
0.0275767
0.028121
0.0286463
0.0291945
0.0297526
0.0303393
0.030892
0.0315012
0.0321066
0.0327231
0.0333534
0.0339994
0.0346718
0.0353347
0.0360266
0.0367246
0.0374446
0.0381946
0.0389261
0.0396974
0.0404677
0.0412703
0.042081
0.0428979
0.0437459
0.0445913
0.0454463
0.0462105
0.0469847
0.0474912
0.00770473
0.00840507
0.00924328
0.0100349
0.0107004
0.0112183
0.0115704
0.0117592
0.0117743
0.011638
0.0114179
0.0112173
0.01114
0.0111756
0.0112315
0.0112216
0.0111444
0.0111368
0.0112966
0.0115588
0.0117846
0.011862
0.0119182
0.0121548
0.0124492
0.0125964
0.0125949
0.0126667
0.0130599
0.0134453
0.0134091
0.0134251
0.0138359
0.0141383
0.0142184
0.0144306
0.0147494
0.0150558
0.0153255
0.0155023
0.0157216
0.016109
0.0164705
0.0166925
0.0169152
0.0172656
0.0176716
0.0179961
0.0182254
0.0185249
0.0189857
0.0194036
0.0196414
0.0199377
0.0204427
0.0208785
0.0211645
0.0215406
0.0220279
0.0224332
0.0228151
0.0232642
0.0237412
0.0241623
0.0246129
0.0250905
0.0255761
0.0260671
0.0265706
0.0270642
0.0275786
0.0281253
0.0286509
0.0291985
0.0297571
0.0303443
0.0308955
0.0315057
0.0321124
0.0327283
0.0333591
0.0340046
0.0346775
0.0353396
0.0360319
0.036729
0.0374504
0.0381996
0.0389297
0.039702
0.0404727
0.0412764
0.042087
0.0429056
0.0437553
0.0446019
0.0454589
0.0462252
0.0470007
0.0475078
0.00770221
0.00841514
0.00925902
0.0100499
0.010708
0.0112209
0.0115709
0.0117566
0.011779
0.0116592
0.0114618
0.0112637
0.0111567
0.0111625
0.0112168
0.0112414
0.0112095
0.0112036
0.0113215
0.0115455
0.0117792
0.0119195
0.0119965
0.0121754
0.0124412
0.0126244
0.0126868
0.0127436
0.0130154
0.0134212
0.0135271
0.0134937
0.0137999
0.0141603
0.0142815
0.014455
0.0147597
0.0150619
0.0153489
0.0155585
0.0157446
0.0160866
0.0164832
0.0167411
0.0169323
0.0172569
0.0176798
0.0180228
0.018247
0.018525
0.0189815
0.0194228
0.0196662
0.0199364
0.0204374
0.0208946
0.0211793
0.0215386
0.022029
0.0224446
0.0228222
0.0232664
0.0237472
0.0241688
0.0246165
0.0250952
0.0255807
0.0260711
0.0265758
0.0270685
0.0275805
0.0281299
0.0286557
0.0292023
0.0297616
0.0303492
0.0308995
0.03151
0.0321181
0.0327332
0.033365
0.03401
0.0346838
0.0353449
0.0360372
0.0367338
0.0374562
0.038205
0.0389336
0.0397073
0.040478
0.0412825
0.0420931
0.042913
0.0437648
0.0446124
0.0454713
0.0462399
0.0470165
0.0475244
0.00770039
0.0084263
0.00927859
0.0100716
0.0107232
0.0112231
0.0115653
0.0117464
0.0117749
0.0116696
0.0114896
0.0113004
0.011175
0.0111531
0.0111974
0.0112452
0.0112533
0.0112642
0.0113585
0.011548
0.0117731
0.0119507
0.012065
0.0122136
0.0124433
0.012642
0.0127477
0.012826
0.0130171
0.0133748
0.0135964
0.0135907
0.0137871
0.0141568
0.01434
0.0144904
0.0147703
0.0150699
0.0153632
0.0156043
0.0157862
0.0160745
0.0164735
0.0167867
0.0169707
0.0172469
0.017674
0.0180511
0.0182752
0.0185246
0.0189715
0.0194394
0.0196955
0.0199374
0.0204282
0.0209098
0.0211981
0.0215382
0.0220287
0.0224565
0.0228305
0.0232682
0.0237529
0.0241759
0.0246201
0.0250999
0.0255855
0.026075
0.0265809
0.0270729
0.0275821
0.0281346
0.0286612
0.0292066
0.0297665
0.030354
0.0309038
0.0315133
0.0321242
0.0327382
0.0333708
0.0340151
0.0346896
0.0353499
0.0360422
0.0367389
0.0374618
0.0382104
0.0389372
0.0397128
0.0404837
0.0412888
0.0421
0.042921
0.0437748
0.044623
0.0454838
0.0462547
0.0470321
0.0475403
0.0077015
0.00843958
0.00930072
0.0100961
0.0107433
0.0112279
0.0115557
0.0117286
0.0117598
0.0116667
0.0115007
0.0113224
0.0111883
0.0111446
0.0111743
0.0112347
0.011278
0.0113124
0.0113995
0.0115619
0.0117722
0.0119662
0.0121145
0.0122588
0.0124549
0.0126559
0.0127885
0.0128936
0.0130512
0.0133378
0.0136175
0.0136873
0.0138079
0.0141419
0.0143843
0.0145352
0.0147857
0.0150796
0.0153752
0.0156377
0.0158331
0.0160827
0.016453
0.016812
0.0170252
0.0172512
0.0176535
0.0180732
0.0183154
0.0185302
0.0189553
0.0194509
0.0197299
0.0199423
0.0204136
0.0209209
0.0212194
0.0215392
0.0220261
0.022468
0.0228401
0.0232698
0.0237581
0.0241838
0.0246241
0.0251046
0.0255906
0.0260792
0.0265867
0.0270775
0.0275838
0.0281392
0.0286667
0.0292106
0.0297713
0.0303588
0.0309088
0.031517
0.0321309
0.0327438
0.0333771
0.0340209
0.0346959
0.0353553
0.0360472
0.0367445
0.0374674
0.038216
0.038941
0.0397183
0.0404892
0.0412944
0.0421067
0.0429287
0.0437847
0.0446337
0.0454963
0.0462698
0.0470479
0.0475567
0.00770811
0.00845541
0.00932456
0.0101204
0.0107622
0.0112313
0.0115393
0.0117
0.0117308
0.0116497
0.011494
0.0113253
0.0111902
0.0111326
0.0111498
0.0112142
0.0112866
0.011347
0.0114381
0.0115839
0.0117784
0.0119768
0.0121464
0.012301
0.0124757
0.0126694
0.0128205
0.0129437
0.0130967
0.0133263
0.0136098
0.0137597
0.0138547
0.0141305
0.01441
0.0145811
0.014807
0.0150903
0.0153851
0.0156622
0.0158762
0.0161083
0.0164402
0.0168135
0.0170776
0.0172797
0.0176272
0.0180759
0.0183628
0.0185488
0.0189337
0.0194543
0.0197704
0.0199562
0.0203962
0.0209275
0.0212442
0.0215434
0.0220215
0.0224781
0.0228505
0.0232706
0.0237621
0.0241919
0.024628
0.0251086
0.0255952
0.0260829
0.0265924
0.0270821
0.0275855
0.028144
0.0286728
0.029215
0.0297763
0.0303636
0.0309148
0.0315167
0.0321378
0.0327492
0.0333829
0.0340265
0.0347018
0.0353608
0.0360522
0.0367504
0.0374727
0.0382213
0.0389451
0.0397242
0.0404955
0.0413003
0.042114
0.0429366
0.0437942
0.044644
0.0455081
0.0462842
0.0470628
0.0475717
0.00773086
0.00847751
0.00935104
0.0101466
0.0107819
0.0112351
0.0115163
0.011652
0.0116719
0.0116004
0.0114598
0.0113063
0.0111752
0.0111114
0.0111231
0.0111899
0.0112839
0.0113716
0.011474
0.0116139
0.0117937
0.0119893
0.0121678
0.0123338
0.0125014
0.0126831
0.0128467
0.0129816
0.0131376
0.0133365
0.013595
0.0138012
0.0139135
0.0141352
0.0144236
0.0146232
0.0148342
0.0151044
0.0153928
0.0156782
0.0159111
0.0161386
0.0164416
0.016803
0.0171114
0.0173287
0.0176138
0.0180556
0.0184058
0.0185857
0.0189101
0.0194421
0.0198111
0.0199797
0.0203767
0.0209269
0.0212719
0.0215535
0.0220167
0.0224881
0.0228635
0.0232724
0.0237663
0.0242015
0.0246336
0.0251134
0.0256002
0.026087
0.026599
0.0270868
0.0275871
0.0281486
0.0286788
0.0292194
0.0297812
0.0303688
0.0309231
0.031553
0.0321467
0.0327558
0.0333894
0.0340329
0.0347078
0.0353663
0.0360573
0.036757
0.0374785
0.0382268
0.0389496
0.03973
0.0405016
0.0413059
0.0421218
0.0429452
0.0438044
0.0446553
0.0455207
0.0462993
0.0470785
0.0475877
0.00777441
0.00850687
0.00937462
0.0101662
0.010796
0.0112387
0.0114989
0.0116088
0.0116065
0.0115256
0.0113899
0.0112358
0.0111301
0.0110732
0.0110864
0.0111575
0.0112669
0.011382
0.0115014
0.0116431
0.0118117
0.0119999
0.0121801
0.0123528
0.012523
0.0126952
0.0128662
0.0130121
0.0131693
0.013356
0.0135858
0.0138168
0.0139676
0.0141566
0.0144312
0.0146575
0.0148639
0.0151225
0.0154018
0.0156884
0.015942
0.0161703
0.016453
0.0167936
0.0171209
0.0173779
0.0176242
0.0180205
0.0184291
0.0186423
0.0188963
0.0194132
0.0198483
0.020015
0.0203559
0.0209138
0.0212971
0.0215668
0.022008
0.0224932
0.0228757
0.0232721
0.0237676
0.02421
0.0246386
0.025117
0.0256038
0.0260899
0.0266055
0.0270919
0.0275889
0.028153
0.0286852
0.0292241
0.0297857
0.0303736
0.0309301
0.0315484
0.0321521
0.0327616
0.033395
0.0340388
0.0347133
0.0353714
0.0360622
0.036763
0.0374833
0.0382312
0.0389542
0.0397356
0.0405076
0.0413109
0.0421287
0.0429528
0.0438129
0.0446652
0.0455318
0.0463128
0.0470926
0.0476017
0.00785296
0.00855045
0.00938779
0.0101521
0.0107543
0.0111729
0.0114155
0.011514
0.0115092
0.0114395
0.0113219
0.0111933
0.0110805
0.0110314
0.0110554
0.0111367
0.0112588
0.0113966
0.0115347
0.0116817
0.0118423
0.0120189
0.0121952
0.0123683
0.0125434
0.0127126
0.0128857
0.0130417
0.0131991
0.0133814
0.013591
0.0138229
0.0140124
0.0141946
0.0144435
0.0146866
0.0148963
0.015144
0.0154153
0.0156954
0.0159688
0.0162059
0.0164721
0.0167975
0.0171225
0.0174161
0.0176631
0.0179933
0.0184242
0.0187092
0.0189065
0.0193703
0.0198764
0.0200696
0.0203455
0.0208939
0.021325
0.0215917
0.0220035
0.0224987
0.0228918
0.0232747
0.0237695
0.0242204
0.0246468
0.0251225
0.0256081
0.026093
0.0266124
0.0270976
0.0275908
0.0281568
0.0286916
0.0292296
0.02979
0.0303785
0.0309364
0.0315532
0.0321582
0.0327691
0.0334019
0.0340454
0.0347191
0.035377
0.0360682
0.0367705
0.0374894
0.0382364
0.0389599
0.0397418
0.0405142
0.0413171
0.0421372
0.0429624
0.043823
0.0446764
0.0455442
0.0463274
0.0471078
0.047617
0.00801651
0.00867515
0.0094676
0.0101785
0.0107191
0.0110771
0.0112629
0.0113158
0.0112763
0.0111977
0.0111167
0.0110437
0.0109798
0.0109611
0.0110085
0.0111106
0.0112478
0.0114016
0.0115533
0.0117043
0.0118587
0.0120238
0.0121935
0.0123639
0.0125424
0.0127151
0.0128906
0.013056
0.0132173
0.0133976
0.0135964
0.0138195
0.0140345
0.0142297
0.0144564
0.0147036
0.0149234
0.0151609
0.0154271
0.0156981
0.0159808
0.0162366
0.0164878
0.0168008
0.0171198
0.0174264
0.0177057
0.0179875
0.0183892
0.0187592
0.0189448
0.0193173
0.0198733
0.0201306
0.0203423
0.0208557
0.0213409
0.0216191
0.0219968
0.0224973
0.0229058
0.0232761
0.0237676
0.0242281
0.0246545
0.0251268
0.0256105
0.0260946
0.0266184
0.0271042
0.0275936
0.0281599
0.0286974
0.0292352
0.0297932
0.030383
0.0309437
0.0315555
0.0321617
0.0327755
0.0334082
0.0340514
0.0347242
0.0353817
0.0360736
0.0367763
0.0374935
0.03824
0.0389649
0.0397472
0.0405191
0.0413215
0.0421434
0.0429698
0.0438307
0.0446859
0.0455552
0.0463401
0.0471212
0.0476302
0.00818541
0.00879629
0.00954269
0.0102064
0.0106956
0.0110028
0.0111425
0.0111622
0.0111106
0.01102
0.0109311
0.0108721
0.0108669
0.0109084
0.0109914
0.0111067
0.0112482
0.0114077
0.011565
0.0117189
0.0118709
0.0120291
0.0121942
0.0123624
0.0125421
0.0127205
0.0129001
0.013074
0.0132427
0.0134224
0.0136148
0.0138286
0.0140523
0.0142637
0.0144813
0.0147219
0.0149521
0.015183
0.0154431
0.0157119
0.0159914
0.0162693
0.0165165
0.0168101
0.0171306
0.0174295
0.0177381
0.0180163
0.0183553
0.018779
0.019014
0.0192897
0.0198431
0.0201978
0.0203708
0.0208157
0.0213481
0.0216561
0.0219972
0.0224939
0.0229213
0.0232812
0.0237648
0.0242354
0.0246649
0.0251338
0.0256142
0.0260962
0.0266232
0.0271112
0.0275972
0.0281619
0.0287032
0.0292424
0.029797
0.0303872
0.0309507
0.0315596
0.0321654
0.0327824
0.0334151
0.0340573
0.034729
0.0353867
0.0360804
0.0367839
0.037499
0.0382446
0.0389711
0.0397535
0.0405253
0.0413279
0.0421518
0.0429791
0.0438396
0.0446958
0.0455665
0.0463532
0.0471348
0.0476439
0.00839269
0.0087921
0.00930834
0.00977362
0.010127
0.0103689
0.010528
0.0106172
0.0106676
0.0107116
0.0107425
0.0107396
0.0107932
0.0108956
0.0110116
0.0111331
0.0112655
0.0114158
0.0115689
0.0117222
0.0118725
0.0120256
0.0121869
0.0123524
0.0125318
0.0127155
0.0129002
0.0130816
0.0132594
0.0134405
0.0136301
0.0138386
0.0140627
0.0142839
0.0145049
0.0147379
0.0149715
0.0152026
0.0154521
0.0157237
0.0159956
0.0162834
0.0165437
0.0168151
0.0171389
0.0174336
0.0177444
0.0180538
0.0183429
0.0187602
0.0190759
0.0192934
0.0197857
0.0202368
0.0204206
0.0207781
0.0213351
0.0216936
0.0220056
0.0224871
0.022936
0.0232911
0.0237613
0.0242399
0.0246752
0.0251407
0.0256177
0.0260967
0.0266259
0.0271195
0.0276028
0.0281627
0.0287073
0.029249
0.0297994
0.0303908
0.0309584
0.0315639
0.0321691
0.03279
0.0334233
0.0340642
0.0347346
0.0353916
0.0360869
0.0367903
0.0375029
0.0382484
0.0389768
0.0397591
0.0405295
0.0413322
0.042158
0.0429867
0.0438475
0.0447053
0.0455777
0.0463654
0.0471476
0.0476567
0.0100173
0.0098705
0.00963672
0.00945883
0.00937979
0.00940824
0.00953116
0.00972049
0.00993118
0.0101389
0.0103779
0.0106429
0.0108436
0.0109633
0.0110542
0.0111593
0.011275
0.0114033
0.0115405
0.0116896
0.0118445
0.0120001
0.012165
0.0123324
0.0125136
0.012703
0.0128932
0.0130822
0.0132679
0.0134534
0.0136433
0.0138492
0.0140713
0.014296
0.0145237
0.0147539
0.0149858
0.015222
0.0154638
0.0157363
0.0160077
0.016292
0.0165704
0.0168283
0.0171411
0.0174427
0.0177388
0.0180764
0.0183582
0.0187291
0.0191113
0.0193324
0.0197326
0.0202435
0.0204856
0.0207602
0.0213041
0.0217212
0.0220201
0.022474
0.0229419
0.0233019
0.023755
0.024239
0.0246848
0.0251481
0.0256234
0.0260977
0.0266248
0.027128
0.0276107
0.0281621
0.0287112
0.0292577
0.0298029
0.0303952
0.0309638
0.0315666
0.0321709
0.0327956
0.0334286
0.034068
0.0347377
0.0353955
0.0360929
0.0367965
0.0375065
0.0382516
0.0389822
0.0397643
0.0405341
0.0413377
0.0421651
0.0429942
0.0438544
0.0447129
0.0455869
0.046376
0.0471586
0.0476679
0.00991962
0.00953403
0.00908087
0.00874912
0.00860783
0.00865855
0.00886601
0.00918863
0.0095933
0.010006
0.0103409
0.010598
0.0107787
0.0109339
0.0110684
0.0111911
0.0113075
0.0114283
0.0115622
0.0117059
0.0118591
0.0120124
0.0121744
0.0123399
0.0125156
0.0127039
0.0128926
0.0130851
0.0132743
0.0134647
0.0136601
0.0138652
0.0140869
0.0143121
0.0145444
0.0147732
0.0150013
0.0152423
0.0154801
0.0157478
0.0160222
0.0162994
0.0165892
0.0168511
0.0171432
0.0174573
0.017745
0.0180863
0.0183945
0.0187148
0.0191158
0.0193887
0.0197049
0.0202167
0.0205494
0.0207759
0.0212701
0.0217409
0.0220516
0.0224707
0.0229493
0.0233227
0.0237558
0.0242377
0.0246942
0.0251563
0.0256312
0.0260997
0.0266205
0.0271358
0.0276222
0.0281605
0.0287124
0.0292654
0.029805
0.0303983
0.030974
0.0315717
0.0321761
0.0328065
0.0334393
0.0340753
0.0347444
0.0354025
0.0361009
0.0368034
0.037511
0.0382565
0.0389887
0.0397702
0.040538
0.0413424
0.0421714
0.0430016
0.0438623
0.0447221
0.045598
0.0463875
0.0471704
0.0476802
0.0106105
0.0102782
0.00978367
0.00933428
0.00904013
0.0089192
0.00894929
0.00909026
0.00930201
0.00957086
0.00986746
0.0101706
0.0104495
0.0106929
0.0109056
0.0110859
0.0112447
0.0113935
0.0115465
0.0116995
0.0118548
0.0120106
0.0121685
0.0123337
0.0125026
0.012686
0.0128716
0.013063
0.0132556
0.0134511
0.0136598
0.0138685
0.0140924
0.0143193
0.0145502
0.0147797
0.0150054
0.015252
0.0154923
0.0157536
0.0160312
0.0163037
0.0165941
0.0168672
0.0171408
0.0174563
0.01775
0.0180762
0.0184155
0.0187164
0.0190915
0.019429
0.0197093
0.0201649
0.0205829
0.0208143
0.0212298
0.0217315
0.0220768
0.0224597
0.0229422
0.0233376
0.0237532
0.0242312
0.0246979
0.0251621
0.0256423
0.0261025
0.0266123
0.0271417
0.0276347
0.0281595
0.0287131
0.0292734
0.029809
0.0303997
0.0309797
0.0315718
0.0321751
0.0328117
0.0334435
0.0340759
0.0347448
0.035406
0.0361059
0.0368071
0.0375127
0.0382589
0.0389931
0.0397738
0.0405411
0.0413466
0.0421769
0.0430069
0.0438671
0.0447275
0.0456048
0.0463954
0.0471785
0.0476886
0.00869768
0.0089011
0.00922105
0.00950663
0.00969428
0.00978384
0.0098177
0.00983293
0.00982885
0.0098065
0.009878
0.0100459
0.0102786
0.0105341
0.0107888
0.0110262
0.0112409
0.0114306
0.0116
0.0117569
0.0119064
0.0120576
0.0122086
0.0123664
0.0125272
0.0126959
0.0128748
0.0130579
0.0132509
0.0134503
0.0136681
0.0138863
0.0141101
0.0143403
0.0145632
0.0147916
0.0150185
0.0152651
0.0155129
0.0157657
0.0160438
0.016316
0.0165992
0.0168855
0.0171511
0.0174592
0.0177658
0.0180779
0.018428
0.0187395
0.0190755
0.0194436
0.0197467
0.0201281
0.0205804
0.0208786
0.0212182
0.0217117
0.0221157
0.022464
0.022938
0.0233627
0.0237574
0.0242285
0.0247027
0.025164
0.0256566
0.0261086
0.0266008
0.0271473
0.0276493
0.0281576
0.0287126
0.0292796
0.0298106
0.0304065
0.030991
0.0315775
0.0321806
0.0328246
0.0334569
0.0340841
0.0347516
0.0354142
0.0361154
0.0368139
0.0375169
0.0382638
0.0389992
0.0397789
0.0405438
0.0413505
0.0421822
0.0430132
0.0438741
0.0447352
0.0456144
0.0464053
0.0471885
0.0476995
0.010705
0.0103112
0.00976543
0.00925689
0.00885644
0.00859336
0.00848329
0.00852763
0.00875155
0.00912694
0.00951536
0.00986823
0.0101959
0.0105022
0.0107745
0.0110118
0.0112177
0.011401
0.0115683
0.0117256
0.0118782
0.0120312
0.0121878
0.0123471
0.0125114
0.0126771
0.0128547
0.013038
0.013231
0.0134386
0.013659
0.0138882
0.0141143
0.0143453
0.014565
0.014787
0.0150223
0.0152656
0.015521
0.0157733
0.0160462
0.0163248
0.0165977
0.0168905
0.0171573
0.0174543
0.0177704
0.0180788
0.0184257
0.0187532
0.0190731
0.0194336
0.0197745
0.0201223
0.0205465
0.0209161
0.0212302
0.0216734
0.0221338
0.0224713
0.0229189
0.0233793
0.0237612
0.0242207
0.0247084
0.0251609
0.0256654
0.0261209
0.0265885
0.0271463
0.0276645
0.0281561
0.0287105
0.0292867
0.0298069
0.0304072
0.0309977
0.0315773
0.0321771
0.0328272
0.0334605
0.0340843
0.0347504
0.0354153
0.0361188
0.0368166
0.0375175
0.0382646
0.039002
0.0397816
0.0405456
0.0413527
0.0421853
0.0430163
0.0438767
0.0447381
0.0456184
0.0464101
0.0471938
0.0477046
0.010268
0.00968086
0.00899218
0.00841963
0.00805805
0.00793733
0.00802551
0.00829474
0.00867335
0.00909178
0.00950131
0.00989102
0.0102544
0.0105771
0.0108487
0.0110753
0.0112681
0.0114366
0.0115931
0.011743
0.0118931
0.0120434
0.0121979
0.0123543
0.0125155
0.0126796
0.0128525
0.0130354
0.0132266
0.0134369
0.0136582
0.0138894
0.0141196
0.0143481
0.0145687
0.014786
0.0150242
0.015268
0.0155219
0.0157787
0.0160463
0.0163289
0.0166002
0.0168911
0.0171637
0.0174546
0.0177724
0.0180819
0.0184222
0.018754
0.0190738
0.0194244
0.0197779
0.020133
0.0205326
0.0209218
0.0212553
0.0216637
0.0221367
0.0224899
0.0229141
0.0233868
0.023772
0.0242165
0.0247139
0.025163
0.0256663
0.026134
0.0265876
0.0271402
0.027674
0.0281603
0.0287072
0.0292939
0.0298159
0.0304111
0.0310082
0.0315882
0.0321847
0.0328378
0.0334738
0.0340952
0.0347596
0.0354231
0.0361269
0.0368237
0.0375229
0.038269
0.0390059
0.0397858
0.040548
0.0413555
0.0421885
0.0430207
0.0438822
0.0447439
0.0456251
0.0464172
0.0472018
0.0477149
)
;

boundaryField
{
    ZeroGradientPlanes
    {
        type            zeroGradient;
    }
    inlet
    {
        type            zeroGradient;
    }
    plate
    {
        type            zeroGradient;
    }
    frontAndBack
    {
        type            empty;
    }
}


// ************************************************************************* //
