/*--------------------------------*- C++ -*----------------------------------*\
| =========                 |                                                 |
| \\      /  F ield         | OpenFOAM: The Open Source CFD Toolbox           |
|  \\    /   O peration     | Version:  2506                                  |
|   \\  /    A nd           | Website:  www.openfoam.com                      |
|    \\/     M anipulation  |                                                 |
\*---------------------------------------------------------------------------*/
FoamFile
{
    version     2.0;
    format      ascii;
    arch        "LSB;label=32;scalar=64";
    class       volScalarField;
    location    "5.75";
    object      p;
}
// * * * * * * * * * * * * * * * * * * * * * * * * * * * * * * * * * * * * * //

dimensions      [0 2 -2 0 0 0 0];

internalField   nonuniform List<scalar> 
9600
(
-4.86042e-11
0.00658621
0.00752289
0.00216387
9.04643e-05
0.00682904
0.00656096
0.00695338
0.00798384
0.010543
0.0101844
0.0101244
0.00837533
0.010719
0.00984381
0.00915479
0.00836182
0.00805496
0.00771594
0.0079569
2.00728e-06
0.00659971
0.00749838
0.00207477
0.00010439
0.00685725
0.00653149
0.00694792
0.00798123
0.0104988
0.0101819
0.010116
0.0083941
0.0106984
0.00984852
0.00914092
0.00837714
0.0080528
0.00772882
0.00794433
6.40778e-06
0.00661163
0.00745389
0.002023
0.000124359
0.00687605
0.0065022
0.00694227
0.00797692
0.010482
0.010184
0.0101021
0.00841468
0.0106569
0.00986546
0.00911339
0.00841384
0.00803939
0.00774723
0.00792905
1.52787e-05
0.00661515
0.00740406
0.00199482
0.000161578
0.00688007
0.00647589
0.00693819
0.00797063
0.0104752
0.0101907
0.0100799
0.00843625
0.0106039
0.00988661
0.00907952
0.0084521
0.00802108
0.0077602
0.00789489
3.2701e-05
0.00660846
0.00735014
0.00200191
0.000223513
0.0068623
0.00646005
0.00693468
0.00796111
0.0104764
0.0102002
0.0100497
0.00846217
0.0105416
0.00990664
0.00904152
0.00848587
0.00800709
0.0077587
0.00785239
6.2217e-05
0.00658672
0.00729328
0.00205003
0.000315462
0.00682382
0.00646187
0.00693113
0.00794895
0.0104826
0.0102107
0.0100139
0.00849125
0.0104708
0.00992524
0.00900164
0.00851776
0.00799802
0.00774012
0.00781924
0.000104843
0.00654796
0.0072384
0.00213646
0.000433963
0.00677085
0.0064861
0.00692815
0.00793603
0.0104909
0.0102216
0.00997457
0.00852116
0.010396
0.0099444
0.00896269
0.00854684
0.0079907
0.00771002
0.0078001
0.000159186
0.00649587
0.00719049
0.00225202
0.000570722
0.0067114
0.00653184
0.006926
0.00792357
0.0104988
0.0102324
0.00993269
0.00855156
0.0103215
0.00996517
0.00892559
0.00856901
0.00798657
0.00767255
0.00778618
0.000222486
0.00643722
0.00715205
0.00238625
0.000716252
0.00665149
0.00662357
0.00692428
0.00791144
0.0105043
0.0102427
0.00988855
0.00858315
0.0102498
0.00998723
0.00889024
0.0085827
0.0079885
0.00762687
0.00776905
0.000291936
0.00637902
0.00712293
0.00253064
0.000862862
0.00659405
0.00669222
0.00692283
0.00789863
0.0105061
0.0102518
0.0098421
0.00861608
0.0101825
0.0100099
0.00885771
0.00858852
0.00799693
0.00757211
0.00774567
0.000365459
0.00632638
0.00710155
0.0026795
0.00100558
0.00654018
0.00676437
0.00692207
0.00788474
0.0105039
0.0102595
0.00979328
0.00864992
0.0101207
0.0100326
0.0088301
0.00858712
0.00801077
0.00751077
0.00771584
0.000441847
0.00628133
0.00708592
0.00282944
0.00114219
0.00648979
0.00683885
0.00692294
0.00787051
0.0104981
0.0102651
0.00974224
0.00868378
0.0100649
0.0100545
0.00880935
0.00857912
0.00802872
0.00744751
0.00767955
0.000520591
0.00624341
0.00707407
0.00297844
0.00127288
0.0064421
0.00691529
0.00692662
0.00785732
0.0104896
0.0102689
0.00968927
0.00871684
0.0100154
0.0100743
0.00879655
0.00856532
0.00804935
0.00738709
0.00763698
0.00060157
0.00621079
0.00706432
0.00312531
0.00139932
0.00639641
0.00699324
0.00693352
0.00784631
0.0104791
0.0102713
0.00963484
0.00874785
0.00997196
0.010091
0.00879172
0.00854653
0.008071
0.00733333
0.00758873
0.000684794
0.0061816
0.00705557
0.00326947
0.00152362
0.00635235
0.00707188
0.00694338
0.00783804
0.0104673
0.0102728
0.00957969
0.00877536
0.00993379
0.0101039
0.00879389
0.00852318
0.00809187
0.00728879
0.00753574
0.000770303
0.00615454
0.00704741
0.00341074
0.00164758
0.0063099
0.0071504
0.00695573
0.00783253
0.0104547
0.0102738
0.00952453
0.00879897
0.00990023
0.0101131
0.00880148
0.00849524
0.00811007
0.00725506
0.00747913
0.000858186
0.00612895
0.00703983
0.00354909
0.00177252
0.00626938
0.00722813
0.00697023
0.00782945
0.0104415
0.0102744
0.00946987
0.00881856
0.00987088
0.0101191
0.00881291
0.00846263
0.00812381
0.00723316
0.00742029
0.000948563
0.00610451
0.00703306
0.00368461
0.00189936
0.00623127
0.00730467
0.00698686
0.00782841
0.010428
0.0102746
0.00941609
0.00883421
0.00984538
0.0101225
0.00882722
0.00842583
0.00813161
0.00722322
0.007361
0.00104156
0.00608109
0.00702754
0.00381743
0.00202871
0.00619612
0.00737965
0.00700573
0.00782897
0.0104145
0.0102744
0.00936347
0.00884623
0.0098232
0.0101235
0.00884395
0.00838595
0.00813249
0.00722444
0.00730367
0.00113729
0.00605866
0.00702366
0.00394755
0.00216108
0.00616445
0.00745272
0.00702707
0.00783075
0.0104012
0.0102739
0.00931224
0.00885499
0.00980382
0.0101225
0.00886273
0.00834429
0.00812624
0.00723573
0.00725111
0.00123592
0.00603719
0.00702169
0.00407501
0.0022968
0.00613678
0.00752349
0.00705106
0.0078334
0.0103884
0.0102733
0.00926246
0.00886088
0.00978685
0.0101194
0.00888313
0.00830195
0.00811329
0.0072564
0.0072059
0.0013376
0.00601671
0.00702189
0.00419988
0.00243596
0.00611358
0.00759158
0.00707787
0.00783668
0.010376
0.010273
0.00921409
0.00886415
0.00977232
0.0101143
0.00890474
0.00826013
0.00809419
0.007286
0.00717003
0.00144245
0.00599727
0.0070245
0.00432213
0.0025784
0.00609534
0.00765668
0.00710766
0.00784044
0.0103639
0.0102734
0.00916711
0.00886481
0.00976029
0.0101072
0.00892706
0.00822005
0.00806926
0.00732394
0.00714574
0.0015506
0.00597895
0.0070297
0.00444179
0.00272374
0.00608249
0.00771854
0.00714059
0.00784463
0.0103519
0.0102749
0.00912171
0.00886274
0.00975075
0.0100984
0.00894964
0.00818266
0.00803851
0.00736955
0.00713684
0.00166218
0.00596182
0.00703762
0.00455893
0.00287152
0.00607539
0.007777
0.00717679
0.00784938
0.0103395
0.0102777
0.00907815
0.00885778
0.0097437
0.0100883
0.00897205
0.0081487
0.00800144
0.00742115
0.00714915
0.00177732
0.00594598
0.00704831
0.00467373
0.00302125
0.00607433
0.007832
0.00721641
0.00785497
0.0103266
0.0102821
0.00903659
0.0088498
0.00973914
0.0100774
0.00899377
0.00811963
0.00795805
0.00747389
0.00718696
0.00189614
0.00593158
0.00706181
0.00478641
0.00317237
0.0060796
0.00788367
0.00726044
0.00786162
0.0103133
0.0102884
0.00899716
0.00883891
0.00973717
0.0100656
0.00901378
0.00809755
0.00791101
0.00752034
0.00724765
0.00201877
0.00591881
0.00707808
0.00489724
0.00332437
0.00609132
0.00793223
0.00730663
0.00786938
0.0102993
0.0102966
0.00895987
0.00882533
0.00973829
0.0100537
0.00903057
0.0080834
0.00786575
0.00755541
0.00732109
0.00214532
0.00590793
0.00709702
0.00500661
0.00347694
0.00610955
0.00797801
0.00735436
0.00787813
0.0102845
0.0103071
0.00892471
0.00880857
0.00974323
0.0100433
0.00904279
0.00807534
0.0078274
0.0075813
0.00739521
0.00227582
0.00589923
0.00711852
0.00511489
0.00362979
0.00613413
0.00802159
0.00740462
0.00788784
0.0102687
0.0103204
0.00889176
0.00878736
0.00975222
0.0100372
0.00905064
0.00807007
0.00779737
0.00760533
0.00746358
0.00241031
0.00589311
0.00714248
0.00522243
0.00378284
0.00616465
0.00806331
0.00745793
0.00789866
0.0102515
0.0103372
0.00886139
0.00876039
0.00976437
0.0100378
0.00905592
0.00806601
0.00777315
0.00763202
0.00752906
0.00254878
0.00589002
0.00716866
0.0053295
0.00393623
0.00620059
0.00810326
0.00751484
0.00791072
0.0102324
0.0103578
0.00883491
0.00872657
0.00977813
0.0100466
0.00906011
0.00806404
0.00775342
0.00766012
0.00759769
0.00269119
0.00589037
0.00719688
0.00543643
0.0040902
0.00624141
0.00814163
0.00757595
0.0079237
0.0102099
0.0103826
0.0088142
0.00868478
0.00979156
0.0100658
0.00906381
0.00806417
0.0077415
0.00768748
0.00767069
0.00283753
0.00589454
0.00722693
0.0055435
0.0042452
0.00628693
0.00817819
0.00764166
0.00793786
0.010183
0.0104115
0.00880109
0.00863384
0.00980175
0.0100984
0.00906888
0.00806278
0.00774153
0.00771731
0.00774507
0.0029878
0.0059029
0.0072588
0.00565084
0.00440148
0.00633725
0.00821264
0.00771207
0.0079397
0.0101509
0.0104435
0.00879751
0.00857361
0.00980504
0.010146
0.00908001
0.00805513
0.00775263
0.00775792
0.00782025
0.00314196
0.00591576
0.00729285
0.00575837
0.0045588
0.00639238
0.00824487
0.00778727
0.00795978
0.010113
0.0104768
0.00880569
0.00850616
0.00979747
0.0102071
0.00910318
0.00803934
0.00776837
0.00781631
0.00790208
0.00330006
0.00593318
0.00732935
0.00586647
0.0047169
0.00645247
0.00827448
0.00786671
0.00798604
0.010069
0.0105089
0.00882779
0.0084352
0.00977569
0.0102783
0.00914384
0.00801752
0.00778087
0.00789324
0.00799905
0.00346222
0.00595497
0.00736872
0.00597582
0.00487532
0.006518
0.00830132
0.00794938
0.00801983
0.0100197
0.0105368
0.0088645
0.00836433
0.00973733
0.0103559
0.00920649
0.00799379
0.00778324
0.00798407
0.00811882
0.00362853
0.00598089
0.00741197
0.00608683
0.00503272
0.00658968
0.00832603
0.00803373
0.00806222
0.00996662
0.0105579
0.00891464
0.0082974
0.00968096
0.0104354
0.00929509
0.0079735
0.00776926
0.00808066
0.00826705
0.00379927
0.0060105
0.00745973
0.00620037
0.00518742
0.00666788
0.00835007
0.00811785
0.00811337
0.00991162
0.01057
0.00897613
0.0082387
0.00960624
0.0105104
0.00941271
0.00796584
0.00773376
0.00817058
0.00844403
0.00397491
0.00604331
0.00751198
0.00631839
0.00533794
0.00675187
0.00837571
0.00820044
0.00817246
0.00985782
0.010573
0.00904672
0.0081922
0.00951387
0.0105722
0.00955985
0.00798474
0.00767777
0.00823766
0.00863936
0.00415581
0.00607924
0.0075684
0.00644292
0.00548339
0.00684012
0.00840528
0.00828105
0.00823825
0.00980797
0.0105675
0.00912473
0.00816134
0.00940585
0.0106113
0.00973129
0.00804394
0.00761254
0.00826753
0.00883399
0.00434235
0.00611836
0.00762775
0.00657649
0.00562412
0.00692984
0.00844097
0.00836032
0.00830864
0.00976333
0.0105541
0.00920939
0.00814991
0.00928599
0.0106197
0.00991594
0.00815365
0.00755652
0.00825461
0.00900595
0.00453496
0.00616108
0.00768777
0.00672211
0.00576192
0.00701674
0.00848426
0.00844022
0.00838134
0.00972369
0.0105335
0.00929976
0.0081616
0.0091597
0.0105916
0.0101006
0.00831887
0.00752911
0.00820385
0.00913566
0.00473391
0.00620824
0.00774553
0.00688163
0.00590031
0.00709642
0.00853479
0.00852369
0.00845544
0.00968863
0.0105059
0.00939462
0.00819972
0.00903412
0.0105244
0.0102717
0.00853736
0.00754957
0.00812887
0.0092103
0.00493913
0.00626097
0.00779849
0.0070548
0.00604468
0.00716591
0.00858944
0.00861434
0.00853178
0.00965301
0.0104706
0.00949282
0.00826765
0.00891823
0.01042
0.0104139
0.00879631
0.00763531
0.00805141
0.00922528
0.00515038
0.00632083
0.00784403
0.00724056
0.00620089
0.00722431
0.00864336
0.00871456
0.00861202
0.00961673
0.0104273
0.00959251
0.00836779
0.00882292
0.010287
0.0105143
0.00907465
0.00779407
0.0079987
0.00918634
0.00536716
0.0063895
0.00788108
0.00743609
0.00637504
0.00727241
0.00868978
0.0088249
0.0087001
0.00958192
0.0103758
0.00968885
0.00849858
0.00875939
0.0101394
0.0105686
0.00934937
0.00801605
0.0079979
0.00911409
0.00558887
0.00646899
0.00790933
0.00763509
0.00657281
0.0073143
0.00872071
0.00894343
0.00880168
0.00955247
0.0103157
0.00977702
0.00865433
0.00873656
0.00999078
0.0105798
0.00960177
0.00827958
0.00806474
0.00904108
0.00581455
0.00656151
0.00792937
0.00782931
0.006797
0.00735776
0.00873053
0.00906474
0.00892171
0.00953465
0.0102488
0.00985073
0.00882587
0.00876037
0.00985489
0.0105542
0.00982209
0.00856401
0.00819614
0.00899868
0.00604288
0.00666888
0.00794339
0.00801134
0.00704705
0.00741273
0.0087174
0.00917834
0.00906264
0.00953808
0.0101809
0.00990362
0.00900276
0.00883066
0.00974707
0.0105019
0.0100055
0.00885351
0.00837659
0.00900607
0.00627243
0.00679247
0.00795507
0.00817568
0.00731871
0.00749004
0.00868441
0.00927073
0.00922113
0.00957188
0.0101177
0.00993517
0.00917236
0.00893733
0.00968033
0.0104379
0.0101494
0.00913575
0.00858904
0.00906355
0.00650175
0.00693301
0.00796956
0.00831871
0.00760233
0.00759892
0.0086406
0.00933125
0.00938779
0.00964101
0.0100709
0.00995219
0.00932442
0.00906862
0.00965869
0.0103792
0.0102579
0.00940101
0.00882239
0.00916031
0.00672959
0.0070904
0.0079934
0.008438
0.00788516
0.0077446
0.00859986
0.00935542
0.00954774
0.00974604
0.0100557
0.00996312
0.00945497
0.00921198
0.00967552
0.010338
0.0103407
0.00964285
0.00907111
0.00928969
0.0069552
0.00726351
0.00803305
0.0085331
0.0081537
0.00792702
0.00857877
0.00934595
0.00968392
0.00988102
0.0100841
0.00997886
0.00956552
0.00935658
0.00972318
0.0103186
0.0104089
0.0098594
0.0093288
0.0094525
0.00717839
0.00745026
0.00809265
0.00860615
0.00839723
0.00814051
0.00859251
0.00931408
0.00978357
0.0100317
0.0101597
0.0100159
0.00966262
0.00949408
0.00979488
0.0103226
0.0104738
0.0100542
0.00958438
0.00964639
0.00739921
0.00764863
0.00817442
0.0086615
0.00860859
0.0083745
0.00865103
0.0092786
0.00984152
0.0101782
0.0102788
0.0100899
0.0097567
0.00961895
0.00988166
0.0103507
0.0105427
0.0102341
0.00982775
0.0098594
0.00761737
0.00785555
0.00827954
0.0087073
0.00878484
0.00861507
0.00875666
0.00926047
0.00986203
0.0103022
0.0104328
0.0102069
0.00986319
0.00973608
0.00997357
0.0103986
0.0106184
0.0104065
0.0100591
0.0100774
0.00783236
0.00806313
0.00840749
0.00875928
0.00892806
0.00884796
0.00890374
0.00927531
0.00986095
0.0103909
0.0105929
0.0103609
0.009996
0.0098564
0.0100668
0.0104579
0.010699
0.0105759
0.0102882
0.0102956
0.00804403
0.00826946
0.00855564
0.00882414
0.00904445
0.00906275
0.00908069
0.00933044
0.00985903
0.0104432
0.010739
0.0105462
0.0101607
0.00998909
0.010166
0.010525
0.0107808
0.0107395
0.0105211
0.0105211
0.00825332
0.00847223
0.00871846
0.00890746
0.00914361
0.00925384
0.00927461
0.00942654
0.00987354
0.0104692
0.0108572
0.0107443
0.0103564
0.0101415
0.0102751
0.0106024
0.0108644
0.0108919
0.0107521
0.0107588
0.00846083
0.00866988
0.0088899
0.00901226
0.00923572
0.00941957
0.0094728
0.00955892
0.00991596
0.0104868
0.0109449
0.0109344
0.0105789
0.0103215
0.0103975
0.0106911
0.0109547
0.0110335
0.0109715
0.0110048
0.00866653
0.00886243
0.00906525
0.00913712
0.00932902
0.00956205
0.00966569
0.009719
0.00999191
0.0105115
0.0110097
0.0111024
0.0108149
0.0105334
0.0105417
0.0107901
0.0110535
0.0111707
0.0111759
0.0112508
0.00887033
0.00905058
0.00923948
0.00927851
0.00943049
0.00968659
0.00984666
0.00989672
0.0101014
0.0105554
0.0110593
0.0112442
0.0110461
0.0107709
0.010718
0.0109044
0.0111588
0.0113082
0.0113674
0.0114895
0.00907164
0.00923441
0.00941089
0.00943182
0.00954387
0.00980005
0.0100125
0.0100822
0.0102392
0.0106256
0.0111096
0.0113661
0.0112631
0.011021
0.0109281
0.0110458
0.0112727
0.0114471
0.0115496
0.0117155
0.00926934
0.00941499
0.00957825
0.0095918
0.00966977
0.00990925
0.0101631
0.0102675
0.0103986
0.0107243
0.0111744
0.0114757
0.0114641
0.0112724
0.0111617
0.0112218
0.0114042
0.0115897
0.0117282
0.0119298
0.0094625
0.00959095
0.00974047
0.00975423
0.00980764
0.0100204
0.0103005
0.0104464
0.0105729
0.0108512
0.0112591
0.011581
0.0116508
0.0115209
0.0114096
0.0114284
0.0115633
0.0117426
0.011909
0.0121388
0.00965036
0.00976485
0.0098971
0.0099129
0.0099534
0.0101375
0.0104287
0.0106155
0.0107544
0.0110022
0.0113686
0.0116935
0.011828
0.0117661
0.0116702
0.0116601
0.0117531
0.0119126
0.0120952
0.0123458
0.00983035
0.00993376
0.0100498
0.010068
0.0101032
0.0102608
0.0105513
0.0107737
0.0109364
0.0111702
0.011504
0.0118229
0.0120043
0.0120088
0.0119445
0.0119186
0.011975
0.0121068
0.0122912
0.0125552
0.0100007
0.0100939
0.010198
0.0102183
0.0102537
0.0103903
0.0106717
0.0109212
0.0111142
0.0113476
0.0116592
0.0119739
0.0121908
0.0122535
0.0122317
0.0122085
0.0122356
0.0123346
0.0125053
0.0127728
0.0101625
0.0102522
0.0103391
0.0103556
0.0103974
0.010524
0.0107932
0.0110591
0.0112831
0.0115302
0.0118296
0.0121443
0.012396
0.0125107
0.012536
0.0125362
0.0125516
0.0126189
0.0127591
0.0130071
0.010311
0.0103996
0.0104758
0.0104871
0.010533
0.0106545
0.0109145
0.0111907
0.0114498
0.0117147
0.0120095
0.0123268
0.0126164
0.012786
0.0128619
0.0129039
0.0129416
0.0130043
0.0131132
0.0133215
0.0104428
0.0105329
0.0106074
0.0106137
0.0106611
0.0107772
0.0110269
0.0113124
0.0116014
0.0118891
0.0121978
0.0125119
0.0128148
0.0130304
0.0131538
0.0132431
0.0133382
0.0134549
0.0136274
0.0138682
0.0105632
0.0106546
0.0107227
0.0107193
0.0107794
0.0109065
0.0111451
0.0114096
0.0117044
0.0120688
0.0124729
0.0128837
0.0132773
0.0135869
0.0137597
0.0138218
0.0138097
0.0137678
0.0137876
0.0139139
0.0106721
0.0107609
0.0108155
0.0108018
0.0108548
0.0110029
0.0112742
0.0115292
0.0117388
0.0119067
0.0121777
0.0126186
0.0132066
0.0137847
0.0142407
0.0146322
0.015051
0.0154806
0.0158583
0.0161454
0.0107509
0.010854
0.010939
0.0109347
0.0109885
0.0110923
0.0112571
0.0115033
0.0119487
0.01254
0.0130987
0.0135894
0.0140028
0.0142991
0.0145247
0.0147236
0.0149412
0.0152038
0.0154954
0.0157651
0.0107788
0.0108626
0.0109171
0.0109241
0.0110345
0.0112749
0.0116017
0.011954
0.012294
0.0126121
0.0129241
0.0132563
0.0136143
0.0140226
0.0145101
0.0150399
0.0155691
0.0160834
0.0165364
0.0168668
0.0108495
0.0110047
0.0111731
0.0112197
0.0113785
0.0115797
0.0118331
0.0121194
0.0124712
0.012897
0.013387
0.0138122
0.014159
0.0144252
0.0146036
0.0146761
0.0146867
0.0146537
0.0146019
0.0145803
0.0107375
0.0108592
0.011094
0.0113101
0.0115249
0.0117269
0.011974
0.0122486
0.0125609
0.0128681
0.0131928
0.0135576
0.0139368
0.0143746
0.0148386
0.015343
0.0158412
0.0163056
0.0166814
0.016915
0.0108033
0.0109705
0.011307
0.0115444
0.0117879
0.0119962
0.0122084
0.0124614
0.0127764
0.0131337
0.0135599
0.0139646
0.0143527
0.0146886
0.0149821
0.0152601
0.0155337
0.0158064
0.0160448
0.0161746
0.00842496
0.00777191
0.0039662
0.000180692
-0.000112353
0.00209105
0.00467736
0.006745
0.00821471
0.00929857
0.0102055
0.0110557
0.0118808
0.0126592
0.0133757
0.0141108
0.0149367
0.0157722
0.0165132
0.0171725
0.0178292
0.0185642
0.0193589
0.0200969
0.0207428
0.0214181
0.022201
0.0230481
0.0238987
0.0247297
0.025553
0.0263839
0.0272205
0.0280501
0.028863
0.0296485
0.0304256
0.0312316
0.0320836
0.0329692
0.0338734
0.0347758
0.0356886
0.0366313
0.037571
0.0384918
0.0394294
0.0404163
0.0414111
0.0423615
0.0432951
0.0443034
0.0453595
0.0464053
0.0474757
0.0486193
0.0497841
0.0509585
0.052185
0.053446
0.0546697
0.0557977
0.0569299
0.0581964
0.05957
0.0609336
0.0623105
0.0636782
0.0650648
0.0664855
0.0679272
0.0693812
0.0708908
0.0724335
0.0740002
0.0755883
0.0772075
0.0788707
0.0805494
0.0822934
0.0840468
0.0858519
0.0876854
0.0895871
0.0915102
0.0934335
0.095396
0.097387
0.0994522
0.101565
0.103664
0.105813
0.107962
0.110186
0.11241
0.114677
0.116959
0.119146
0.121221
0.12317
0.00834728
0.00770949
0.00406503
0.000332507
-2.40788e-05
0.0021327
0.00470389
0.0067643
0.00822933
0.00931011
0.0102148
0.0110634
0.0118874
0.0126649
0.0133807
0.0141149
0.0149404
0.0157757
0.0165164
0.0171753
0.0178316
0.0185662
0.0193608
0.0200988
0.0207444
0.0214195
0.0222023
0.0230493
0.0238998
0.0247308
0.0255539
0.0263848
0.0272214
0.028051
0.0288639
0.0296493
0.0304264
0.0312323
0.0320843
0.0329699
0.0338741
0.0347765
0.0356893
0.036632
0.0375717
0.0384924
0.0394299
0.0404169
0.0414116
0.0423621
0.0432956
0.0443039
0.0453599
0.0464057
0.0474761
0.0486197
0.0497844
0.0509588
0.0521853
0.0534463
0.05467
0.0557981
0.0569301
0.0581966
0.0595703
0.0609338
0.0623107
0.0636784
0.065065
0.0664857
0.0679274
0.0693813
0.0708909
0.0724337
0.0740003
0.0755885
0.0772077
0.0788708
0.0805495
0.0822936
0.0840469
0.085852
0.0876855
0.0895873
0.0915103
0.0934336
0.0953961
0.0973871
0.0994523
0.101565
0.103664
0.105813
0.107962
0.110186
0.11241
0.114677
0.116959
0.119146
0.121221
0.123171
0.00814399
0.0075638
0.0042274
0.000610506
0.000132336
0.00219007
0.004731
0.00678409
0.00824541
0.00932355
0.0102262
0.0110729
0.0118951
0.0126712
0.0133859
0.0141193
0.0149444
0.0157794
0.0165196
0.0171782
0.017834
0.0185683
0.0193628
0.0201006
0.020746
0.0214207
0.0222034
0.0230504
0.0239009
0.0247318
0.0255548
0.0263856
0.0272222
0.0280517
0.0288646
0.02965
0.0304271
0.0312329
0.0320849
0.0329706
0.0338747
0.0347771
0.0356899
0.0366325
0.0375722
0.0384929
0.0394304
0.0404173
0.0414121
0.0423626
0.043296
0.0443042
0.0453603
0.0464061
0.0474764
0.04862
0.0497848
0.0509591
0.0521855
0.0534466
0.0546704
0.0557984
0.0569303
0.0581968
0.0595705
0.060934
0.0623109
0.0636786
0.0650652
0.0664858
0.0679276
0.0693815
0.0708911
0.0724338
0.0740005
0.0755886
0.0772078
0.078871
0.0805497
0.0822937
0.0840471
0.0858521
0.0876856
0.0895874
0.0915104
0.0934338
0.0953962
0.0973872
0.0994524
0.101565
0.103665
0.105813
0.107962
0.110186
0.11241
0.114677
0.116959
0.119146
0.121221
0.123171
0.0079217
0.00742773
0.00444941
0.000974876
0.000353996
0.00227378
0.00477018
0.00681244
0.0082678
0.00934152
0.0102415
0.0110859
0.0119058
0.01268
0.0133934
0.0141258
0.0149498
0.0157839
0.0165238
0.0171822
0.0178377
0.0185715
0.0193653
0.0201028
0.0207479
0.0214224
0.022205
0.0230518
0.0239022
0.024733
0.0255559
0.0263866
0.0272231
0.0280526
0.0288654
0.0296508
0.0304277
0.0312335
0.0320855
0.0329711
0.0338754
0.0347778
0.0356905
0.0366331
0.0375728
0.0384935
0.0394309
0.0404178
0.0414127
0.0423631
0.0432964
0.0443046
0.0453607
0.0464065
0.0474767
0.0486203
0.0497851
0.0509593
0.0521858
0.053447
0.0546708
0.0557987
0.0569305
0.0581969
0.0595707
0.0609343
0.0623111
0.0636788
0.0650654
0.066486
0.0679278
0.0693816
0.0708912
0.072434
0.0740006
0.0755888
0.077208
0.0788711
0.0805498
0.0822938
0.0840472
0.0858522
0.0876857
0.0895875
0.0915106
0.0934339
0.0953963
0.0973873
0.0994525
0.101565
0.103665
0.105813
0.107962
0.110187
0.11241
0.114677
0.116959
0.119147
0.121221
0.123171
0.00772292
0.00732269
0.00469497
0.00136661
0.000603263
0.00237129
0.00481593
0.00684707
0.00829623
0.00936459
0.0102613
0.0111033
0.0119203
0.0126921
0.0134042
0.0141355
0.0149576
0.0157899
0.016529
0.017188
0.0178439
0.0185767
0.0193692
0.0201058
0.0207506
0.0214251
0.0222073
0.0230538
0.023904
0.0247347
0.0255575
0.0263879
0.0272243
0.0280536
0.0288663
0.0296515
0.0304284
0.0312341
0.032086
0.0329716
0.033876
0.0347785
0.0356911
0.0366338
0.0375735
0.0384941
0.0394316
0.0404184
0.0414133
0.0423636
0.0432968
0.044305
0.0453612
0.0464069
0.0474771
0.0486207
0.0497855
0.0509597
0.0521861
0.0534474
0.0546712
0.0557991
0.0569306
0.058197
0.059571
0.0609345
0.0623114
0.0636791
0.0650656
0.0664862
0.067928
0.0693818
0.0708914
0.0724341
0.0740008
0.0755889
0.0772081
0.0788713
0.0805499
0.0822939
0.0840473
0.0858524
0.0876858
0.0895876
0.0915107
0.093434
0.0953964
0.0973874
0.0994526
0.101565
0.103665
0.105813
0.107962
0.110187
0.11241
0.114677
0.116959
0.119147
0.121222
0.123171
0.00755835
0.00722537
0.00492964
0.00176115
0.000867506
0.00247685
0.00486364
0.00688421
0.00832846
0.00939142
0.0102846
0.0111239
0.0119378
0.012707
0.0134183
0.0141487
0.0149683
0.0157974
0.0165355
0.0171957
0.0178527
0.0185846
0.0193748
0.02011
0.0207548
0.0214292
0.0222107
0.0230564
0.0239063
0.0247369
0.0255595
0.0263898
0.027226
0.028055
0.0288674
0.0296525
0.0304292
0.0312348
0.0320864
0.032972
0.0338765
0.0347792
0.0356918
0.0366344
0.0375741
0.0384949
0.0394324
0.0404192
0.041414
0.0423643
0.0432974
0.0443055
0.0453616
0.0464073
0.0474775
0.0486211
0.0497859
0.05096
0.0521865
0.0534478
0.0546718
0.0557995
0.0569308
0.0581972
0.0595713
0.0609349
0.0623116
0.0636793
0.0650658
0.0664865
0.0679282
0.069382
0.0708916
0.0724343
0.0740009
0.0755891
0.0772082
0.0788714
0.08055
0.0822941
0.0840475
0.0858525
0.0876859
0.0895877
0.0915109
0.0934341
0.0953966
0.0973875
0.0994527
0.101565
0.103665
0.105813
0.107963
0.110187
0.11241
0.114677
0.11696
0.119147
0.121222
0.123172
0.00741763
0.00711767
0.00514305
0.0021577
0.00114955
0.00259271
0.00491336
0.00692289
0.0083637
0.0094214
0.0103106
0.0111466
0.0119568
0.0127235
0.0134345
0.0141646
0.0149813
0.0158066
0.0165432
0.0172049
0.0178637
0.0185948
0.0193821
0.0201156
0.0207607
0.0214351
0.0222155
0.0230599
0.0239091
0.0247396
0.025562
0.0263921
0.0272281
0.0280568
0.0288689
0.0296538
0.0304304
0.0312356
0.0320869
0.0329722
0.033877
0.0347799
0.0356925
0.0366348
0.0375746
0.0384957
0.0394334
0.0404201
0.0414147
0.0423651
0.0432982
0.0443061
0.0453622
0.0464078
0.0474779
0.0486215
0.0497863
0.0509604
0.0521869
0.0534483
0.0546724
0.0558
0.056931
0.0581974
0.0595717
0.0609353
0.062312
0.0636797
0.0650661
0.0664868
0.0679284
0.0693822
0.0708918
0.0724345
0.0740011
0.0755893
0.0772084
0.0788716
0.0805502
0.0822942
0.0840476
0.0858526
0.0876861
0.0895878
0.091511
0.0934343
0.0953967
0.0973876
0.0994528
0.101565
0.103665
0.105814
0.107963
0.110187
0.112411
0.114678
0.11696
0.119148
0.121223
0.123173
0.00729317
0.00700025
0.00533958
0.002561
0.00145341
0.00272149
0.00496549
0.00696247
0.00840152
0.00945435
0.0103389
0.011171
0.0119772
0.0127411
0.0134518
0.0141819
0.0149959
0.0158171
0.0165519
0.0172152
0.0178762
0.0186064
0.0193905
0.0201224
0.0207682
0.021443
0.0222219
0.0230643
0.0239126
0.0247428
0.0255649
0.0263946
0.0272304
0.0280589
0.0288708
0.0296556
0.0304322
0.031237
0.0320876
0.0329725
0.0338774
0.0347806
0.0356932
0.0366351
0.0375749
0.0384965
0.0394345
0.0404211
0.0414156
0.0423662
0.0432993
0.044307
0.0453628
0.0464084
0.0474785
0.048622
0.0497866
0.0509608
0.0521874
0.0534489
0.0546731
0.0558005
0.0569313
0.0581977
0.0595722
0.0609357
0.0623124
0.0636801
0.0650665
0.0664871
0.0679288
0.0693825
0.070892
0.0724348
0.0740014
0.0755895
0.0772086
0.0788718
0.0805503
0.0822944
0.0840478
0.0858528
0.0876862
0.089588
0.0915112
0.0934344
0.0953968
0.0973877
0.0994529
0.101565
0.103665
0.105814
0.107963
0.110187
0.112411
0.114678
0.11696
0.119148
0.121224
0.123174
0.00718762
0.00688283
0.00552214
0.00296968
0.00177864
0.00286418
0.00502014
0.00700223
0.00844143
0.00949017
0.0103695
0.0111972
0.0119989
0.0127596
0.01347
0.0142003
0.0150118
0.0158288
0.0165616
0.0172264
0.0178895
0.0186187
0.0193995
0.02013
0.020777
0.0214524
0.0222297
0.0230697
0.0239167
0.0247464
0.0255682
0.0263974
0.0272327
0.0280609
0.0288727
0.0296578
0.0304347
0.0312391
0.0320887
0.0329729
0.0338779
0.0347815
0.0356939
0.0366353
0.0375749
0.0384973
0.0394358
0.0404221
0.0414164
0.0423673
0.0433007
0.0443082
0.0453637
0.0464093
0.0474793
0.0486225
0.0497869
0.0509611
0.0521878
0.0534495
0.0546738
0.0558012
0.0569316
0.058198
0.0595728
0.0609363
0.0623129
0.0636805
0.065067
0.0664875
0.0679291
0.0693829
0.0708924
0.0724351
0.0740017
0.0755898
0.0772088
0.078872
0.0805505
0.0822946
0.0840479
0.0858529
0.0876863
0.0895881
0.0915114
0.0934346
0.095397
0.0973878
0.0994531
0.101566
0.103665
0.105814
0.107963
0.110187
0.112411
0.114678
0.11696
0.119149
0.121225
0.123176
0.00710697
0.00677232
0.00568764
0.00337739
0.00212295
0.00302207
0.0050781
0.00704159
0.00848273
0.0095287
0.0104025
0.0112251
0.0120218
0.0127791
0.013489
0.0142196
0.0150286
0.0158415
0.0165721
0.0172383
0.0179035
0.0186317
0.0194089
0.0201378
0.0207864
0.0214629
0.0222385
0.023076
0.0239214
0.0247505
0.0255718
0.0264002
0.0272349
0.0280628
0.0288745
0.0296602
0.0304377
0.0312419
0.0320904
0.0329737
0.0338786
0.0347826
0.0356948
0.0366353
0.0375748
0.0384978
0.0394369
0.0404229
0.041417
0.0423685
0.0433024
0.0443096
0.0453648
0.0464105
0.0474805
0.0486232
0.0497872
0.0509612
0.0521881
0.05345
0.0546746
0.055802
0.0569321
0.0581985
0.0595734
0.0609369
0.0623134
0.0636811
0.0650676
0.0664881
0.0679296
0.0693833
0.0708928
0.0724355
0.0740021
0.0755901
0.0772091
0.0788723
0.0805508
0.0822948
0.0840481
0.0858531
0.0876865
0.0895883
0.0915116
0.0934347
0.0953971
0.097388
0.0994532
0.101566
0.103666
0.105814
0.107963
0.110187
0.112411
0.114678
0.116961
0.11915
0.121227
0.123177
0.00705399
0.00667219
0.0058318
0.0037777
0.00248421
0.00319702
0.00514062
0.00707998
0.00852443
0.00956956
0.010438
0.0112548
0.0120461
0.0127996
0.0135089
0.0142397
0.0150463
0.015855
0.0165833
0.0172508
0.0179181
0.0186452
0.0194187
0.0201459
0.0207962
0.021474
0.0222481
0.0230829
0.0239266
0.024755
0.0255756
0.0264032
0.0272371
0.0280644
0.0288761
0.0296626
0.030441
0.0312452
0.0320927
0.0329749
0.0338796
0.0347839
0.0356958
0.0366354
0.0375745
0.0384983
0.039438
0.0404236
0.0414173
0.0423696
0.0433042
0.0443112
0.0453661
0.0464121
0.0474822
0.0486244
0.0497877
0.0509613
0.052188
0.05345
0.0546751
0.0558028
0.0569328
0.0581991
0.0595742
0.0609375
0.0623139
0.0636816
0.0650682
0.0664887
0.0679302
0.0693839
0.0708934
0.072436
0.0740026
0.0755906
0.0772096
0.0788727
0.0805511
0.082295
0.0840483
0.0858533
0.0876867
0.0895884
0.0915118
0.0934349
0.0953973
0.0973881
0.0994534
0.101566
0.103666
0.105814
0.107963
0.110187
0.112411
0.114678
0.116961
0.119151
0.121229
0.123179
0.00702739
0.00658558
0.00595309
0.00416527
0.00285957
0.00339022
0.00520883
0.00711686
0.00856554
0.00961243
0.0104761
0.0112866
0.0120719
0.0128212
0.0135297
0.0142607
0.015065
0.0158693
0.0165951
0.0172638
0.0179333
0.0186593
0.0194291
0.0201543
0.0208062
0.0214855
0.0222584
0.0230904
0.0239323
0.0247598
0.0255798
0.0264064
0.0272393
0.0280658
0.0288774
0.0296648
0.0304445
0.031249
0.0320954
0.0329764
0.0338808
0.0347855
0.0356971
0.0366355
0.0375742
0.0384988
0.039439
0.040424
0.0414174
0.0423704
0.0433059
0.0443129
0.0453675
0.0464139
0.0474844
0.048626
0.0497885
0.0509616
0.0521877
0.0534496
0.0546751
0.0558033
0.0569335
0.0582
0.0595752
0.0609382
0.0623143
0.0636821
0.0650688
0.0664893
0.0679308
0.0693846
0.0708941
0.0724366
0.0740032
0.0755913
0.0772102
0.0788732
0.0805515
0.0822954
0.0840486
0.0858535
0.0876869
0.0895886
0.091512
0.093435
0.0953974
0.0973882
0.0994535
0.101566
0.103666
0.105814
0.107963
0.110188
0.112412
0.114679
0.116962
0.119153
0.121232
0.123182
0.00702385
0.00651645
0.00605298
0.00453534
0.00324475
0.0036019
0.00528424
0.00715248
0.0086055
0.00965712
0.0105171
0.0113207
0.0120992
0.012844
0.0135515
0.0142828
0.0150847
0.0158844
0.0166076
0.0172775
0.0179491
0.0186742
0.0194399
0.020163
0.0208164
0.0214974
0.0222692
0.0230986
0.0239384
0.024765
0.0255842
0.0264098
0.0272416
0.0280672
0.0288786
0.0296669
0.0304481
0.0312531
0.0320986
0.0329782
0.0338823
0.0347873
0.0356985
0.0366358
0.0375739
0.0384992
0.03944
0.0404243
0.0414171
0.042371
0.0433075
0.0443144
0.0453688
0.0464158
0.0474868
0.0486281
0.0497899
0.0509621
0.0521873
0.0534486
0.0546744
0.0558034
0.0569341
0.058201
0.0595764
0.0609392
0.0623148
0.0636826
0.0650694
0.0664899
0.0679315
0.0693854
0.0708948
0.0724373
0.0740039
0.075592
0.077211
0.0788739
0.0805521
0.0822959
0.084049
0.0858538
0.0876871
0.0895888
0.0915123
0.0934353
0.0953976
0.0973883
0.0994536
0.101566
0.103666
0.105815
0.107964
0.110188
0.112412
0.114679
0.116963
0.119154
0.121234
0.123185
0.00703956
0.00646894
0.00613448
0.00488325
0.00363496
0.00383237
0.00536934
0.00718804
0.008644
0.00970321
0.0105612
0.0113577
0.0121284
0.0128679
0.0135742
0.0143059
0.0151056
0.0159006
0.0166208
0.0172917
0.0179657
0.0186898
0.0194513
0.0201721
0.0208269
0.0215098
0.0222807
0.0231074
0.0239449
0.0247705
0.0255889
0.0264135
0.0272439
0.0280686
0.0288798
0.0296691
0.0304517
0.0312574
0.0321021
0.0329804
0.0338839
0.0347892
0.0357001
0.0366362
0.0375737
0.0384997
0.039441
0.0404245
0.0414166
0.0423712
0.043309
0.0443159
0.04537
0.0464177
0.0474893
0.0486305
0.0497916
0.050963
0.0521869
0.0534472
0.0546731
0.0558028
0.0569343
0.0582021
0.0595781
0.0609404
0.0623154
0.0636831
0.06507
0.0664904
0.067932
0.0693862
0.0708957
0.0724381
0.0740046
0.0755929
0.0772119
0.0788749
0.0805529
0.0822965
0.0840496
0.0858543
0.0876874
0.0895891
0.0915126
0.0934356
0.0953978
0.0973884
0.0994537
0.101566
0.103666
0.105815
0.107964
0.110188
0.112413
0.114679
0.116963
0.119157
0.121238
0.123188
0.00707072
0.00644613
0.00620079
0.0052052
0.0040265
0.00408262
0.00546702
0.00722498
0.00868068
0.00975009
0.0106085
0.011398
0.0121599
0.0128932
0.0135979
0.0143301
0.0151277
0.0159179
0.0166349
0.0173067
0.017983
0.0187061
0.0194633
0.0201816
0.0208381
0.0215231
0.0222933
0.023117
0.023952
0.0247763
0.0255939
0.0264174
0.0272465
0.0280701
0.028881
0.0296713
0.0304555
0.031262
0.032106
0.0329828
0.0338858
0.0347913
0.0357019
0.0366367
0.0375735
0.0385002
0.0394421
0.0404246
0.0414159
0.0423713
0.0433103
0.0443173
0.0453712
0.0464195
0.0474918
0.0486329
0.0497935
0.0509642
0.0521865
0.0534453
0.054671
0.0558015
0.0569339
0.0582031
0.0595799
0.0609418
0.0623161
0.0636835
0.0650704
0.0664907
0.0679325
0.069387
0.0708966
0.0724389
0.0740054
0.0755938
0.0772129
0.078876
0.0805539
0.0822974
0.0840503
0.0858548
0.0876877
0.0895893
0.091513
0.093436
0.0953981
0.0973885
0.0994537
0.101567
0.103667
0.105815
0.107964
0.110188
0.112413
0.114679
0.116964
0.119159
0.121241
0.123191
0.00711314
0.00644931
0.00625542
0.00549938
0.00441697
0.00435334
0.00557971
0.00726487
0.00871548
0.00979715
0.010659
0.011442
0.0121941
0.01292
0.0136226
0.0143555
0.0151511
0.0159364
0.0166499
0.0173224
0.018001
0.0187231
0.019476
0.0201917
0.0208501
0.0215376
0.022307
0.0231275
0.0239597
0.0247826
0.0255993
0.0264216
0.0272492
0.0280717
0.0288824
0.0296736
0.0304595
0.031267
0.0321102
0.0329856
0.0338878
0.0347934
0.0357038
0.0366373
0.0375734
0.0385009
0.0394432
0.0404248
0.0414151
0.0423713
0.0433116
0.0443187
0.0453724
0.0464213
0.0474943
0.0486354
0.0497955
0.0509654
0.052186
0.053443
0.0546683
0.0557996
0.0569332
0.0582037
0.0595818
0.0609435
0.0623169
0.063684
0.0650709
0.066491
0.0679329
0.0693877
0.0708975
0.0724397
0.0740062
0.0755946
0.0772139
0.0788772
0.0805551
0.0822983
0.0840512
0.0858556
0.0876881
0.0895894
0.0915133
0.0934364
0.0953985
0.0973888
0.0994537
0.101566
0.103667
0.105815
0.107964
0.110188
0.112414
0.11468
0.116965
0.119162
0.121245
0.123195
0.00716204
0.00647821
0.00630304
0.00576583
0.00480397
0.00464399
0.00570941
0.00730976
0.00874888
0.00984375
0.0107121
0.0114899
0.0122313
0.0129485
0.0136485
0.014382
0.0151759
0.0159561
0.0166659
0.0173389
0.0180198
0.0187408
0.0194892
0.0202026
0.0208632
0.0215536
0.0223221
0.023139
0.023968
0.0247893
0.0256051
0.0264261
0.0272522
0.0280734
0.0288839
0.0296761
0.0304636
0.0312722
0.032115
0.0329888
0.0338899
0.0347957
0.0357058
0.036638
0.0375734
0.0385016
0.0394444
0.0404249
0.0414142
0.0423712
0.0433129
0.0443202
0.0453737
0.0464231
0.0474969
0.0486378
0.0497975
0.0509668
0.0521855
0.0534404
0.0546651
0.0557974
0.0569324
0.0582042
0.0595835
0.0609452
0.0623178
0.0636845
0.0650713
0.0664913
0.0679333
0.0693884
0.0708984
0.0724406
0.074007
0.0755954
0.0772149
0.0788784
0.0805564
0.0822994
0.0840523
0.0858566
0.0876887
0.0895896
0.0915135
0.0934369
0.0953991
0.0973891
0.0994537
0.101566
0.103667
0.105815
0.107965
0.110188
0.112414
0.11468
0.116966
0.119165
0.12125
0.123199
0.00721305
0.00653199
0.00634907
0.00600517
0.0051843
0.00495291
0.00585821
0.00736219
0.0087817
0.00988919
0.0107672
0.0115416
0.0122719
0.0129793
0.0136757
0.0144097
0.015202
0.0159772
0.0166829
0.0173563
0.0180393
0.0187593
0.0195033
0.0202143
0.0208776
0.0215713
0.0223388
0.0231515
0.0239769
0.0247964
0.0256112
0.0264309
0.0272555
0.0280754
0.0288856
0.0296787
0.030468
0.0312779
0.0321201
0.0329923
0.0338923
0.0347982
0.0357079
0.0366387
0.0375733
0.0385024
0.0394458
0.0404252
0.0414133
0.0423711
0.0433144
0.0443219
0.0453752
0.0464251
0.0474995
0.0486402
0.0497994
0.0509681
0.052185
0.0534377
0.0546616
0.0557951
0.0569319
0.0582048
0.0595851
0.0609467
0.0623186
0.063685
0.0650718
0.0664916
0.0679337
0.0693891
0.0708994
0.0724415
0.0740078
0.0755962
0.0772159
0.0788797
0.0805578
0.0823006
0.0840534
0.0858577
0.0876894
0.0895897
0.0915137
0.0934373
0.0953997
0.0973897
0.0994537
0.101566
0.103667
0.105816
0.107965
0.110188
0.112415
0.114681
0.116967
0.119168
0.121255
0.123203
0.00726334
0.00660925
0.00639826
0.00621812
0.00555455
0.00527793
0.00602792
0.00742463
0.00881502
0.00993295
0.0108233
0.0115969
0.0123163
0.0130125
0.0137044
0.0144388
0.0152296
0.0159998
0.0167012
0.0173745
0.0180597
0.0187787
0.0195182
0.0202271
0.0208934
0.0215906
0.0223569
0.023165
0.0239864
0.0248041
0.0256178
0.0264361
0.027259
0.0280776
0.0288875
0.0296815
0.0304726
0.0312838
0.0321257
0.0329962
0.0338949
0.0348007
0.0357102
0.0366395
0.0375733
0.0385032
0.0394472
0.0404255
0.0414124
0.042371
0.0433162
0.044324
0.0453769
0.0464273
0.0475023
0.0486426
0.0498013
0.0509695
0.0521847
0.0534348
0.0546578
0.0557932
0.0569323
0.0582059
0.0595866
0.060948
0.0623193
0.0636854
0.0650723
0.066492
0.0679342
0.06939
0.0709004
0.0724425
0.0740087
0.075597
0.0772169
0.078881
0.0805593
0.0823019
0.0840546
0.0858589
0.0876903
0.0895899
0.0915137
0.0934376
0.0954004
0.0973904
0.0994538
0.101565
0.103667
0.105816
0.107966
0.110189
0.112416
0.114681
0.116968
0.119172
0.12126
0.123208
0.00731146
0.00670751
0.00645416
0.00640615
0.00591179
0.00561642
0.00621929
0.00749921
0.0088505
0.00997519
0.0108798
0.0116555
0.0123646
0.0130484
0.0137348
0.0144694
0.0152588
0.0160238
0.0167206
0.0173937
0.0180809
0.0187989
0.0195341
0.0202409
0.0209105
0.0216114
0.0223763
0.0231794
0.0239965
0.0248122
0.0256248
0.0264416
0.0272628
0.0280802
0.0288897
0.0296845
0.0304775
0.0312901
0.0321316
0.0330003
0.0338976
0.0348034
0.0357126
0.0366404
0.0375733
0.0385041
0.0394488
0.0404259
0.0414114
0.0423709
0.0433182
0.0443264
0.0453789
0.0464297
0.0475053
0.0486451
0.0498031
0.0509709
0.0521844
0.0534319
0.0546541
0.0557918
0.0569339
0.0582079
0.059588
0.060949
0.0623198
0.0636858
0.0650728
0.0664925
0.0679348
0.069391
0.0709016
0.0724435
0.0740096
0.0755979
0.0772179
0.0788822
0.0805607
0.0823032
0.0840558
0.0858602
0.0876913
0.0895901
0.0915137
0.0934378
0.0954011
0.0973912
0.099454
0.101565
0.103666
0.105816
0.107966
0.110189
0.112417
0.114682
0.116969
0.119175
0.121265
0.123212
0.00735598
0.00682353
0.00652024
0.00657183
0.00625333
0.00596507
0.00643192
0.0075879
0.00889044
0.0100166
0.010936
0.0117164
0.0124165
0.0130874
0.0137673
0.0145016
0.0152896
0.0160494
0.0167412
0.0174138
0.0181031
0.0188203
0.019551
0.0202557
0.0209288
0.0216334
0.0223966
0.0231945
0.0240073
0.0248209
0.0256322
0.0264475
0.0272669
0.028083
0.028892
0.0296877
0.0304826
0.0312967
0.0321378
0.0330047
0.0339006
0.0348063
0.0357152
0.0366414
0.0375734
0.0385051
0.0394505
0.0404263
0.0414105
0.042371
0.0433205
0.0443292
0.0453811
0.0464323
0.0475085
0.0486478
0.0498051
0.0509724
0.0521843
0.0534292
0.0546504
0.055791
0.0569367
0.058211
0.0595894
0.0609497
0.0623202
0.0636861
0.0650733
0.066493
0.0679356
0.0693922
0.0709028
0.0724445
0.0740105
0.0755989
0.077219
0.0788835
0.0805622
0.0823045
0.0840571
0.0858615
0.0876924
0.0895904
0.0915136
0.0934379
0.0954018
0.0973921
0.0994544
0.101565
0.103666
0.105816
0.107967
0.110189
0.112418
0.114682
0.11697
0.119179
0.121271
0.123217
0.00739481
0.006954
0.00660096
0.00671823
0.00657596
0.00632036
0.00666497
0.00769259
0.00893722
0.0100582
0.0109912
0.0117788
0.0124718
0.0131298
0.0138022
0.0145358
0.0153223
0.0160765
0.016763
0.0174351
0.0181265
0.0188429
0.019569
0.0202715
0.0209481
0.0216564
0.0224179
0.0232103
0.0240186
0.0248301
0.0256402
0.0264538
0.0272714
0.0280862
0.0288947
0.0296911
0.0304879
0.0313035
0.0321442
0.0330092
0.0339036
0.0348094
0.035718
0.0366425
0.0375734
0.0385061
0.0394524
0.040427
0.0414096
0.0423712
0.0433232
0.0443324
0.0453837
0.0464352
0.0475119
0.0486505
0.049807
0.0509738
0.0521843
0.0534265
0.0546468
0.0557908
0.0569409
0.0582151
0.0595909
0.0609501
0.0623204
0.0636864
0.0650739
0.0664937
0.0679366
0.0693936
0.0709042
0.0724456
0.0740115
0.0756
0.0772202
0.0788849
0.0805636
0.0823059
0.0840584
0.085863
0.0876936
0.0895908
0.0915135
0.0934379
0.0954024
0.0973931
0.0994548
0.101564
0.103666
0.105815
0.107967
0.11019
0.112419
0.114683
0.116971
0.119183
0.121277
0.123222
0.00742555
0.00709476
0.00670123
0.00684883
0.00687633
0.00667928
0.0069175
0.00781444
0.0089929
0.0101013
0.0110454
0.0118419
0.0125301
0.0131755
0.0138399
0.0145721
0.0153569
0.0161053
0.016786
0.0174574
0.0181512
0.0188668
0.0195881
0.0202881
0.0209682
0.0216802
0.0224399
0.0232267
0.0240305
0.0248399
0.0256486
0.0264604
0.0272763
0.0280897
0.0288976
0.0296947
0.0304934
0.0313106
0.0321508
0.0330138
0.0339068
0.0348127
0.035721
0.0366437
0.0375735
0.0385071
0.0394543
0.0404277
0.0414088
0.0423715
0.0433261
0.044336
0.0453865
0.0464383
0.0475156
0.0486534
0.0498089
0.0509753
0.0521845
0.053424
0.0546434
0.0557912
0.0569459
0.0582201
0.0595926
0.0609503
0.0623205
0.0636867
0.0650745
0.0664945
0.0679377
0.0693951
0.0709058
0.0724468
0.0740125
0.0756011
0.0772216
0.0788863
0.0805651
0.0823073
0.0840597
0.0858644
0.087695
0.0895913
0.0915134
0.093438
0.0954032
0.0973941
0.0994553
0.101564
0.103665
0.105815
0.107968
0.11019
0.11242
0.114684
0.116972
0.119188
0.121284
0.123228
0.00744655
0.00723877
0.00682449
0.00696915
0.00715189
0.00703887
0.00718834
0.00795348
0.0090591
0.010148
0.0110989
0.011905
0.0125906
0.0132245
0.0138806
0.0146109
0.0153936
0.0161358
0.0168104
0.0174808
0.0181771
0.0188922
0.0196085
0.0203057
0.0209891
0.0217049
0.0224626
0.0232438
0.0240431
0.0248504
0.0256576
0.0264675
0.0272815
0.0280935
0.0289009
0.0296987
0.0304991
0.0313178
0.0321576
0.0330185
0.0339102
0.0348162
0.0357242
0.036645
0.0375736
0.0385082
0.0394564
0.0404285
0.041408
0.042372
0.0433294
0.0443399
0.0453896
0.0464416
0.0475195
0.0486565
0.0498109
0.0509768
0.0521848
0.0534216
0.0546401
0.0557919
0.0569516
0.0582257
0.0595945
0.0609505
0.0623206
0.0636869
0.0650752
0.0664954
0.0679389
0.0693967
0.0709074
0.0724481
0.0740136
0.0756024
0.0772231
0.0788879
0.0805667
0.0823088
0.0840611
0.085866
0.0876965
0.0895919
0.0915134
0.093438
0.0954039
0.0973952
0.0994559
0.101563
0.103665
0.105815
0.107968
0.110191
0.112421
0.114685
0.116973
0.119192
0.12129
0.123234
0.00745934
0.00737557
0.0069706
0.00708806
0.00740159
0.00739482
0.00747632
0.00810937
0.00913693
0.0102007
0.0111527
0.0119677
0.0126524
0.0132761
0.0139244
0.0146528
0.0154328
0.0161683
0.0168363
0.0175053
0.0182043
0.0189191
0.0196302
0.0203243
0.0210108
0.0217303
0.022486
0.0232615
0.0240563
0.0248615
0.0256671
0.0264751
0.0272872
0.0280978
0.0289045
0.0297029
0.0305052
0.0313253
0.0321645
0.0330234
0.0339137
0.03482
0.0357277
0.0366464
0.0375737
0.0385094
0.0394587
0.0404295
0.0414073
0.0423725
0.0433329
0.0443442
0.0453929
0.0464451
0.0475235
0.0486596
0.0498128
0.0509782
0.0521851
0.0534193
0.054637
0.0557927
0.0569577
0.0582317
0.0595964
0.0609506
0.0623207
0.0636872
0.0650759
0.0664963
0.0679402
0.0693984
0.070909
0.0724494
0.0740147
0.0756037
0.0772247
0.0788895
0.0805683
0.0823104
0.0840625
0.0858676
0.0876981
0.0895926
0.0915134
0.0934382
0.0954048
0.0973963
0.0994565
0.101563
0.103665
0.105815
0.107969
0.110191
0.112422
0.114686
0.116975
0.119197
0.121297
0.12324
0.00747209
0.00749529
0.00713356
0.00721613
0.00762691
0.00774094
0.00778028
0.00828238
0.0092268
0.0102618
0.0112086
0.0120295
0.0127149
0.0133299
0.0139712
0.0146979
0.0154749
0.0162029
0.0168636
0.0175311
0.0182328
0.0189475
0.0196533
0.0203439
0.0210333
0.0217565
0.0225102
0.0232799
0.0240701
0.0248732
0.0256773
0.0264832
0.0272933
0.0281026
0.0289085
0.0297074
0.0305115
0.031333
0.0321716
0.0330283
0.0339173
0.034824
0.0357314
0.036648
0.0375739
0.0385107
0.0394611
0.0404307
0.0414067
0.0423731
0.0433366
0.0443487
0.0453964
0.0464487
0.0475277
0.0486629
0.0498149
0.0509798
0.0521855
0.053417
0.0546338
0.0557937
0.0569639
0.0582377
0.0595984
0.0609507
0.0623208
0.0636875
0.0650767
0.0664973
0.0679415
0.0694002
0.0709108
0.0724507
0.0740159
0.0756051
0.0772264
0.0788912
0.0805701
0.082312
0.0840641
0.0858693
0.0876999
0.0895934
0.0915135
0.0934384
0.0954056
0.0973975
0.0994573
0.101563
0.103664
0.105816
0.10797
0.110191
0.112423
0.114687
0.116976
0.119202
0.121305
0.123246
0.00749708
0.00759571
0.00730274
0.00736115
0.00783341
0.00807045
0.00809782
0.00847401
0.00932832
0.0103325
0.0112688
0.0120907
0.0127774
0.0133854
0.0140205
0.0147465
0.0155205
0.0162399
0.0168925
0.0175581
0.0182626
0.0189774
0.019678
0.0203647
0.0210568
0.0217836
0.0225353
0.023299
0.0240847
0.0248857
0.0256881
0.0264918
0.0272999
0.0281078
0.028913
0.0297123
0.0305181
0.031341
0.0321788
0.0330334
0.0339212
0.0348282
0.0357354
0.0366498
0.0375741
0.038512
0.0394637
0.040432
0.0414061
0.0423739
0.0433405
0.0443533
0.0454
0.0464525
0.0475321
0.0486662
0.0498169
0.0509813
0.0521859
0.0534149
0.0546308
0.0557947
0.0569701
0.0582438
0.0596004
0.0609509
0.0623209
0.0636878
0.0650775
0.0664983
0.0679429
0.069402
0.0709126
0.0724521
0.0740172
0.0756066
0.0772282
0.078893
0.0805719
0.0823137
0.0840657
0.0858711
0.0877017
0.0895943
0.0915136
0.0934386
0.0954066
0.0973987
0.0994581
0.101562
0.103664
0.105816
0.10797
0.110192
0.112424
0.114688
0.116978
0.119207
0.121313
0.123253
0.0075434
0.00768557
0.00746668
0.00752377
0.00803122
0.00837867
0.00842314
0.0086865
0.0094413
0.0104127
0.0113363
0.0121523
0.012839
0.0134419
0.0140722
0.0147983
0.0155698
0.0162799
0.0169231
0.0175865
0.018294
0.0190088
0.019704
0.0203868
0.0210813
0.0218116
0.0225611
0.023319
0.0241
0.0248989
0.0256997
0.0265011
0.027307
0.0281135
0.0289178
0.0297176
0.0305251
0.0313493
0.0321863
0.0330387
0.0339252
0.0348327
0.0357396
0.0366517
0.0375745
0.0385135
0.0394665
0.0404334
0.0414056
0.0423747
0.0433445
0.0443582
0.0454037
0.0464564
0.0475367
0.0486698
0.0498191
0.0509829
0.0521863
0.0534128
0.0546279
0.0557957
0.0569763
0.0582498
0.0596025
0.0609512
0.0623211
0.0636881
0.0650783
0.0664994
0.0679444
0.0694039
0.0709144
0.0724536
0.0740185
0.0756081
0.0772301
0.0788949
0.0805737
0.0823155
0.0840673
0.0858729
0.0877035
0.0895953
0.0915137
0.093439
0.0954075
0.0973999
0.0994589
0.101562
0.103664
0.105816
0.107971
0.110192
0.112425
0.11469
0.11698
0.119213
0.121321
0.12326
0.00761044
0.00777869
0.00761915
0.00769625
0.00823204
0.00866656
0.00874704
0.00892064
0.00956749
0.010501
0.0114133
0.0122167
0.0128992
0.0134989
0.0141258
0.0148531
0.0156229
0.0163234
0.0169559
0.0176162
0.0183269
0.0190419
0.0197315
0.0204101
0.0211071
0.0218407
0.0225879
0.0233397
0.0241161
0.024913
0.0257119
0.0265109
0.0273147
0.0281197
0.0289232
0.0297233
0.0305324
0.0313578
0.0321941
0.0330441
0.0339295
0.0348374
0.0357441
0.0366538
0.0375749
0.038515
0.0394694
0.0404351
0.0414053
0.0423756
0.0433487
0.0443632
0.0454075
0.0464604
0.0475414
0.0486734
0.0498212
0.0509845
0.0521868
0.0534108
0.0546251
0.0557968
0.0569824
0.0582557
0.0596047
0.0609516
0.0623213
0.0636885
0.0650792
0.0665005
0.0679458
0.0694058
0.0709163
0.0724551
0.0740199
0.0756098
0.0772321
0.0788968
0.0805757
0.0823173
0.0840691
0.0858749
0.0877055
0.0895963
0.0915139
0.0934393
0.0954086
0.0974012
0.0994597
0.101562
0.103664
0.105816
0.107972
0.110193
0.112427
0.114691
0.116982
0.119218
0.121329
0.123267
0.00768801
0.00788554
0.00776404
0.00786723
0.00844251
0.00894176
0.00906032
0.00917292
0.00971119
0.0105961
0.0115
0.0122874
0.0129582
0.0135551
0.014181
0.0149106
0.0156796
0.0163706
0.0169913
0.0176475
0.0183614
0.0190769
0.0197604
0.0204345
0.021134
0.021871
0.0226157
0.0233613
0.0241331
0.0249278
0.025725
0.0265215
0.027323
0.0281266
0.028929
0.0297294
0.0305401
0.0313667
0.0322021
0.0330498
0.0339339
0.0348425
0.0357489
0.036656
0.0375753
0.0385166
0.0394726
0.0404369
0.041405
0.0423765
0.043353
0.0443683
0.0454114
0.0464645
0.0475462
0.0486772
0.0498235
0.0509861
0.0521873
0.0534088
0.0546224
0.0557978
0.0569884
0.0582616
0.0596069
0.0609521
0.0623215
0.0636889
0.0650802
0.0665017
0.0679473
0.0694078
0.0709183
0.0724567
0.0740213
0.0756115
0.0772341
0.0788988
0.0805777
0.0823192
0.0840709
0.0858769
0.0877074
0.0895974
0.0915141
0.0934398
0.0954096
0.0974025
0.0994606
0.101562
0.103664
0.105816
0.107973
0.110194
0.112428
0.114693
0.116984
0.119224
0.121338
0.123275
0.00776569
0.00800754
0.00791301
0.00802763
0.00865841
0.00921662
0.0093594
0.00943417
0.00987665
0.0106991
0.011594
0.0123677
0.0130181
0.0136091
0.0142372
0.0149708
0.01574
0.0164215
0.0170296
0.0176806
0.0183975
0.019114
0.019791
0.02046
0.0211621
0.0219026
0.0226446
0.0233837
0.0241509
0.0249436
0.0257388
0.0265327
0.027332
0.028134
0.0289354
0.029736
0.0305482
0.031376
0.0322104
0.0330557
0.0339386
0.0348478
0.0357541
0.0366585
0.0375759
0.0385184
0.039476
0.0404389
0.0414048
0.0423776
0.0433574
0.0443736
0.0454153
0.0464686
0.0475512
0.0486811
0.0498257
0.0509878
0.0521879
0.053407
0.0546198
0.0557989
0.0569943
0.0582673
0.0596092
0.0609526
0.0623218
0.0636893
0.0650813
0.0665029
0.0679489
0.0694098
0.0709204
0.0724584
0.0740229
0.0756132
0.0772362
0.0789009
0.0805798
0.0823212
0.0840729
0.085879
0.0877094
0.0895985
0.0915143
0.0934403
0.0954107
0.0974039
0.0994614
0.101562
0.103663
0.105817
0.107974
0.110194
0.112429
0.114695
0.116986
0.11923
0.121348
0.123283
0.00783929
0.00813711
0.00807743
0.00817651
0.00886578
0.00950162
0.0096509
0.00969215
0.0100633
0.010815
0.0116925
0.0124586
0.0130827
0.0136604
0.0142932
0.0150338
0.0158039
0.0164759
0.0170709
0.0177162
0.0184354
0.0191531
0.0198237
0.0204865
0.021191
0.0219357
0.0226749
0.0234071
0.0241694
0.0249603
0.0257537
0.0265447
0.0273417
0.0281422
0.0289424
0.029743
0.0305568
0.0313856
0.0322191
0.0330619
0.0339434
0.0348533
0.0357596
0.0366613
0.0375766
0.0385203
0.0394795
0.0404412
0.0414048
0.0423787
0.043362
0.0443791
0.0454194
0.0464729
0.0475563
0.0486851
0.0498281
0.0509895
0.0521886
0.0534054
0.0546173
0.0558001
0.057
0.058273
0.0596115
0.0609533
0.0623222
0.0636898
0.0650824
0.0665042
0.0679505
0.0694119
0.0709225
0.0724602
0.0740245
0.0756151
0.0772384
0.0789031
0.0805819
0.0823232
0.0840749
0.0858812
0.0877115
0.0895997
0.0915146
0.0934408
0.0954119
0.0974053
0.0994624
0.101561
0.103663
0.105817
0.107975
0.110195
0.112431
0.114697
0.116988
0.119237
0.121358
0.123291
0.00791094
0.00826425
0.00826305
0.00832496
0.0090504
0.00979525
0.00994821
0.00993883
0.0102631
0.010951
0.0117953
0.0125573
0.0131567
0.0137106
0.0143467
0.015099
0.0158716
0.016534
0.0171149
0.0177543
0.018476
0.0191943
0.0198584
0.0205144
0.0212207
0.02197
0.0227069
0.0234316
0.0241887
0.0249779
0.0257696
0.0265576
0.027352
0.0281511
0.02895
0.0297506
0.0305657
0.0313956
0.032228
0.0330683
0.0339486
0.0348592
0.0357654
0.0366643
0.0375774
0.0385223
0.0394834
0.0404437
0.0414049
0.04238
0.0433668
0.0443847
0.0454235
0.0464772
0.0475616
0.0486893
0.0498305
0.0509913
0.0521893
0.0534038
0.0546151
0.0558013
0.0570057
0.0582785
0.059614
0.0609541
0.0623226
0.0636904
0.0650836
0.0665056
0.0679521
0.069414
0.0709247
0.072462
0.0740262
0.075617
0.0772407
0.0789053
0.0805841
0.0823253
0.0840769
0.0858834
0.0877136
0.0896009
0.091515
0.0934414
0.0954131
0.0974067
0.0994633
0.101561
0.103663
0.105817
0.107976
0.110196
0.112432
0.114699
0.116991
0.119243
0.121368
0.1233
0.00798323
0.0083813
0.00846685
0.00849032
0.00920609
0.0100809
0.0102654
0.0101786
0.0104622
0.0111095
0.0119075
0.0126596
0.0132421
0.0137638
0.0143963
0.0151649
0.0159434
0.016596
0.0171615
0.0177946
0.0185197
0.0192382
0.019895
0.0205439
0.0212511
0.0220052
0.0227404
0.0234575
0.0242088
0.0249963
0.0257865
0.0265715
0.0273631
0.0281606
0.0289583
0.0297586
0.0305751
0.031406
0.0322373
0.0330751
0.033954
0.0348654
0.0357716
0.0366677
0.0375784
0.0385245
0.0394875
0.0404465
0.0414051
0.0423813
0.0433717
0.0443904
0.0454278
0.0464816
0.0475671
0.0486936
0.0498329
0.0509931
0.0521902
0.0534024
0.0546129
0.0558025
0.0570112
0.058284
0.0596165
0.0609551
0.0623231
0.063691
0.0650848
0.0665071
0.0679538
0.0694162
0.0709269
0.0724639
0.0740279
0.0756191
0.0772431
0.0789077
0.0805864
0.0823275
0.0840791
0.0858858
0.0877158
0.0896021
0.0915154
0.093442
0.0954143
0.0974081
0.0994643
0.101561
0.103663
0.105818
0.107977
0.110197
0.112434
0.114701
0.116994
0.11925
0.121379
0.123309
0.00805622
0.00848393
0.00867733
0.00868765
0.00934235
0.0103372
0.0106061
0.0104275
0.010648
0.0112839
0.0120378
0.0127637
0.0133364
0.013825
0.0144427
0.0152291
0.0160192
0.0166625
0.0172109
0.0178363
0.0185663
0.019286
0.0199337
0.0205747
0.0212827
0.0220412
0.0227754
0.0234851
0.02423
0.0250155
0.0258044
0.0265865
0.0273751
0.0281708
0.0289674
0.0297674
0.030585
0.0314168
0.032247
0.0330822
0.0339597
0.0348719
0.0357782
0.0366713
0.0375795
0.0385268
0.0394918
0.0404496
0.0414056
0.0423827
0.0433768
0.0443964
0.0454321
0.0464861
0.0475726
0.0486981
0.0498355
0.050995
0.0521911
0.0534012
0.054611
0.0558038
0.0570167
0.0582894
0.0596191
0.0609561
0.0623237
0.0636917
0.0650862
0.0665086
0.0679555
0.0694185
0.0709293
0.0724658
0.0740298
0.0756212
0.0772456
0.0789101
0.0805888
0.0823298
0.0840813
0.0858882
0.087718
0.0896034
0.0915158
0.0934427
0.0954155
0.0974096
0.0994653
0.101561
0.103663
0.105818
0.107978
0.110198
0.112435
0.114704
0.116997
0.119257
0.12139
0.123319
0.00813007
0.00857066
0.0088795
0.00892184
0.00948077
0.0105487
0.0109553
0.0107045
0.0108208
0.0114592
0.0121917
0.0128743
0.0134347
0.0138972
0.0144895
0.0152898
0.0160979
0.0167338
0.0172634
0.0178795
0.018615
0.0193382
0.0199756
0.0206065
0.0213156
0.0220784
0.0228114
0.0235143
0.0242526
0.0250356
0.0258232
0.0266025
0.0273881
0.0281819
0.0289772
0.0297768
0.0305954
0.0314281
0.0322571
0.0330896
0.0339657
0.0348787
0.0357852
0.0366752
0.0375808
0.0385293
0.0394964
0.0404531
0.0414062
0.0423842
0.043382
0.0444026
0.0454365
0.0464906
0.0475784
0.0487027
0.0498381
0.0509969
0.0521921
0.0534001
0.0546093
0.0558052
0.057022
0.0582947
0.0596217
0.0609573
0.0623244
0.0636924
0.0650876
0.0665102
0.0679573
0.0694208
0.0709317
0.0724679
0.0740317
0.0756234
0.0772481
0.0789126
0.0805913
0.0823321
0.0840836
0.0858907
0.0877203
0.0896047
0.0915163
0.0934434
0.0954168
0.0974111
0.0994664
0.101561
0.103663
0.105819
0.107979
0.110199
0.112437
0.114707
0.117
0.119265
0.121402
0.123329
0.00820824
0.00864282
0.00906056
0.00918523
0.00964439
0.0107154
0.0112868
0.0110204
0.0109971
0.0116198
0.0123646
0.0130007
0.0135347
0.0139787
0.014541
0.0153467
0.016178
0.01681
0.0173193
0.0179243
0.0186652
0.0193946
0.020022
0.0206394
0.0213491
0.0221172
0.0228485
0.0235448
0.0242769
0.0250569
0.025843
0.0266196
0.0274022
0.0281939
0.0289876
0.0297869
0.0306064
0.0314397
0.0322677
0.0330975
0.033972
0.0348859
0.0357927
0.0366795
0.0375823
0.038532
0.0395013
0.0404568
0.041407
0.0423859
0.0433874
0.0444089
0.045441
0.0464953
0.0475843
0.0487075
0.0498408
0.0509989
0.0521933
0.0533993
0.0546078
0.0558066
0.0570272
0.0582999
0.0596244
0.0609587
0.0623251
0.0636932
0.0650891
0.0665118
0.0679592
0.0694232
0.0709342
0.07247
0.0740337
0.0756257
0.0772508
0.0789151
0.0805938
0.0823345
0.084086
0.0858933
0.0877226
0.0896061
0.0915169
0.0934442
0.0954181
0.0974127
0.0994675
0.101561
0.103664
0.105819
0.10798
0.1102
0.112439
0.11471
0.117003
0.119272
0.121414
0.12334
0.0082981
0.00870404
0.0092118
0.00946196
0.00985033
0.0108556
0.0115758
0.0113658
0.0111995
0.0117618
0.0125417
0.0131498
0.0136406
0.0140656
0.0145993
0.0154016
0.0162583
0.0168912
0.0173782
0.017971
0.018717
0.0194542
0.0200737
0.0206747
0.0213823
0.0221576
0.0228874
0.0235761
0.0243026
0.0250797
0.0258638
0.0266377
0.0274173
0.0282069
0.0289989
0.0297976
0.0306181
0.031452
0.0322786
0.0331058
0.0339787
0.0348934
0.0358006
0.0366842
0.0375839
0.0385348
0.0395065
0.0404609
0.0414081
0.0423876
0.0433929
0.0444155
0.0454456
0.0464999
0.0475903
0.0487124
0.0498436
0.051001
0.0521946
0.0533986
0.0546065
0.0558082
0.0570322
0.058305
0.0596272
0.0609601
0.062326
0.0636941
0.0650908
0.0665135
0.0679611
0.0694257
0.0709368
0.0724722
0.0740358
0.0756281
0.0772536
0.0789178
0.0805964
0.082337
0.0840885
0.085896
0.087725
0.0896076
0.0915175
0.0934451
0.0954194
0.0974143
0.0994686
0.101561
0.103664
0.10582
0.107981
0.110201
0.11244
0.114714
0.117007
0.11928
0.121427
0.123352
0.00841013
0.00876129
0.00932794
0.00973288
0.0101042
0.0109957
0.0118098
0.0117146
0.0114446
0.0118994
0.0127063
0.0133181
0.0137612
0.0141568
0.0146634
0.0154561
0.0163384
0.016978
0.01744
0.0180188
0.0187711
0.0195164
0.0201302
0.020714
0.0214156
0.0221987
0.0229288
0.0236083
0.024329
0.0251045
0.0258861
0.0266567
0.0274334
0.0282209
0.0290112
0.029809
0.0306303
0.0314649
0.03229
0.0331145
0.0339858
0.0349014
0.035809
0.0366893
0.0375858
0.0385378
0.0395122
0.0404654
0.0414094
0.0423894
0.0433987
0.0444223
0.0454504
0.0465046
0.0475965
0.0487175
0.0498464
0.0510031
0.0521961
0.0533982
0.0546055
0.0558098
0.0570372
0.05831
0.0596301
0.0609617
0.0623269
0.0636951
0.0650925
0.0665154
0.0679631
0.0694282
0.0709395
0.0724745
0.074038
0.0756306
0.0772564
0.0789206
0.0805991
0.0823396
0.0840911
0.0858987
0.0877274
0.0896091
0.0915182
0.093446
0.0954208
0.0974159
0.0994698
0.101561
0.103664
0.10582
0.107982
0.110203
0.112442
0.114717
0.117011
0.119288
0.12144
0.123363
0.00855679
0.00882786
0.00940815
0.0099778
0.010399
0.0111621
0.0119967
0.0120383
0.0117299
0.0120551
0.0128527
0.0134921
0.0139026
0.0142576
0.0147317
0.0155097
0.0164182
0.0170719
0.0175058
0.0180654
0.0188274
0.0195825
0.0201904
0.020758
0.0214503
0.0222393
0.0229728
0.0236427
0.0243557
0.0251306
0.0259105
0.0266769
0.0274504
0.028236
0.0290246
0.0298212
0.0306431
0.0314784
0.032302
0.0331236
0.0339932
0.0349097
0.035818
0.036695
0.0375879
0.038541
0.0395181
0.0404704
0.0414109
0.0423913
0.0434047
0.0444294
0.0454552
0.0465094
0.0476029
0.0487227
0.0498493
0.0510054
0.0521977
0.0533981
0.0546046
0.0558115
0.0570421
0.0583149
0.059633
0.0609635
0.062328
0.0636961
0.0650944
0.0665173
0.0679651
0.0694308
0.0709423
0.0724769
0.0740403
0.0756333
0.0772594
0.0789234
0.0806019
0.0823423
0.0840938
0.0859016
0.0877299
0.0896107
0.091519
0.093447
0.0954223
0.0974176
0.099471
0.101561
0.103664
0.105821
0.107983
0.110204
0.112444
0.114721
0.117016
0.119296
0.121454
0.123376
0.00874767
0.00892301
0.00946083
0.0101774
0.0107166
0.011375
0.0121588
0.0123164
0.0120326
0.0122472
0.0129933
0.0136563
0.01406
0.014376
0.0148068
0.0155603
0.0164948
0.0171742
0.0175789
0.0181089
0.0188837
0.0196543
0.0202542
0.0208055
0.0214882
0.02228
0.0230179
0.0236801
0.0243828
0.0251571
0.0259373
0.0266989
0.027468
0.0282519
0.029039
0.0298344
0.0306566
0.0314924
0.0323147
0.0331332
0.0340008
0.0349185
0.0358275
0.0367012
0.0375904
0.0385442
0.0395244
0.040476
0.0414128
0.0423932
0.0434108
0.0444368
0.0454601
0.0465142
0.0476094
0.0487282
0.0498524
0.0510077
0.0521996
0.0533982
0.0546041
0.0558134
0.0570469
0.0583197
0.059636
0.0609654
0.0623291
0.0636973
0.0650964
0.0665193
0.0679671
0.0694335
0.0709452
0.0724794
0.0740428
0.075636
0.0772625
0.0789264
0.0806048
0.0823451
0.0840966
0.0859046
0.0877325
0.0896124
0.0915198
0.093448
0.0954238
0.0974193
0.0994723
0.101561
0.103665
0.105822
0.107985
0.110206
0.112446
0.114725
0.117021
0.119305
0.121468
0.123389
0.00898225
0.00906701
0.00950747
0.0103192
0.0110301
0.0116421
0.0123237
0.0125472
0.0123252
0.012476
0.0131495
0.0138059
0.0142194
0.0145157
0.0148973
0.0156087
0.0165627
0.0172839
0.0176651
0.0181501
0.0189351
0.0197324
0.0203243
0.0208545
0.0215293
0.0223225
0.0230632
0.0237202
0.0244118
0.0251833
0.0259659
0.0267236
0.0274866
0.0282684
0.0290545
0.0298487
0.0306709
0.031507
0.0323281
0.0331435
0.0340088
0.0349275
0.0358377
0.0367079
0.0375931
0.0385477
0.0395309
0.0404821
0.0414152
0.0423952
0.043417
0.0444445
0.0454652
0.0465189
0.0476161
0.0487339
0.0498556
0.0510101
0.0522015
0.0533986
0.0546038
0.0558153
0.0570516
0.0583244
0.059639
0.0609675
0.0623304
0.0636985
0.0650985
0.0665213
0.0679693
0.0694363
0.0709482
0.072482
0.0740453
0.0756389
0.0772657
0.0789294
0.0806077
0.082348
0.0840994
0.0859076
0.0877351
0.0896141
0.0915208
0.0934492
0.0954253
0.097421
0.0994736
0.101561
0.103665
0.105823
0.107986
0.110208
0.112449
0.114729
0.117026
0.119314
0.121482
0.123402
0.00924697
0.00927279
0.00957754
0.010406
0.0113086
0.0119552
0.0125188
0.0127467
0.0125853
0.012721
0.0133389
0.0139552
0.0143659
0.0146681
0.0150127
0.0156625
0.0166169
0.017394
0.01777
0.0181945
0.0189761
0.0198137
0.0204047
0.0209053
0.021571
0.022369
0.0231097
0.0237613
0.0244436
0.0252099
0.025995
0.0267513
0.027507
0.0282853
0.0290709
0.0298641
0.0306861
0.0315222
0.0323421
0.0331545
0.0340172
0.0349368
0.0358485
0.0367154
0.0375963
0.0385514
0.0395378
0.0404887
0.041418
0.0423974
0.0434233
0.0444525
0.0454705
0.0465237
0.0476229
0.0487397
0.0498589
0.0510126
0.0522037
0.0533992
0.0546038
0.0558173
0.0570562
0.0583291
0.0596422
0.0609697
0.0623318
0.0636999
0.0651007
0.0665235
0.0679715
0.0694391
0.0709513
0.0724847
0.0740479
0.0756418
0.077269
0.0789326
0.0806108
0.082351
0.0841024
0.0859108
0.0877377
0.0896159
0.0915218
0.0934504
0.0954269
0.0974228
0.099475
0.101561
0.103666
0.105824
0.107987
0.11021
0.112451
0.114734
0.117032
0.119323
0.121497
0.123417
0.00952095
0.00953872
0.00969965
0.0104596
0.0115243
0.012289
0.0127638
0.012939
0.0128079
0.0129556
0.0135608
0.0141272
0.0144966
0.0148155
0.0151552
0.0157355
0.0166582
0.0174933
0.0178941
0.0182523
0.0190045
0.0198907
0.0204985
0.0209619
0.02161
0.0224186
0.0231605
0.0238027
0.0244771
0.0252382
0.0260241
0.0267811
0.0275303
0.0283027
0.0290877
0.0298808
0.0307023
0.0315382
0.0323568
0.0331663
0.0340262
0.0349464
0.0358598
0.0367237
0.0375998
0.0385552
0.039545
0.0404958
0.0414212
0.0423997
0.0434297
0.0444608
0.0454759
0.0465286
0.0476298
0.0487458
0.0498623
0.0510151
0.0522061
0.0534003
0.0546041
0.0558195
0.0570608
0.0583337
0.0596454
0.060972
0.0623333
0.0637014
0.0651031
0.0665258
0.0679738
0.0694421
0.0709545
0.0724875
0.0740506
0.0756449
0.0772724
0.0789358
0.0806139
0.0823541
0.0841054
0.085914
0.0877405
0.0896177
0.0915229
0.0934517
0.0954286
0.0974246
0.0994765
0.101561
0.103666
0.105825
0.107988
0.110213
0.112454
0.114739
0.117038
0.119332
0.121513
0.123431
0.00978146
0.00984915
0.00989157
0.0105143
0.0116666
0.0126082
0.0130625
0.0131521
0.0130052
0.013158
0.0137927
0.0143407
0.0146303
0.01494
0.0153111
0.0158415
0.0166985
0.0175711
0.018028
0.0183346
0.0190261
0.0199534
0.0206036
0.0210312
0.0216454
0.0224674
0.0232182
0.0238464
0.0245101
0.0252688
0.0260542
0.0268119
0.0275567
0.0283218
0.0291044
0.0298984
0.0307198
0.031555
0.0323722
0.0331787
0.0340358
0.0349563
0.0358715
0.0367328
0.0376039
0.0385592
0.0395526
0.0405035
0.0414247
0.0424021
0.0434364
0.0444695
0.0454815
0.0465335
0.0476369
0.0487522
0.0498659
0.0510178
0.0522086
0.0534016
0.0546047
0.0558218
0.0570653
0.0583383
0.0596486
0.0609746
0.0623349
0.0637029
0.0651056
0.0665282
0.0679762
0.0694451
0.0709578
0.0724904
0.0740535
0.0756482
0.077276
0.0789392
0.0806172
0.0823574
0.0841086
0.0859174
0.0877433
0.0896197
0.0915242
0.0934531
0.0954303
0.0974265
0.099478
0.101561
0.103667
0.105827
0.10799
0.110215
0.112457
0.114744
0.117045
0.119342
0.121528
0.123447
0.0100075
0.0101833
0.0101544
0.0106047
0.0117494
0.0128774
0.0133976
0.0134092
0.0131996
0.0133218
0.0140046
0.014595
0.0147957
0.0150391
0.0154567
0.015983
0.0167577
0.0176258
0.018155
0.0184464
0.0190548
0.0199947
0.0207108
0.0211196
0.0216814
0.0225097
0.0232822
0.0238967
0.0245416
0.0252997
0.0260871
0.0268434
0.0275852
0.0283437
0.0291215
0.0299163
0.0307387
0.0315728
0.0323883
0.033192
0.0340459
0.0349668
0.0358838
0.0367426
0.0376087
0.0385634
0.0395605
0.0405121
0.0414288
0.0424046
0.0434434
0.0444785
0.0454873
0.0465383
0.0476441
0.0487587
0.0498697
0.0510206
0.0522114
0.0534032
0.0546055
0.0558242
0.0570699
0.0583428
0.0596519
0.0609773
0.0623366
0.0637046
0.0651083
0.0665307
0.0679787
0.0694482
0.0709612
0.0724934
0.0740565
0.0756516
0.0772797
0.0789426
0.0806205
0.0823607
0.0841119
0.0859208
0.0877461
0.0896217
0.0915255
0.0934546
0.0954321
0.0974284
0.0994795
0.101562
0.103668
0.105828
0.107991
0.110218
0.11246
0.114749
0.117052
0.119352
0.121544
0.123463
0.010181
0.0105197
0.0104757
0.010755
0.0118042
0.0130742
0.0137365
0.01372
0.013418
0.0134603
0.014171
0.0148641
0.0150179
0.0151353
0.0155684
0.0161425
0.016855
0.0176722
0.0182585
0.0185782
0.0191071
0.0200181
0.0208062
0.0212283
0.0217269
0.0225424
0.0233474
0.0239576
0.0245743
0.0253276
0.0261228
0.0268775
0.0276144
0.0283683
0.0291403
0.0299339
0.0307584
0.031592
0.0324053
0.033206
0.0340566
0.0349777
0.0358967
0.0367531
0.0376141
0.0385678
0.0395687
0.0405213
0.0414334
0.042407
0.0434504
0.0444882
0.0454932
0.0465431
0.0476515
0.0487656
0.0498736
0.0510235
0.0522144
0.0534052
0.0546067
0.0558268
0.0570744
0.0583472
0.0596553
0.0609802
0.0623386
0.0637065
0.0651111
0.0665332
0.0679812
0.0694515
0.0709648
0.0724966
0.0740595
0.0756551
0.0772835
0.0789462
0.080624
0.0823642
0.0841152
0.0859244
0.087749
0.0896237
0.0915269
0.0934561
0.095434
0.0974304
0.0994811
0.101562
0.103669
0.10583
0.107993
0.110221
0.112463
0.114754
0.11706
0.119362
0.121561
0.123479
0.0102882
0.0108354
0.0108375
0.0109741
0.0118648
0.0131992
0.0140439
0.0140731
0.0136846
0.0135988
0.0142826
0.0151121
0.0153008
0.015264
0.0156392
0.0162901
0.0169954
0.0177354
0.0183334
0.0187087
0.0191932
0.0200396
0.0208775
0.0213481
0.0217923
0.0225682
0.0234063
0.0240297
0.0246137
0.0253511
0.0261583
0.0269162
0.027645
0.0283941
0.0291616
0.0299518
0.0307781
0.0316126
0.0324236
0.0332208
0.034068
0.034989
0.0359103
0.0367644
0.03762
0.0385725
0.0395773
0.0405314
0.0414388
0.0424093
0.0434573
0.0444984
0.0454996
0.0465477
0.0476589
0.0487728
0.0498777
0.0510265
0.0522176
0.0534076
0.0546082
0.0558295
0.0570789
0.0583516
0.0596587
0.0609832
0.0623407
0.0637085
0.0651142
0.0665359
0.0679838
0.0694548
0.0709685
0.0724999
0.0740628
0.0756588
0.0772874
0.0789498
0.0806275
0.0823678
0.0841187
0.085928
0.087752
0.0896259
0.0915285
0.0934578
0.0954359
0.0974324
0.0994827
0.101563
0.103669
0.105831
0.107994
0.110224
0.112467
0.114759
0.117068
0.119373
0.121577
0.123497
0.0103269
0.0111056
0.01122
0.0112599
0.0119597
0.0132725
0.014293
0.0144403
0.0140092
0.0137673
0.0143522
0.015305
0.0156189
0.0154594
0.0156922
0.016395
0.0171592
0.0178401
0.0183961
0.0188161
0.0193044
0.0200804
0.0209244
0.0214626
0.0218825
0.0225967
0.023453
0.0241082
0.0246653
0.0253727
0.0261896
0.0269593
0.0276794
0.02842
0.0291851
0.0299717
0.0307973
0.031634
0.0324437
0.0332367
0.0340799
0.0350008
0.0359247
0.0367767
0.0376264
0.0385773
0.0395863
0.0405424
0.041445
0.0424118
0.0434641
0.044509
0.0455065
0.0465523
0.0476664
0.0487805
0.049882
0.0510295
0.0522211
0.0534104
0.0546099
0.0558323
0.0570835
0.058356
0.0596622
0.0609864
0.0623429
0.0637106
0.0651173
0.0665388
0.0679865
0.0694582
0.0709723
0.0725033
0.0740661
0.0756626
0.0772915
0.0789536
0.0806312
0.0823716
0.0841223
0.0859317
0.0877551
0.0896282
0.0915302
0.0934596
0.0954379
0.0974345
0.0994844
0.101564
0.10367
0.105833
0.107996
0.110227
0.112471
0.114765
0.117077
0.119384
0.121594
0.123514
0.0103145
0.0113092
0.011598
0.0116026
0.0121083
0.0133219
0.0144747
0.0147905
0.0143815
0.0139922
0.0144098
0.015424
0.0159311
0.0157351
0.0157675
0.0164446
0.0173117
0.0179941
0.0184761
0.018892
0.0194161
0.020155
0.0209641
0.0215555
0.0219905
0.0226406
0.0234873
0.0241847
0.0247314
0.0253979
0.0262142
0.0270036
0.02772
0.0284469
0.0292088
0.0299942
0.030817
0.0316551
0.0324656
0.0332541
0.0340922
0.0350127
0.0359397
0.0367903
0.0376335
0.038582
0.0395956
0.0405545
0.0414521
0.0424143
0.0434708
0.04452
0.0455139
0.0465569
0.0476737
0.0487885
0.0498867
0.0510326
0.0522248
0.0534137
0.0546121
0.0558353
0.0570881
0.0583605
0.0596657
0.0609898
0.0623453
0.0637129
0.0651207
0.0665417
0.0679893
0.0694617
0.0709763
0.0725068
0.0740696
0.0756666
0.0772957
0.0789574
0.080635
0.0823755
0.0841261
0.0859356
0.0877582
0.0896305
0.091532
0.0934615
0.09544
0.0974366
0.099486
0.101565
0.103672
0.105835
0.107997
0.110231
0.112475
0.114771
0.117086
0.119395
0.121611
0.123533
0.0102829
0.0114412
0.0119425
0.011984
0.012321
0.0133759
0.0145956
0.0150985
0.014777
0.0142851
0.0144905
0.0154751
0.0161948
0.0160717
0.0159064
0.0164601
0.0174169
0.018176
0.0186021
0.0189543
0.0195019
0.0202558
0.0210211
0.0216231
0.0220987
0.0227085
0.0235177
0.0242513
0.024809
0.0254328
0.0262337
0.0270449
0.0277668
0.0284775
0.0292318
0.0300186
0.0308386
0.0316755
0.0324882
0.0332739
0.0341054
0.0350246
0.0359554
0.0368053
0.0376415
0.0385864
0.0396051
0.0405676
0.0414601
0.042417
0.0434772
0.0445314
0.0455219
0.0465616
0.0476811
0.0487967
0.0498917
0.0510357
0.0522287
0.0534174
0.0546146
0.0558383
0.0570928
0.0583649
0.0596693
0.0609933
0.0623486
0.0637153
0.0651243
0.0665448
0.0679921
0.0694653
0.0709803
0.0725105
0.0740731
0.0756708
0.0773001
0.0789614
0.0806389
0.0823795
0.0841299
0.0859395
0.0877615
0.0896329
0.0915339
0.0934636
0.0954421
0.0974389
0.0994878
0.101566
0.103673
0.105838
0.107999
0.110234
0.11248
0.114777
0.117096
0.119407
0.121628
0.123551
0.0102632
0.0115195
0.0122319
0.0123779
0.0125976
0.0134603
0.0146723
0.0153503
0.015169
0.0146378
0.0146265
0.0154877
0.0163792
0.0164274
0.016133
0.0164822
0.017458
0.0183486
0.018784
0.0190365
0.0195504
0.020354
0.0211137
0.0216831
0.0221881
0.0227962
0.0235576
0.024305
0.0248911
0.0254813
0.0262517
0.0270802
0.0278173
0.0285142
0.029255
0.0300431
0.0308629
0.0316961
0.0325104
0.033296
0.0341204
0.0350364
0.0359714
0.0368218
0.0376507
0.0385907
0.0396143
0.040582
0.0414695
0.0424197
0.0434835
0.0445431
0.0455303
0.0465665
0.0476885
0.0488053
0.049897
0.051039
0.0522328
0.0534215
0.0546175
0.0558416
0.0570975
0.0583694
0.0596731
0.0609971
0.0623513
0.0637178
0.0651281
0.0665481
0.0679951
0.069469
0.0709846
0.0725143
0.0740768
0.0756751
0.0773046
0.0789655
0.080643
0.0823837
0.0841339
0.0859435
0.0877648
0.0896355
0.091536
0.0934657
0.0954444
0.0974412
0.0994895
0.101567
0.103674
0.10584
0.108001
0.110238
0.112486
0.114783
0.117106
0.11942
0.121645
0.123571
0.0102713
0.0115737
0.0124631
0.0127562
0.0129252
0.0135942
0.0147266
0.0155415
0.0155335
0.0150284
0.0148356
0.0155013
0.0164781
0.0167557
0.0164393
0.0165549
0.017451
0.0184727
0.0190001
0.0191719
0.0195811
0.0204184
0.0212344
0.0217633
0.0222523
0.0228858
0.0236177
0.0243511
0.0249695
0.025544
0.0262734
0.0271091
0.0278685
0.0285573
0.0292803
0.0300667
0.0308895
0.0317187
0.0325315
0.0333192
0.0341381
0.0350482
0.0359872
0.03684
0.0376616
0.0385949
0.0396229
0.0405973
0.0414804
0.0424228
0.0434894
0.0445553
0.0455393
0.0465714
0.047696
0.0488143
0.0499024
0.0510424
0.0522372
0.0534261
0.0546208
0.055845
0.0571023
0.0583738
0.0596768
0.0610012
0.0623543
0.0637204
0.065132
0.0665515
0.0679981
0.0694727
0.070989
0.0725184
0.0740807
0.0756795
0.0773092
0.0789696
0.0806472
0.082388
0.0841379
0.0859476
0.0877681
0.0896381
0.0915382
0.0934681
0.0954467
0.0974436
0.0994912
0.101569
0.103676
0.105842
0.108004
0.110242
0.112492
0.114789
0.117117
0.119433
0.121662
0.12359
0.010307
0.0116255
0.0126498
0.013099
0.0132811
0.0137858
0.0147841
0.0156774
0.0158521
0.0154306
0.0151156
0.0155536
0.0165119
0.0170176
0.0167906
0.0167089
0.0174347
0.0185272
0.0192106
0.019373
0.019632
0.0204344
0.0213511
0.0218853
0.0223095
0.0229568
0.0236963
0.0244019
0.0250385
0.025617
0.0263033
0.0271324
0.0279188
0.0286062
0.029309
0.0300897
0.030917
0.0317439
0.0325524
0.0333422
0.0341585
0.0350612
0.0360024
0.0368594
0.0376744
0.0385996
0.039631
0.0406131
0.041493
0.0424263
0.0434948
0.0445679
0.0455491
0.0465763
0.0477035
0.0488239
0.0499082
0.0510457
0.0522418
0.0534311
0.0546244
0.0558487
0.0571072
0.0583782
0.0596806
0.0610054
0.0623575
0.0637232
0.0651361
0.0665552
0.0680013
0.0694766
0.0709936
0.0725225
0.0740846
0.0756842
0.077314
0.0789739
0.0806514
0.0823924
0.0841422
0.0859519
0.0877716
0.0896409
0.0915404
0.0934706
0.0954491
0.0974462
0.0994931
0.10157
0.103677
0.105845
0.108006
0.110246
0.112498
0.114796
0.117127
0.119447
0.121679
0.12361
0.0103664
0.0116804
0.012808
0.013401
0.0136414
0.0140307
0.0148695
0.0157743
0.0161143
0.0158194
0.0154486
0.01567
0.0165173
0.0171946
0.0171429
0.0169481
0.0174518
0.0185236
0.0193741
0.0196179
0.019741
0.0204213
0.021427
0.0220432
0.02239
0.0230008
0.0237771
0.0244688
0.0250998
0.0256935
0.0263449
0.0271511
0.0279655
0.0286614
0.0293414
0.0301124
0.0309452
0.0317719
0.032574
0.0333642
0.0341806
0.0350764
0.0360173
0.0368794
0.0376892
0.0386048
0.0396387
0.0406294
0.0415072
0.0424306
0.0434996
0.0445806
0.0455599
0.0465811
0.0477107
0.0488341
0.0499144
0.0510489
0.0522466
0.0534366
0.0546284
0.0558525
0.0571123
0.0583827
0.0596844
0.0610099
0.062361
0.0637261
0.0651402
0.0665589
0.0680046
0.0694805
0.0709984
0.0725269
0.0740886
0.0756889
0.077319
0.0789783
0.0806559
0.0823971
0.0841464
0.0859562
0.0877752
0.0896438
0.0915429
0.0934732
0.0954515
0.0974488
0.0994949
0.101572
0.10368
0.105847
0.108009
0.11025
0.112505
0.114803
0.117139
0.119462
0.121697
0.12363
0.0104524
0.0117374
0.0129463
0.0136672
0.0139887
0.014314
0.0149973
0.0158544
0.0163203
0.0161747
0.0158099
0.0158569
0.0165338
0.0172935
0.0174535
0.0172493
0.0175356
0.0184971
0.0194676
0.0198655
0.0199253
0.0204203
0.0214415
0.0222028
0.022519
0.0230341
0.0238388
0.0245531
0.0251631
0.0257672
0.0263998
0.0271691
0.0280045
0.0287225
0.0293793
0.0301332
0.0309743
0.0318035
0.0325973
0.0333854
0.0342031
0.0350939
0.0360327
0.0368995
0.0377058
0.0386109
0.0396458
0.040646
0.0415229
0.0424359
0.0435042
0.0445933
0.0455716
0.0465862
0.0477175
0.0488449
0.0499214
0.0510519
0.0522515
0.0534427
0.0546328
0.0558563
0.0571175
0.0583874
0.0596882
0.0610145
0.0623648
0.0637292
0.0651446
0.0665628
0.068008
0.0694846
0.0710034
0.0725314
0.0740927
0.0756938
0.0773241
0.0789828
0.0806605
0.0824019
0.0841509
0.0859606
0.0877787
0.0896468
0.0915454
0.0934761
0.095454
0.0974515
0.0994969
0.101574
0.103682
0.10585
0.108013
0.110254
0.112512
0.114811
0.11715
0.119476
0.121715
0.12365
0.01057
0.0118021
0.0130694
0.0139058
0.0143166
0.0146188
0.0151687
0.0159382
0.0164795
0.016484
0.0161743
0.016104
0.0165935
0.0173419
0.017694
0.0175748
0.0176967
0.018487
0.0194981
0.0200738
0.0201668
0.0204736
0.0214099
0.0223233
0.0226952
0.0230879
0.0238701
0.0246406
0.0252389
0.0258357
0.026465
0.0271933
0.0280328
0.0287873
0.0294273
0.030151
0.0310007
0.03184
0.0326234
0.0334057
0.0342253
0.0351132
0.0360498
0.03692
0.0377237
0.0386182
0.0396525
0.0406629
0.0415402
0.042442
0.0435082
0.0446061
0.0455845
0.0465916
0.0477237
0.048856
0.0499292
0.0510552
0.0522562
0.0534493
0.0546378
0.0558603
0.0571228
0.0583921
0.0596922
0.0610193
0.0623688
0.0637325
0.0651491
0.066567
0.0680115
0.0694886
0.0710085
0.0725361
0.0740969
0.0756989
0.0773294
0.0789874
0.0806651
0.0824067
0.0841554
0.0859653
0.0877825
0.08965
0.091548
0.0934792
0.0954567
0.0974543
0.099499
0.101576
0.103685
0.105853
0.108016
0.110259
0.112519
0.114819
0.117161
0.119492
0.121732
0.12367
0.0107166
0.0118841
0.0131815
0.0141206
0.0146239
0.0149326
0.0153782
0.0160407
0.0166065
0.0167428
0.0165204
0.0163899
0.0167116
0.0173764
0.01786
0.0178841
0.0179215
0.0185245
0.0194952
0.0202185
0.0204258
0.0206045
0.0213733
0.0223772
0.022886
0.023191
0.0238839
0.024711
0.0253305
0.0259039
0.0265336
0.0272287
0.0280505
0.0288482
0.0294906
0.03017
0.0310195
0.0318809
0.0326553
0.0334248
0.0342459
0.0351335
0.0360691
0.036942
0.0377425
0.0386265
0.039659
0.0406796
0.0415593
0.0424491
0.0435116
0.0446191
0.0455985
0.0465972
0.0477294
0.0488673
0.0499378
0.0510589
0.0522609
0.0534561
0.0546434
0.0558646
0.0571281
0.058397
0.0596964
0.0610243
0.062373
0.0637359
0.0651538
0.0665713
0.0680151
0.0694928
0.071014
0.072541
0.0741011
0.075704
0.0773348
0.0789922
0.08067
0.0824119
0.08416
0.0859699
0.0877861
0.0896533
0.0915508
0.0934825
0.0954595
0.0974571
0.0995013
0.101578
0.103688
0.105855
0.10802
0.110264
0.112526
0.114828
0.117173
0.119507
0.121751
0.12369
0.0108827
0.0119875
0.013287
0.0143105
0.0149081
0.0152469
0.0156183
0.0161706
0.0167168
0.0169541
0.0168349
0.0166918
0.016885
0.0174302
0.0179691
0.0181464
0.0181811
0.0186213
0.0194921
0.0203018
0.0206614
0.0208034
0.0213761
0.0223709
0.0230492
0.0233476
0.0239094
0.024751
0.0254285
0.0259817
0.0266017
0.0272774
0.0280637
0.0288951
0.0295675
0.0301997
0.0310273
0.0319211
0.032698
0.0334452
0.0342629
0.0351537
0.0360898
0.0369661
0.0377626
0.0386352
0.0396654
0.0406964
0.0415802
0.0424575
0.0435139
0.0446319
0.0456144
0.0466034
0.0477344
0.0488786
0.0499472
0.051063
0.0522656
0.0534631
0.0546494
0.0558691
0.0571334
0.0584019
0.0597008
0.0610295
0.0623774
0.0637394
0.0651587
0.066576
0.0680187
0.0694968
0.0710196
0.0725462
0.0741054
0.0757093
0.0773403
0.078997
0.0806749
0.0824172
0.0841647
0.0859749
0.0877899
0.0896568
0.0915536
0.0934859
0.0954624
0.0974598
0.0995038
0.101581
0.103691
0.105858
0.108025
0.110269
0.112533
0.114837
0.117185
0.119523
0.121769
0.123711
0.0110618
0.0121113
0.0133929
0.0144769
0.0151651
0.0155527
0.0158804
0.0163309
0.0168251
0.0171246
0.0171113
0.0169907
0.0170983
0.0175233
0.0180509
0.0183517
0.0184439
0.0187711
0.0195142
0.020344
0.0208467
0.0210357
0.0214477
0.0223415
0.0231539
0.023532
0.0239747
0.0247672
0.0255142
0.0260727
0.0266697
0.0273369
0.028083
0.0289237
0.0296477
0.0302493
0.0310273
0.0319499
0.0327519
0.0334734
0.0342753
0.035172
0.0361126
0.0369927
0.0377849
0.0386439
0.0396707
0.0407133
0.0416031
0.0424674
0.0435148
0.0446441
0.0456323
0.0466106
0.0477383
0.0488899
0.0499574
0.0510674
0.0522705
0.0534704
0.0546558
0.0558739
0.057139
0.0584068
0.0597052
0.061035
0.0623822
0.0637428
0.0651635
0.066581
0.0680227
0.0695009
0.0710255
0.0725516
0.0741097
0.0757147
0.077346
0.0790021
0.0806799
0.0824225
0.0841693
0.08598
0.0877938
0.0896605
0.0915568
0.0934894
0.0954657
0.0974625
0.0995067
0.101583
0.103695
0.105861
0.108029
0.110275
0.112541
0.114847
0.117197
0.119539
0.121787
0.123731
0.0112549
0.0122535
0.0135071
0.0146278
0.0153948
0.0158414
0.0161539
0.01652
0.0169439
0.0172642
0.0173447
0.0172724
0.0173314
0.017657
0.0181329
0.0185092
0.0186856
0.0189576
0.0195756
0.0203708
0.0209772
0.021263
0.0215851
0.02233
0.0231979
0.0237067
0.0240907
0.0247842
0.025575
0.0261713
0.0267425
0.0274005
0.0281151
0.0289384
0.029718
0.0303224
0.0310331
0.0319593
0.0328083
0.0335167
0.0342856
0.0351837
0.0361366
0.0370228
0.0378106
0.0386535
0.0396739
0.04073
0.0416289
0.0424793
0.0435143
0.0446549
0.0456525
0.0466194
0.0477409
0.0489007
0.0499687
0.0510723
0.0522753
0.0534783
0.0546626
0.0558785
0.0571447
0.0584121
0.0597097
0.0610407
0.0623874
0.0637464
0.0651683
0.0665862
0.0680268
0.0695049
0.0710316
0.0725573
0.074114
0.0757203
0.0773518
0.0790073
0.0806851
0.0824283
0.0841741
0.0859851
0.0877976
0.089664
0.09156
0.0934931
0.0954692
0.0974651
0.0995099
0.101585
0.103699
0.105864
0.108033
0.110281
0.112549
0.114857
0.11721
0.119555
0.121806
0.123751
0.0114634
0.0124121
0.0136327
0.0147703
0.0156008
0.0161075
0.0164276
0.0167329
0.0170832
0.0173884
0.0175356
0.0175274
0.0175676
0.0178196
0.0182309
0.0186356
0.0188934
0.019159
0.0196783
0.0204057
0.0210668
0.0214596
0.0217633
0.0223658
0.0232059
0.0238393
0.0242393
0.0248257
0.0256123
0.0262657
0.0268252
0.0274662
0.0281609
0.0289496
0.0297677
0.0304096
0.0310597
0.0319524
0.0328538
0.0335779
0.0343034
0.0351853
0.0361573
0.0370572
0.0378402
0.0386646
0.0396743
0.0407451
0.0416585
0.0424941
0.0435117
0.0446638
0.0456748
0.0466304
0.0477427
0.0489106
0.049981
0.0510777
0.0522798
0.0534866
0.0546701
0.055883
0.0571504
0.0584177
0.0597143
0.0610465
0.062393
0.0637501
0.065173
0.0665918
0.0680311
0.0695089
0.0710377
0.072563
0.0741183
0.0757261
0.0773577
0.0790127
0.0806902
0.082434
0.084179
0.0859906
0.0878019
0.0896679
0.0915636
0.0934966
0.0954729
0.0974674
0.0995132
0.101588
0.103703
0.105868
0.108038
0.110288
0.112556
0.114867
0.117223
0.119572
0.121825
0.123772
0.0116868
0.0125867
0.0137693
0.0149079
0.0157865
0.0163494
0.0166911
0.0169598
0.0172453
0.017514
0.017693
0.0177495
0.0177965
0.0179977
0.0183494
0.0187479
0.0190664
0.0193543
0.0198108
0.0204622
0.0211335
0.0216181
0.0219536
0.022456
0.023214
0.0239225
0.024392
0.0249025
0.0256394
0.0263431
0.0269143
0.0275342
0.028217
0.0289685
0.0297968
0.0304949
0.0311144
0.0319436
0.0328757
0.0336466
0.0343405
0.0351817
0.0361682
0.0370956
0.0378764
0.0386776
0.0396716
0.0407565
0.0416917
0.0425136
0.0435071
0.0446697
0.0456988
0.046644
0.0477439
0.0489194
0.0499942
0.051084
0.052284
0.0534952
0.0546785
0.0558874
0.0571557
0.0584237
0.0597192
0.0610523
0.0623991
0.063754
0.0651775
0.0665975
0.0680357
0.0695132
0.0710442
0.0725691
0.0741224
0.0757319
0.0773636
0.0790184
0.0806954
0.0824398
0.0841839
0.0859957
0.0878061
0.0896715
0.0915677
0.0935003
0.0954772
0.09747
0.0995168
0.101591
0.103707
0.105872
0.108043
0.110296
0.112564
0.114877
0.117236
0.119588
0.121843
0.123792
0.0119209
0.0127788
0.0139188
0.015045
0.0159555
0.016568
0.0169376
0.0171889
0.0174241
0.0176502
0.0178297
0.0179348
0.0180076
0.0181793
0.018484
0.0188598
0.0192142
0.0195336
0.019958
0.0205441
0.021193
0.0217406
0.0221314
0.0225836
0.0232492
0.0239718
0.0245244
0.0250103
0.0256757
0.0264019
0.0270028
0.0276054
0.0282776
0.0289989
0.0298133
0.0305649
0.0311918
0.0319513
0.0328751
0.0337055
0.0343999
0.0351847
0.0361631
0.0371314
0.037923
0.0386952
0.0396655
0.0407634
0.0417272
0.0425396
0.0435017
0.044671
0.0457241
0.0466609
0.0477445
0.0489267
0.0500082
0.0510913
0.0522877
0.0535038
0.0546881
0.0558921
0.0571605
0.0584298
0.0597245
0.061058
0.0624054
0.0637582
0.0651819
0.0666037
0.0680404
0.0695173
0.0710508
0.0725755
0.0741266
0.0757381
0.0773698
0.0790241
0.0807007
0.0824457
0.0841892
0.0860011
0.0878107
0.089675
0.0915717
0.0935038
0.0954813
0.0974725
0.0995204
0.101595
0.103711
0.105876
0.108048
0.110303
0.112573
0.114888
0.11725
0.119604
0.121862
0.123812
0.0121572
0.012986
0.0140836
0.0151853
0.0161111
0.016764
0.0171636
0.0174101
0.0176096
0.0177977
0.0179603
0.0180892
0.0181929
0.0183542
0.0186252
0.0189755
0.0193448
0.0196948
0.0201073
0.0206478
0.0212607
0.0218383
0.0222865
0.0227267
0.0233182
0.0240101
0.0246234
0.0251303
0.0257317
0.026449
0.0270851
0.0276813
0.0283417
0.0290408
0.0298267
0.0306135
0.0312749
0.0319846
0.0328675
0.033741
0.0344715
0.0352096
0.0361468
0.0371531
0.0379795
0.0387225
0.0396555
0.0407636
0.0417639
0.0425728
0.0434976
0.0446669
0.0457493
0.0466818
0.0477452
0.0489325
0.0500232
0.0510997
0.0522908
0.053512
0.0546986
0.0558972
0.057165
0.0584361
0.0597301
0.0610641
0.0624121
0.0637623
0.0651858
0.0666102
0.0680453
0.0695216
0.0710575
0.0725818
0.0741305
0.0757443
0.0773761
0.0790302
0.0807064
0.0824516
0.0841947
0.0860063
0.0878157
0.0896788
0.0915764
0.0935077
0.0954856
0.0974751
0.0995239
0.101599
0.103714
0.105881
0.108053
0.110311
0.112581
0.114898
0.117265
0.11962
0.12188
0.123832
0.0123895
0.0132023
0.0142631
0.0153319
0.0162558
0.0169369
0.0173657
0.0176165
0.0177917
0.0179496
0.0180916
0.0182247
0.018352
0.0185167
0.0187664
0.0190938
0.0194637
0.0198371
0.0202491
0.020761
0.0213418
0.0219235
0.0224184
0.0228695
0.0234135
0.0240589
0.0246954
0.0252442
0.0258071
0.0264917
0.0271561
0.0277587
0.0284085
0.0290933
0.0298468
0.030647
0.0313513
0.0320386
0.0328686
0.0337522
0.0345345
0.0352608
0.0361352
0.0371524
0.0380373
0.0387672
0.0396444
0.0407535
0.0417999
0.0426141
0.0434968
0.0446572
0.0457729
0.0467065
0.0477462
0.0489365
0.0500391
0.0511094
0.0522933
0.0535198
0.05471
0.055903
0.0571691
0.0584423
0.0597357
0.0610703
0.0624194
0.0637667
0.0651896
0.0666171
0.0680503
0.0695257
0.0710643
0.0725885
0.0741346
0.0757503
0.0773824
0.0790359
0.080712
0.0824572
0.0842005
0.0860114
0.0878206
0.0896824
0.091581
0.0935118
0.0954901
0.0974785
0.0995277
0.101603
0.103718
0.105886
0.108058
0.110319
0.11259
0.114909
0.117279
0.119637
0.121898
0.123851
0.0126159
0.0134218
0.0144542
0.0154885
0.0163947
0.0170887
0.0175412
0.0178025
0.0179614
0.0180949
0.0182184
0.0183462
0.0184866
0.0186611
0.0189028
0.0192137
0.0195774
0.0199652
0.0203827
0.0208759
0.0214322
0.0220044
0.0225288
0.0230011
0.0235195
0.0241241
0.0247548
0.0253412
0.0258955
0.0265391
0.0272157
0.0278338
0.0284752
0.0291516
0.0298766
0.0306719
0.0314163
0.0321043
0.0328893
0.0337559
0.0345768
0.0353255
0.0361446
0.0371324
0.0380799
0.0388312
0.0396423
0.0407291
0.04183
0.0426647
0.0435015
0.044642
0.045793
0.0467353
0.0477486
0.0489384
0.0500559
0.0511209
0.0522948
0.0535266
0.054722
0.0559097
0.0571733
0.0584487
0.059741
0.0610765
0.0624272
0.063771
0.0651927
0.0666244
0.0680565
0.06953
0.0710714
0.0725953
0.0741391
0.0757565
0.0773893
0.0790421
0.0807181
0.0824628
0.0842064
0.0860164
0.0878257
0.0896865
0.0915857
0.0935159
0.0954938
0.0974816
0.0995311
0.101608
0.103722
0.105892
0.108065
0.110327
0.112599
0.11492
0.117294
0.119653
0.121915
0.12387
0.0128355
0.0136388
0.0146497
0.0156537
0.016533
0.0172234
0.017689
0.0179618
0.0181121
0.0182246
0.0183326
0.0184524
0.0185986
0.0187829
0.019027
0.0193313
0.0196888
0.0200841
0.0205083
0.0209904
0.0215283
0.022088
0.0226258
0.0231194
0.0236259
0.0242002
0.0248127
0.0254179
0.0259836
0.0265947
0.027267
0.0279043
0.0285415
0.0292119
0.0299166
0.0306938
0.0314657
0.0321699
0.0329244
0.0337644
0.0346018
0.0353862
0.0361826
0.037114
0.0380957
0.038905
0.0396629
0.0406937
0.0418457
0.042725
0.0435164
0.0446212
0.0458072
0.0467674
0.0477527
0.0489373
0.0500729
0.0511351
0.0522958
0.0535317
0.0547343
0.055917
0.0571774
0.0584552
0.0597459
0.0610826
0.0624359
0.0637756
0.0651954
0.0666318
0.0680616
0.0695333
0.0710781
0.0726018
0.0741436
0.0757621
0.0773956
0.079048
0.0807242
0.0824685
0.0842126
0.0860213
0.0878306
0.0896907
0.0915905
0.0935206
0.0954981
0.0974854
0.0995347
0.101613
0.103726
0.105897
0.108071
0.110334
0.112608
0.11493
0.117308
0.119669
0.121932
0.123889
0.013051
0.0138502
0.0148421
0.0158193
0.016669
0.0173422
0.0178088
0.0180882
0.0182363
0.018332
0.018427
0.0185397
0.0186883
0.0188816
0.019133
0.0194411
0.019797
0.0201972
0.0206272
0.021103
0.0216265
0.0221738
0.0227152
0.0232256
0.0237306
0.0242835
0.0248758
0.0254813
0.0260617
0.0266567
0.0273139
0.0279669
0.0286062
0.0292713
0.0299653
0.0307202
0.0315021
0.03223
0.0329685
0.0337803
0.0346187
0.0354284
0.0362318
0.0371135
0.038086
0.0389682
0.0397136
0.0406596
0.0418374
0.0427902
0.0435491
0.0445978
0.0458137
0.0468038
0.0477617
0.0489341
0.0500896
0.0511531
0.0522974
0.0535351
0.0547474
0.0559259
0.0571822
0.0584623
0.0597504
0.0610878
0.0624453
0.0637805
0.0651977
0.0666394
0.0680704
0.0695364
0.0710851
0.0726094
0.0741497
0.0757685
0.0774027
0.0790546
0.0807307
0.0824744
0.0842191
0.0860267
0.0878359
0.0896958
0.0915954
0.0935252
0.095502
0.0974895
0.0995391
0.101619
0.10373
0.105903
0.108078
0.110343
0.112618
0.114942
0.117322
0.119685
0.121949
0.123907
0.0132687
0.0140584
0.0150287
0.0159765
0.0167945
0.0174409
0.0178958
0.0181731
0.0183213
0.0184073
0.0184914
0.0186011
0.0187528
0.0189571
0.0192193
0.019539
0.0199015
0.0203071
0.0207425
0.0212125
0.0217232
0.0222577
0.0227974
0.0233193
0.0238292
0.02437
0.0249441
0.0255397
0.0261291
0.0267218
0.0273636
0.0280229
0.0286692
0.0293303
0.030018
0.0307531
0.0315294
0.0322807
0.0330188
0.0338045
0.0346376
0.0354587
0.0362772
0.037135
0.0380675
0.0390012
0.0397842
0.0406418
0.0417977
0.0428448
0.0436014
0.0445729
0.0458048
0.0468392
0.0477745
0.0489265
0.0501024
0.0511738
0.0522989
0.053534
0.0547586
0.055935
0.0571866
0.0584696
0.0597544
0.0610921
0.0624554
0.0637859
0.0651991
0.0666463
0.0680705
0.0695364
0.0710909
0.0726152
0.0741551
0.0757734
0.0774082
0.0790605
0.0807368
0.0824799
0.0842248
0.0860309
0.08784
0.0897004
0.0915999
0.0935296
0.0955056
0.0974929
0.0995425
0.101623
0.103734
0.105907
0.108085
0.11035
0.112627
0.114952
0.117336
0.119701
0.121965
0.123924
0.013491
0.014263
0.0152045
0.0161154
0.0168945
0.0175035
0.0179326
0.0181979
0.0183443
0.0184301
0.0185112
0.0186255
0.018787
0.019008
0.0192874
0.0196243
0.0200025
0.0204158
0.020858
0.0213231
0.0218202
0.0223403
0.0228733
0.0234022
0.0239187
0.024455
0.0250137
0.0255951
0.0261872
0.0267845
0.0274172
0.0280757
0.0287309
0.0293926
0.0300752
0.0307957
0.0315569
0.0323219
0.0330717
0.0338373
0.0346611
0.0354859
0.0363134
0.0371746
0.0380665
0.0390092
0.0398627
0.0406661
0.0417445
0.0428802
0.043682
0.0445638
0.0457838
0.0468756
0.0477985
0.0489197
0.0501135
0.0512002
0.0523053
0.0535317
0.0547701
0.0559469
0.0571922
0.0584787
0.059759
0.0610949
0.0624655
0.0637927
0.0652008
0.066653
0.0680842
0.069559
0.0710983
0.0726232
0.0741633
0.0757799
0.0774146
0.0790676
0.080744
0.0824867
0.0842318
0.0860367
0.0878456
0.0897068
0.0916053
0.0935346
0.0955103
0.0974982
0.0995482
0.101629
0.10374
0.105914
0.108093
0.110358
0.112637
0.114964
0.11735
0.119716
0.121981
0.123942
0.013757
0.0144759
0.0153576
0.0162049
0.0169276
0.017487
0.0178761
0.0181194
0.0182606
0.0183543
0.0184471
0.0185793
0.0187638
0.0190117
0.0193206
0.019683
0.0200842
0.020508
0.0209547
0.0214164
0.0219001
0.0224076
0.0229317
0.0234652
0.0239893
0.0245262
0.0250761
0.0256431
0.0262348
0.0268366
0.027465
0.0281202
0.0287804
0.0294474
0.0301255
0.0308358
0.0315824
0.0323486
0.0331165
0.0338733
0.0346821
0.0355089
0.0363335
0.0372043
0.0380798
0.0389937
0.0399095
0.0407193
0.0416877
0.0428664
0.0437676
0.0445758
0.0457433
0.0468986
0.0478297
0.0489097
0.0501156
0.0512265
0.0523129
0.0535248
0.0547765
0.0559572
0.0571976
0.0584853
0.0597628
0.0610967
0.0624745
0.0637999
0.0652021
0.0666589
0.0680918
0.0695543
0.0711014
0.0726287
0.0741706
0.075785
0.0774192
0.0790742
0.0807502
0.0824926
0.0842369
0.0860402
0.0878494
0.0897121
0.0916098
0.0935383
0.0955134
0.0975011
0.0995515
0.101633
0.103743
0.105919
0.1081
0.110366
0.112645
0.114974
0.117363
0.119731
0.121995
0.123957
0.0142595
0.0149236
0.0157205
0.0164571
0.0170751
0.0175326
0.0178413
0.018036
0.0181603
0.0182635
0.0183837
0.0185493
0.0187707
0.0190502
0.0193855
0.0197651
0.0201777
0.0206048
0.0210469
0.0215042
0.0219753
0.0224718
0.0229852
0.0235186
0.0240509
0.0245901
0.0251407
0.0256994
0.0262888
0.0268926
0.0275175
0.028171
0.0288323
0.0295045
0.0301801
0.0308798
0.031616
0.032375
0.0331545
0.0339183
0.0347108
0.035539
0.036361
0.0372281
0.0381145
0.0389954
0.0399308
0.0407951
0.0416744
0.0428207
0.0438419
0.0446285
0.0457012
0.0469035
0.0478732
0.0489065
0.0501123
0.0512552
0.0523283
0.0535204
0.054782
0.0559688
0.0572056
0.0584959
0.0597718
0.0610977
0.0624833
0.0638091
0.0652048
0.0666633
0.0681012
0.0695623
0.0711053
0.0726357
0.0741797
0.0757904
0.0774237
0.079081
0.0807572
0.0824998
0.0842438
0.0860453
0.0878551
0.0897191
0.0916152
0.0935428
0.0955186
0.097507
0.0995576
0.101639
0.103749
0.105925
0.108108
0.110374
0.112654
0.114985
0.117375
0.119744
0.12201
0.123973
0.0142755
0.0148419
0.0155093
0.0161346
0.0166503
0.0170692
0.0173739
0.0176137
0.0178269
0.0180386
0.0182663
0.0185188
0.0188044
0.0191241
0.0194794
0.0198642
0.0202705
0.020691
0.0211208
0.0215706
0.0220326
0.0225195
0.0230245
0.0235523
0.0240921
0.0246342
0.0251908
0.0257513
0.0263361
0.0269385
0.027558
0.0282117
0.0288748
0.02955
0.030228
0.0309197
0.0316493
0.0324007
0.033179
0.0339562
0.0347387
0.0355605
0.0363863
0.0372362
0.0381359
0.0390103
0.0399284
0.0408519
0.0416997
0.0427645
0.043875
0.044709
0.0456776
0.046884
0.0479194
0.0489147
0.0500993
0.0512784
0.0523485
0.0535157
0.0547815
0.0559772
0.0572127
0.0585058
0.0597786
0.0610971
0.0624884
0.0638186
0.0652066
0.0666656
0.0681095
0.0695678
0.0711068
0.0726428
0.0741901
0.0757961
0.077429
0.0790895
0.0807646
0.0825064
0.0842493
0.0860488
0.0878598
0.0897257
0.0916205
0.0935463
0.0955222
0.0975106
0.0995616
0.101643
0.103754
0.105931
0.108116
0.110382
0.112663
0.114996
0.117388
0.119758
0.122023
0.123987
0.0162482
0.016139
0.0159545
0.015842
0.0158597
0.0160194
0.0163309
0.0167365
0.0171866
0.0176445
0.0180813
0.0184854
0.0188635
0.0192285
0.0195941
0.0199708
0.0203584
0.0207632
0.0211808
0.0216213
0.0220794
0.0225584
0.0230576
0.0235777
0.0241203
0.0246671
0.0252289
0.0258003
0.0263829
0.0269841
0.0275991
0.0282507
0.0289159
0.0295888
0.0302699
0.0309562
0.0316792
0.0324262
0.0331976
0.033987
0.0347722
0.0355836
0.036414
0.0372485
0.0381462
0.0390353
0.0399287
0.0408787
0.0417443
0.0427208
0.0438573
0.0447837
0.0456801
0.0468423
0.0479495
0.0489361
0.050081
0.0512911
0.0523747
0.053516
0.0547787
0.0559858
0.0572198
0.0585148
0.059788
0.0610967
0.0624903
0.0638302
0.0652126
0.0666681
0.0681199
0.0695753
0.0711063
0.0726488
0.0741996
0.0757976
0.0774303
0.0790957
0.0807708
0.0825118
0.0842545
0.0860523
0.0878645
0.0897316
0.0916245
0.0935495
0.0955265
0.0975161
0.0995666
0.101648
0.103758
0.105936
0.108122
0.110388
0.11267
0.115006
0.117399
0.119769
0.122036
0.124001
0.0158293
0.0156346
0.0153504
0.0151784
0.0151819
0.0153866
0.0157604
0.0162528
0.016803
0.0173599
0.0178901
0.018378
0.0188245
0.0192384
0.0196344
0.0200263
0.0204196
0.0208232
0.021239
0.0216754
0.0221322
0.0226075
0.0231003
0.0236128
0.0241475
0.0246955
0.0252564
0.0258357
0.0264185
0.0270179
0.0276365
0.028284
0.0289541
0.0296246
0.0303104
0.0309987
0.0317125
0.0324585
0.0332199
0.0340141
0.0348068
0.0356071
0.0364387
0.0372662
0.0381508
0.0390587
0.0399462
0.0408915
0.0417969
0.0427242
0.0438256
0.0448462
0.045729
0.0468122
0.0479663
0.0489759
0.0500713
0.0512922
0.0524044
0.0535222
0.054773
0.0559936
0.0572245
0.058521
0.0598017
0.061097
0.0624869
0.0638403
0.0652172
0.0666659
0.0681284
0.0695839
0.0711058
0.0726579
0.0742154
0.0758036
0.0774355
0.0791073
0.0807814
0.0825194
0.0842604
0.0860573
0.0878716
0.0897398
0.0916302
0.0935536
0.0955312
0.0975206
0.0995713
0.101653
0.103764
0.105944
0.108131
0.110397
0.112679
0.115016
0.11741
0.119781
0.122047
0.124009
0.016925
0.0166973
0.01634
0.0160425
0.0158827
0.0158838
0.0160445
0.0163386
0.016729
0.0171747
0.0176505
0.0181319
0.0186058
0.0190659
0.0195155
0.0199593
0.0203972
0.0208343
0.0212707
0.0217186
0.0221781
0.0226547
0.0231417
0.0236466
0.0241706
0.0247135
0.0252706
0.0258473
0.0264358
0.0270377
0.0276661
0.0283099
0.028977
0.0296472
0.0303314
0.0310274
0.0317326
0.032478
0.0332364
0.0340275
0.0348314
0.0356232
0.036453
0.037281
0.0381485
0.0390663
0.0399612
0.0408901
0.0418222
0.0427401
0.0437801
0.0448505
0.0457778
0.0467895
0.0479463
0.0490096
0.0500684
0.0512746
0.0524304
0.0535348
0.0547639
0.0560026
0.0572271
0.0585229
0.0598195
0.0610986
0.0624813
0.0638534
0.0652246
0.0666652
0.0681392
0.0695907
0.0711007
0.0726627
0.0742265
0.0758021
0.0774324
0.0791124
0.0807882
0.0825233
0.0842623
0.0860592
0.0878762
0.0897448
0.0916325
0.0935557
0.0955352
0.0975255
0.0995752
0.101656
0.103767
0.105948
0.108135
0.110401
0.112685
0.115023
0.117419
0.11979
0.122056
0.12402
0.0147135
0.0150594
0.0155026
0.0159056
0.0162351
0.016467
0.016639
0.0168071
0.0170172
0.0172864
0.0176241
0.0180246
0.0184717
0.0189482
0.0194317
0.0199142
0.0203849
0.020849
0.0213053
0.0217658
0.022231
0.0227096
0.0231958
0.0236915
0.0242047
0.0247347
0.0252846
0.0258543
0.0264486
0.0270619
0.0276981
0.0283436
0.0290003
0.0296738
0.0303559
0.031057
0.0317641
0.0325007
0.0332649
0.0340452
0.0348533
0.0356456
0.036464
0.0373028
0.0381553
0.039073
0.0399841
0.0408975
0.0418432
0.0427758
0.0437729
0.0448432
0.0458298
0.0468147
0.0479249
0.0490388
0.0500928
0.0512506
0.0524495
0.0535589
0.0547504
0.0560123
0.0572326
0.0585152
0.0598397
0.0611036
0.0624683
0.0638646
0.0652318
0.0666579
0.0681506
0.0696014
0.0710966
0.0726726
0.0742467
0.0758095
0.0774366
0.0791241
0.080801
0.0825329
0.0842676
0.086064
0.0878843
0.0897537
0.0916377
0.0935594
0.09554
0.0975301
0.0995799
0.101661
0.103773
0.105956
0.108144
0.11041
0.112693
0.115033
0.117428
0.119799
0.122066
0.124029
0.0168854
0.0165584
0.01609
0.0156782
0.0154137
0.0153459
0.0154794
0.01578
0.0162016
0.0167024
0.0172442
0.0178022
0.0183539
0.0188938
0.0194104
0.0199079
0.0203855
0.0208525
0.0213129
0.0217742
0.0222424
0.0227194
0.0232062
0.0236994
0.0242074
0.0247324
0.0252785
0.0258498
0.0264476
0.0270749
0.0277156
0.0283617
0.0290107
0.029681
0.0303669
0.0310646
0.0317806
0.0325112
0.0332788
0.0340587
0.0348593
0.0356623
0.0364678
0.0373137
0.0381652
0.0390693
0.039998
0.0408999
0.0418454
0.0427954
0.0437728
0.0448228
0.045838
0.0468415
0.0479064
0.0490346
0.050123
0.0512316
0.0524473
0.0535896
0.0547384
0.0560136
0.0572463
0.0585016
0.0598527
0.0611203
0.062454
0.0638722
0.0652457
0.0666501
0.0681572
0.0696143
0.0710885
0.0726711
0.0742589
0.07581
0.077432
0.0791266
0.0808063
0.0825372
0.0842696
0.0860645
0.0878875
0.0897586
0.0916404
0.0935611
0.0955433
0.0975341
0.0995832
0.101664
0.103776
0.105958
0.108147
0.110413
0.112696
0.115038
0.117434
0.119804
0.122072
0.124036
0.0160547
0.0156605
0.0151647
0.0147724
0.0145726
0.0145932
0.0148329
0.0152583
0.0158124
0.0164369
0.0170804
0.0177137
0.0183188
0.0188928
0.019428
0.0199283
0.0204015
0.0208606
0.0213164
0.0217751
0.0222434
0.0227199
0.0232047
0.0236986
0.0242042
0.0247281
0.0252729
0.0258469
0.0264468
0.0270789
0.0277232
0.0283683
0.0290175
0.0296841
0.0303734
0.0310693
0.0317878
0.0325196
0.0332829
0.0340667
0.0348595
0.0356655
0.0364699
0.0373111
0.03817
0.039066
0.04
0.0409057
0.0418455
0.0428075
0.0437843
0.0448239
0.0458414
0.0468611
0.0479149
0.0490287
0.05014
0.0512354
0.0524373
0.0536074
0.0547414
0.0560081
0.0572591
0.0584988
0.0598535
0.0611367
0.0624496
0.063867
0.0652552
0.0666486
0.0681573
0.0696282
0.071095
0.0726747
0.0742742
0.0758243
0.0774397
0.0791366
0.0808172
0.0825469
0.0842776
0.086071
0.0878938
0.0897659
0.0916466
0.0935653
0.0955475
0.097538
0.0995878
0.101669
0.103782
0.105965
0.108155
0.110421
0.112703
0.115045
0.11744
0.119812
0.122078
0.124042
)
;

boundaryField
{
    ZeroGradientPlanes
    {
        type            zeroGradient;
    }
    inlet
    {
        type            zeroGradient;
    }
    plate
    {
        type            zeroGradient;
    }
    frontAndBack
    {
        type            empty;
    }
}


// ************************************************************************* //
