/*--------------------------------*- C++ -*----------------------------------*\
| =========                 |                                                 |
| \\      /  F ield         | OpenFOAM: The Open Source CFD Toolbox           |
|  \\    /   O peration     | Version:  2506                                  |
|   \\  /    A nd           | Website:  www.openfoam.com                      |
|    \\/     M anipulation  |                                                 |
\*---------------------------------------------------------------------------*/
FoamFile
{
    version     2.0;
    format      ascii;
    arch        "LSB;label=32;scalar=64";
    class       volScalarField;
    location    "8.35";
    object      p;
}
// * * * * * * * * * * * * * * * * * * * * * * * * * * * * * * * * * * * * * //

dimensions      [0 2 -2 0 0 0 0];

internalField   nonuniform List<scalar> 
9600
(
4.65596e-10
0.0078411
0.0100095
0.00412952
0.00112632
0.00911096
0.010314
0.00871819
0.0104407
0.0133679
0.011772
0.0111228
0.0105191
0.0121238
0.0113895
0.0111584
0.0112139
0.0110119
0.0116895
0.0125693
3.84654e-06
0.00785177
0.0099793
0.0041062
0.00114583
0.00913052
0.0102851
0.00871554
0.0104363
0.0133457
0.0117678
0.0111244
0.0105293
0.0121142
0.0113994
0.0111545
0.0112291
0.0109975
0.0117081
0.0124745
7.90235e-06
0.00785878
0.00993642
0.00408551
0.00115882
0.0091484
0.0102539
0.00871646
0.0104289
0.0133297
0.0117694
0.0111264
0.0105424
0.0120981
0.0114227
0.0111433
0.0112535
0.0109696
0.0117283
0.0123295
1.37708e-05
0.00786461
0.0098917
0.00407435
0.0011752
0.00916189
0.0102225
0.00872223
0.0104204
0.0133069
0.0117772
0.0111192
0.0105549
0.0120841
0.0114456
0.0111274
0.0112722
0.0109437
0.0117302
0.0121784
2.66369e-05
0.00786779
0.00984049
0.00408264
0.00120414
0.00916262
0.010189
0.00873357
0.010411
0.0132763
0.0117887
0.0111004
0.0105687
0.0120689
0.0114644
0.0111077
0.0112891
0.0109213
0.0117103
0.012044
5.17261e-05
0.00786143
0.00978148
0.00411769
0.00125611
0.00914358
0.0101556
0.00875091
0.0104005
0.0132374
0.0118013
0.0110736
0.0105833
0.0120499
0.0114823
0.0110864
0.0113078
0.0108979
0.0116738
0.0119342
9.22808e-05
0.00784072
0.00971773
0.00418081
0.00133724
0.00910435
0.010128
0.00877334
0.0103892
0.0131938
0.0118138
0.0110426
0.0105975
0.0120291
0.0115022
0.0110649
0.0113251
0.0108734
0.0116252
0.0118411
0.000149092
0.00780636
0.00965394
0.00426755
0.00144727
0.00905052
0.0101113
0.00879875
0.0103776
0.0131479
0.0118257
0.0110098
0.0106113
0.0120081
0.0115244
0.011043
0.0113383
0.0108513
0.0115635
0.0117558
0.000220832
0.00776318
0.00959436
0.00436938
0.00158077
0.00898953
0.0101075
0.00882469
0.0103655
0.0131006
0.0118367
0.0109766
0.0106252
0.0119871
0.0115477
0.0110209
0.0113464
0.0108333
0.0114868
0.0116741
0.000304803
0.00771747
0.00954121
0.00447864
0.00173001
0.00892744
0.0101148
0.00884921
0.0103523
0.0130524
0.0118471
0.0109438
0.0106393
0.011966
0.011571
0.0109997
0.0113485
0.0108194
0.0113961
0.0115949
0.000397997
0.00767434
0.00949437
0.00459069
0.00188778
0.00886779
0.0101297
0.00887155
0.0103376
0.0130037
0.0118565
0.0109112
0.0106538
0.0119454
0.0115932
0.0109805
0.0113437
0.010809
0.0112954
0.0115173
0.000497871
0.00763637
0.00945212
0.0047028
0.00204887
0.0088118
0.0101488
0.00889206
0.0103217
0.0129549
0.0118646
0.0108789
0.0106687
0.011926
0.0116135
0.0109641
0.0113315
0.0108016
0.0111888
0.0114397
0.000602621
0.00760382
0.00941225
0.0048136
0.00221047
0.00875913
0.0101698
0.00891145
0.0103053
0.0129063
0.0118715
0.0108469
0.0106837
0.0119084
0.0116313
0.0109509
0.0113118
0.0107961
0.01108
0.0113605
0.00071111
0.00757488
0.0093729
0.00492242
0.00237166
0.00870894
0.0101911
0.00893025
0.0102888
0.0128585
0.011877
0.0108152
0.0106981
0.0118926
0.0116467
0.0109406
0.011285
0.0107909
0.0109714
0.0112783
0.000822721
0.00754838
0.00933302
0.00502891
0.00253254
0.00866049
0.0102119
0.00894874
0.0102729
0.0128119
0.0118811
0.0107841
0.0107111
0.0118789
0.01166
0.0109322
0.0112515
0.0107847
0.0108646
0.0111922
0.000937205
0.00752346
0.0092923
0.00513291
0.00269362
0.00861349
0.0102317
0.00896721
0.0102576
0.0127667
0.0118839
0.0107537
0.0107219
0.011867
0.0116717
0.0109247
0.0112117
0.0107763
0.0107611
0.0111017
0.00105453
0.00749964
0.00925101
0.00523443
0.00285549
0.00856811
0.0102507
0.008986
0.0102429
0.0127231
0.0118852
0.0107241
0.0107303
0.011857
0.0116823
0.010917
0.011166
0.0107649
0.0106622
0.0110064
0.00117479
0.00747667
0.0092097
0.00533357
0.00301866
0.0085248
0.0102687
0.00900543
0.0102286
0.0126811
0.0118847
0.0106954
0.0107364
0.0118483
0.0116922
0.0109087
0.0111146
0.0107499
0.0105694
0.0109072
0.00129809
0.00745443
0.00916898
0.00543044
0.00318352
0.00848413
0.0102859
0.00902586
0.0102143
0.0126407
0.0118822
0.0106676
0.0107404
0.0118402
0.0117017
0.0108999
0.0110579
0.0107308
0.0104835
0.0108052
0.00142459
0.00743287
0.00912944
0.00552522
0.00335025
0.00844664
0.0103021
0.00904754
0.0101996
0.012602
0.0118777
0.0106403
0.0107427
0.0118322
0.0117109
0.0108908
0.010996
0.0107078
0.0104056
0.0107021
0.00155437
0.00741197
0.00909157
0.00561808
0.00351886
0.00841277
0.010317
0.00907071
0.0101842
0.0125649
0.0118716
0.0106131
0.0107437
0.0118239
0.0117195
0.0108817
0.0109295
0.0106809
0.010337
0.0105991
0.00168754
0.00739175
0.00905583
0.00570918
0.00368912
0.00838293
0.0103304
0.00909563
0.0101678
0.0125294
0.0118642
0.0105856
0.0107436
0.0118152
0.011727
0.010873
0.0108589
0.0106497
0.0102787
0.0104971
0.00182419
0.00737225
0.00902248
0.00579865
0.00386056
0.00835744
0.010342
0.00912249
0.0101505
0.0124951
0.0118564
0.0105576
0.0107425
0.0118065
0.0117328
0.010865
0.0107854
0.0106134
0.0102316
0.0103982
0.00196437
0.00735355
0.00899176
0.0058867
0.00403263
0.00833659
0.0103517
0.0091514
0.0101322
0.0124616
0.0118487
0.0105287
0.0107401
0.0117982
0.0117362
0.0108577
0.01071
0.0105707
0.010196
0.0103065
0.00210809
0.00733575
0.0089638
0.00597359
0.00420469
0.00832059
0.0103592
0.00918238
0.0101133
0.0124283
0.0118419
0.0104989
0.0107362
0.0117908
0.0117372
0.0108506
0.010634
0.0105205
0.0101716
0.0102281
0.0022554
0.00731898
0.00893867
0.00605964
0.00437613
0.00830958
0.0103645
0.00921533
0.0100941
0.0123948
0.0118364
0.0104683
0.0107299
0.0117849
0.0117355
0.0108429
0.0105591
0.0104617
0.0101549
0.0101699
0.00240626
0.00730346
0.00891641
0.0061452
0.00454637
0.00830363
0.0103678
0.00925003
0.010075
0.0123608
0.0118327
0.010437
0.0107207
0.011781
0.0117314
0.0108338
0.0104877
0.010395
0.0101387
0.0101337
0.00256068
0.00728938
0.00889706
0.00623068
0.0047149
0.00830269
0.0103692
0.00928622
0.0100561
0.0123262
0.0118311
0.0104052
0.010708
0.0117795
0.0117253
0.010822
0.0104219
0.0103246
0.010115
0.0101132
0.00271868
0.00727699
0.00888049
0.00631651
0.00488132
0.0083065
0.0103691
0.00932373
0.0100372
0.0122906
0.011832
0.010373
0.0106912
0.0117809
0.0117186
0.0108058
0.0103615
0.0102561
0.0100821
0.0100963
0.00288022
0.00726666
0.00886661
0.00640319
0.00504546
0.00831461
0.010368
0.00936274
0.0100183
0.0122538
0.0118358
0.0103404
0.010669
0.0117858
0.0117136
0.0107842
0.0103038
0.0101939
0.0100467
0.010073
0.00304513
0.00725879
0.00885541
0.00649136
0.00520714
0.0083263
0.0103671
0.00940377
0.00999911
0.0122154
0.011843
0.0103078
0.0106395
0.0117936
0.0117128
0.010758
0.010246
0.0101372
0.0100164
0.0100431
0.00321329
0.00725383
0.00884682
0.00659686
0.00536657
0.00834076
0.0103681
0.00944745
0.00997926
0.0121745
0.0118544
0.0102761
0.0106012
0.0118029
0.0117179
0.0107289
0.0101881
0.0100832
0.00999271
0.0100143
0.00338446
0.00725229
0.00884063
0.00668884
0.00552432
0.0083573
0.0103724
0.00949474
0.00995853
0.0121298
0.0118708
0.0102471
0.0105525
0.0118122
0.0117312
0.0106973
0.0101314
0.0100333
0.00997235
0.00999219
0.00355847
0.00725454
0.00883679
0.00678252
0.00568105
0.0083754
0.0103776
0.00954683
0.00993713
0.0120795
0.0118923
0.0102234
0.0104918
0.0118186
0.0117556
0.0106633
0.0100731
0.00999294
0.00995555
0.00997614
0.00373519
0.0072609
0.00883549
0.00687785
0.00583734
0.00839492
0.0103819
0.00960481
0.00991636
0.0120217
0.0119181
0.0102078
0.0104181
0.011818
0.0117939
0.01063
0.0100075
0.00996451
0.00995006
0.0099645
0.00391443
0.00727165
0.00883723
0.00697443
0.0059935
0.00841591
0.0103844
0.00966936
0.00989766
0.0119548
0.0119461
0.0102033
0.0103327
0.0118055
0.0118465
0.010604
0.00992965
0.00994261
0.00996533
0.00996214
0.0040961
0.00728679
0.00884267
0.00707219
0.00614954
0.0084388
0.0103837
0.00974006
0.0098837
0.0118779
0.0119731
0.0102128
0.0102388
0.0117762
0.0119112
0.0105929
0.00983884
0.00991697
0.0100049
0.00997994
0.00428026
0.0073061
0.00885255
0.00717126
0.00630518
0.00846472
0.0103782
0.009816
0.00987793
0.0117916
0.0119953
0.0102381
0.0101407
0.0117266
0.0119843
0.0106034
0.00973869
0.00987752
0.0100643
0.0100279
0.00446699
0.00732918
0.00886809
0.00727192
0.00645927
0.00849494
0.0103678
0.00989585
0.00988318
0.0116977
0.0120085
0.0102783
0.0100431
0.0116541
0.0120607
0.0106412
0.00963501
0.00981615
0.0101342
0.0101122
0.0046565
0.00735533
0.00889045
0.00737516
0.00660965
0.00853101
0.0103534
0.00997606
0.0099007
0.011599
0.0120094
0.0103313
0.00995115
0.011558
0.0121337
0.0107112
0.00953666
0.00972532
0.0102021
0.0102351
0.00484925
0.00738385
0.00891988
0.00748218
0.00675436
0.0085734
0.010337
0.0100534
0.00992987
0.0114994
0.0119965
0.0103938
0.00986976
0.0114386
0.0121936
0.0108164
0.00945874
0.00960074
0.0102496
0.0103913
0.00504556
0.00741437
0.00895597
0.00759514
0.00689189
0.00862106
0.0103221
0.010126
0.00997002
0.0114032
0.0119703
0.0104628
0.00980282
0.011298
0.0122296
0.0109543
0.00941966
0.00944909
0.0102543
0.0105638
0.00524579
0.00744669
0.00899767
0.00771695
0.00702146
0.00867188
0.0103117
0.0101926
0.0100188
0.0113127
0.0119319
0.010537
0.00975344
0.0111396
0.012232
0.0111146
0.00943585
0.00929089
0.0101996
0.010725
0.00545052
0.00748101
0.00904242
0.00785156
0.00714448
0.00872139
0.010309
0.0102546
0.0100708
0.0112276
0.0118833
0.0106158
0.00972503
0.0109678
0.0121939
0.0112831
0.00951663
0.00915191
0.0100851
0.0108425
0.00566008
0.00751802
0.00908667
0.0080018
0.00726445
0.008764
0.0103151
0.0103133
0.0101217
0.0111472
0.0118257
0.0106986
0.00972186
0.0107887
0.0121109
0.0114449
0.0096617
0.00905658
0.00992781
0.0108915
0.0058746
0.00755876
0.00912734
0.00816798
0.0073863
0.00879534
0.0103277
0.0103743
0.0101706
0.0110696
0.0117593
0.0107846
0.00974847
0.010612
0.0119823
0.0115837
0.00986086
0.00902528
0.00975446
0.0108649
0.00609399
0.00760466
0.00916201
0.0083493
0.00751615
0.00881329
0.0103416
0.0104439
0.0102204
0.0109906
0.0116826
0.0108717
0.00980824
0.0104501
0.0118139
0.0116828
0.0100944
0.00907012
0.00959342
0.0107723
0.00631788
0.00765758
0.00918885
0.00854197
0.00766103
0.00881791
0.0103489
0.0105262
0.0102744
0.0109093
0.011594
0.0109542
0.00990165
0.010317
0.0116194
0.0117304
0.0103377
0.00919
0.00947252
0.010634
0.00654563
0.00771962
0.00920696
0.00873948
0.0078278
0.00881232
0.0103395
0.0106193
0.0103445
0.0108318
0.011491
0.0110249
0.0100247
0.0102254
0.0114154
0.011724
0.0105651
0.00936924
0.00941481
0.0104779
0.00677642
0.00779267
0.00921488
0.00893429
0.00802087
0.00880361
0.0103059
0.0107203
0.0104393
0.0107648
0.0113741
0.0110759
0.0101683
0.0101838
0.0112173
0.011669
0.0107582
0.00958466
0.00943074
0.0103366
0.00700927
0.00787877
0.00921621
0.00911875
0.00824122
0.00880212
0.0102446
0.0108157
0.0105606
0.0107203
0.01125
0.0110985
0.0103199
0.0101956
0.0110424
0.0115765
0.0109078
0.00981263
0.00951201
0.010239
0.00724298
0.00797987
0.00921205
0.00928617
0.00848585
0.00882022
0.0101576
0.0108863
0.0107033
0.0107129
0.0111293
0.0110891
0.0104641
0.0102539
0.0109078
0.0114628
0.0110117
0.0100344
0.00963814
0.0101987
0.0074758
0.00809669
0.0092077
0.00943241
0.00874597
0.00886936
0.0100529
0.0109156
0.0108596
0.0107518
0.0110257
0.0110534
0.0105861
0.0103432
0.0108237
0.0113474
0.0110727
0.0102379
0.00978953
0.0102084
0.00770657
0.00822974
0.00920813
0.00955411
0.00901018
0.00895732
0.00994531
0.010896
0.0110107
0.0108378
0.0109562
0.0110023
0.0106777
0.0104484
0.0107877
0.0112482
0.0111003
0.0104162
0.00995583
0.0102535
0.00793332
0.00837914
0.00922107
0.00964922
0.00926436
0.00908573
0.00985157
0.0108312
0.0111332
0.0109638
0.0109364
0.0109484
0.0107372
0.0105556
0.0107905
0.011176
0.0111081
0.0105646
0.0101317
0.0103292
0.00815537
0.00854011
0.00925185
0.00972277
0.0094983
0.00924994
0.00978715
0.0107245
0.0112105
0.0111169
0.0109731
0.0109092
0.0107693
0.0106524
0.0108228
0.0111348
0.0111116
0.0106837
0.0103065
0.010435
0.00837455
0.00871235
0.00929978
0.00977332
0.00970254
0.00944307
0.00976842
0.0105945
0.0112361
0.0112714
0.0110599
0.0109038
0.0107863
0.0107289
0.0108729
0.0111245
0.0111251
0.0107832
0.0104668
0.0105629
0.00859057
0.00890423
0.00936675
0.00979375
0.00986766
0.0096537
0.00980429
0.0104915
0.0112151
0.0114009
0.0111868
0.0109431
0.0108047
0.010785
0.0109269
0.0111391
0.0111548
0.0108775
0.0106083
0.0106971
0.00880083
0.00908945
0.00945761
0.0098228
0.0100005
0.00986204
0.00988881
0.0104202
0.0111562
0.0114874
0.0113345
0.0110267
0.0108413
0.010832
0.0109766
0.0111682
0.0111992
0.0109784
0.0107424
0.0108276
0.00900421
0.00927505
0.00957099
0.00986027
0.0101018
0.0100549
0.0100115
0.0103882
0.011078
0.0115269
0.0114783
0.0111491
0.0109063
0.0108806
0.0110231
0.0112033
0.0112509
0.0110864
0.0108829
0.0109567
0.0092023
0.00945884
0.00970109
0.00991002
0.01018
0.0102264
0.0101602
0.0104002
0.0110061
0.0115278
0.011599
0.0112989
0.0110052
0.0109383
0.0110694
0.0112436
0.0113058
0.0111944
0.0110327
0.0110938
0.00939504
0.00963529
0.00984242
0.00998036
0.0102461
0.0103721
0.01032
0.0104547
0.0109586
0.0115017
0.0116869
0.0114577
0.0111381
0.0110152
0.0111166
0.0112884
0.0113652
0.0112971
0.011184
0.0112435
0.009583
0.00980505
0.00999152
0.0100693
0.0103074
0.0104928
0.0104802
0.0105445
0.0109438
0.0114669
0.0117429
0.0116065
0.0112958
0.0111224
0.0111743
0.0113353
0.0114307
0.0113975
0.0113312
0.0114052
0.00976828
0.00997317
0.0101382
0.010172
0.0103707
0.0105927
0.0106331
0.0106596
0.0109649
0.0114422
0.0117763
0.0117357
0.0114645
0.0112612
0.0112582
0.0113887
0.0114997
0.011499
0.0114723
0.0115713
0.00994889
0.0101306
0.0102833
0.0102896
0.0104431
0.0106775
0.0107726
0.0107898
0.0110198
0.0114386
0.0117987
0.0118447
0.0116328
0.0114223
0.0113739
0.0114575
0.0115683
0.0115998
0.011606
0.0117319
0.010125
0.0102882
0.0104237
0.0104123
0.0105238
0.0107527
0.0108975
0.0109393
0.0111052
0.0114612
0.0118214
0.0119376
0.0117958
0.0115952
0.0115139
0.0115518
0.0116444
0.0117025
0.0117386
0.0118875
0.0102937
0.0104351
0.0105603
0.0105424
0.0106163
0.010824
0.0110088
0.0110799
0.0112147
0.0115138
0.0118547
0.0120203
0.0119514
0.0117771
0.0116736
0.0116741
0.0117394
0.0118106
0.0118744
0.0120409
0.0104584
0.0105816
0.0106868
0.0106667
0.0107168
0.0108982
0.011106
0.0112112
0.0113377
0.0115934
0.011907
0.0121005
0.0120971
0.011965
0.0118545
0.0118237
0.0118596
0.0119287
0.0120139
0.0121939
0.0106143
0.0107225
0.0108089
0.0107884
0.0108217
0.0109744
0.0111932
0.0113337
0.0114661
0.0116938
0.0119826
0.0121895
0.0122389
0.0121564
0.0120567
0.0120032
0.0120103
0.0120664
0.0121618
0.0123521
0.010756
0.0108498
0.0109297
0.0109111
0.0109298
0.0110543
0.0112739
0.0114464
0.0115962
0.0118093
0.0120771
0.0122951
0.0123879
0.0123535
0.0122777
0.0122161
0.0121991
0.0122356
0.0123285
0.0125223
0.0108941
0.0109799
0.0110356
0.0110133
0.011033
0.0111397
0.0113542
0.011548
0.0117222
0.0119342
0.0121878
0.012417
0.0125507
0.0125614
0.012517
0.0124658
0.0124373
0.012455
0.012535
0.0127188
0.0110153
0.0110951
0.0111386
0.011112
0.0111318
0.011225
0.0114335
0.0116429
0.011841
0.0120649
0.0123135
0.0125529
0.0127288
0.0127878
0.0127789
0.0127502
0.012727
0.0127385
0.0128111
0.0129801
0.011121
0.0111995
0.0112365
0.0112012
0.0112128
0.011298
0.0115011
0.0117254
0.0119507
0.0121942
0.0124543
0.012704
0.0129181
0.0130278
0.013052
0.013044
0.013035
0.0130587
0.0131446
0.0133369
0.0112145
0.0113019
0.0113329
0.0112887
0.0113038
0.0113646
0.011556
0.011774
0.0120323
0.0123308
0.0126477
0.012955
0.0132358
0.013434
0.0135298
0.0135571
0.01353
0.0134559
0.0134089
0.0134729
0.0112763
0.0113311
0.0113573
0.0113368
0.0114239
0.0115608
0.0116844
0.0118296
0.0119811
0.0121692
0.012489
0.0129336
0.0133656
0.0136884
0.0139129
0.0141428
0.0144714
0.0148678
0.0152722
0.015592
0.0114008
0.0114732
0.0114757
0.0113954
0.0113449
0.0114496
0.0116239
0.0119605
0.01237
0.0127331
0.0130411
0.013335
0.0136159
0.0138892
0.0141615
0.0144126
0.0146486
0.014892
0.0151209
0.0152835
0.0112383
0.0113131
0.0114583
0.0115644
0.0117204
0.0118219
0.0120557
0.0122129
0.0124065
0.0126215
0.0128979
0.0131908
0.0135079
0.0138168
0.0141571
0.0145381
0.0149716
0.0154257
0.0158434
0.0161497
0.0114945
0.0116026
0.0116782
0.011662
0.0117229
0.0118796
0.0120483
0.0123035
0.0125869
0.0129306
0.0132683
0.013596
0.0139014
0.014137
0.0142868
0.0143466
0.0143073
0.0141918
0.0140361
0.0139182
0.0112975
0.0114033
0.0115973
0.0117655
0.0119386
0.0120703
0.012265
0.0124679
0.0126895
0.0129128
0.0132058
0.0134937
0.0137946
0.0141252
0.0144777
0.0148827
0.0153184
0.0157509
0.0161177
0.0163331
0.0114628
0.0115907
0.0117973
0.0119145
0.0120445
0.0121812
0.0123529
0.0125427
0.0127982
0.0130518
0.0133901
0.0137402
0.0140341
0.0143227
0.014593
0.0148528
0.0151025
0.015332
0.0155118
0.0155745
0.0143706
0.0126244
0.00712213
0.00242327
0.00184653
0.00392276
0.00629901
0.00802308
0.00909665
0.00986072
0.0105524
0.011227
0.0118814
0.0124723
0.0130056
0.0136215
0.0143444
0.0150124
0.0155274
0.0159574
0.0164477
0.0170627
0.0176781
0.0181788
0.0186713
0.0193228
0.0200845
0.0208145
0.021497
0.0221782
0.0228593
0.0235228
0.0241762
0.0248212
0.0254417
0.026038
0.0266443
0.0272875
0.027969
0.0286753
0.0293809
0.0300703
0.0307834
0.0315431
0.032291
0.0330069
0.0337592
0.0345793
0.0353815
0.0360788
0.0367375
0.0374908
0.0383043
0.039127
0.0400029
0.0409621
0.0419185
0.0428624
0.04385
0.044869
0.0458125
0.0466375
0.0474927
0.0485084
0.0496218
0.0507133
0.0518074
0.0528816
0.0539546
0.0550454
0.0561733
0.0573351
0.0585691
0.0598139
0.0610707
0.0623316
0.0636241
0.0649431
0.0662769
0.0676724
0.0690706
0.0705222
0.0719847
0.0735103
0.0750241
0.0765515
0.0781167
0.0797123
0.0813772
0.0830419
0.0847195
0.0864311
0.0881445
0.0899368
0.0917022
0.093528
0.095356
0.0971118
0.098826
0.100397
0.0140678
0.0125203
0.00721626
0.00256716
0.00193047
0.00396296
0.00632495
0.00804238
0.0091114
0.00987218
0.0105615
0.0112344
0.0118878
0.0124778
0.0130102
0.0136253
0.0143479
0.0150159
0.0155305
0.01596
0.0164499
0.0170646
0.0176801
0.0181806
0.0186727
0.019324
0.0200857
0.0208158
0.0214981
0.0221792
0.0228602
0.0235238
0.0241771
0.0248221
0.0254426
0.0260389
0.0266452
0.0272883
0.0279698
0.0286761
0.0293817
0.0300711
0.0307841
0.0315438
0.0322917
0.0330076
0.0337598
0.0345798
0.0353821
0.0360794
0.036738
0.0374913
0.0383048
0.0391274
0.0400033
0.0409625
0.0419189
0.0428627
0.0438503
0.0448693
0.0458129
0.0466378
0.0474929
0.0485086
0.049622
0.0507135
0.0518076
0.0528818
0.0539549
0.0550456
0.0561735
0.0573353
0.0585693
0.0598141
0.0610709
0.0623317
0.0636242
0.0649433
0.066277
0.0676726
0.0690708
0.0705223
0.0719848
0.0735105
0.0750243
0.0765517
0.0781168
0.0797124
0.0813773
0.083042
0.0847196
0.0864312
0.0881446
0.0899369
0.0917023
0.0935281
0.0953561
0.0971119
0.098826
0.100397
0.0136667
0.0123698
0.00739674
0.00283931
0.00208056
0.00401909
0.0063506
0.00806036
0.00912665
0.00988577
0.0105732
0.0112439
0.0118953
0.012484
0.0130153
0.0136296
0.0143518
0.0150194
0.0155336
0.0159627
0.0164521
0.0170666
0.017682
0.0181822
0.0186739
0.0193252
0.020087
0.020817
0.0214991
0.0221802
0.0228611
0.0235246
0.0241779
0.0248229
0.0254433
0.0260396
0.0266458
0.0272889
0.0279705
0.0286768
0.0293824
0.0300717
0.0307847
0.0315444
0.0322923
0.0330081
0.0337603
0.0345804
0.0353827
0.03608
0.0367384
0.0374917
0.0383052
0.0391278
0.0400036
0.0409628
0.0419192
0.042863
0.0438505
0.0448697
0.0458133
0.0466381
0.0474931
0.0485087
0.0496222
0.0507137
0.0518078
0.052882
0.053955
0.0550457
0.0561737
0.0573354
0.0585695
0.0598142
0.0610711
0.0623319
0.0636243
0.0649434
0.0662771
0.0676727
0.0690709
0.0705224
0.0719849
0.0735106
0.0750244
0.0765518
0.0781169
0.0797125
0.0813774
0.0830421
0.0847197
0.0864313
0.0881447
0.089937
0.0917024
0.0935282
0.0953562
0.097112
0.0988261
0.100397
0.0132791
0.0122386
0.00764177
0.00319369
0.00229181
0.00410034
0.00638679
0.0080846
0.00914683
0.0099041
0.0105896
0.0112574
0.0119058
0.0124927
0.013023
0.0136363
0.0143571
0.0150236
0.0155377
0.0159668
0.0164558
0.0170695
0.0176842
0.018184
0.0186755
0.0193267
0.0200885
0.0208184
0.0215004
0.0221814
0.0228622
0.0235256
0.0241788
0.0248237
0.0254441
0.0260403
0.0266465
0.0272895
0.0279711
0.0286774
0.0293831
0.0300724
0.0307853
0.031545
0.0322929
0.0330087
0.0337608
0.0345809
0.0353833
0.0360806
0.0367388
0.037492
0.0383056
0.0391281
0.0400039
0.0409632
0.0419196
0.0428633
0.0438508
0.04487
0.0458137
0.0466384
0.0474932
0.0485088
0.0496225
0.050714
0.0518081
0.0528823
0.0539552
0.0550459
0.0561738
0.0573356
0.0585696
0.0598144
0.0610712
0.062332
0.0636245
0.0649435
0.0662773
0.0676728
0.069071
0.0705225
0.071985
0.0735107
0.0750245
0.0765519
0.078117
0.0797126
0.0813775
0.0830422
0.0847198
0.0864314
0.0881448
0.0899371
0.0917025
0.0935283
0.0953563
0.0971121
0.0988263
0.100397
0.012926
0.0121189
0.00790108
0.00357244
0.00252859
0.00419473
0.00642882
0.00811358
0.00917196
0.00992764
0.0106115
0.0112758
0.0119202
0.0125047
0.0130346
0.0136466
0.0143646
0.0150289
0.015543
0.0159734
0.0164624
0.0170744
0.0176873
0.0181865
0.0186781
0.0193292
0.0200906
0.0208202
0.0215021
0.0221829
0.0228636
0.0235269
0.0241799
0.0248246
0.0254448
0.0260409
0.0266471
0.0272901
0.0279716
0.0286779
0.0293837
0.0300731
0.030786
0.0315457
0.0322936
0.0330094
0.0337614
0.0345816
0.035384
0.0360812
0.0367393
0.0374924
0.038306
0.0391285
0.0400043
0.0409636
0.04192
0.0428636
0.0438512
0.0448705
0.0458142
0.0466388
0.0474933
0.048509
0.0496228
0.0507143
0.0518083
0.0528825
0.0539554
0.0550461
0.056174
0.0573357
0.0585698
0.0598146
0.0610714
0.0623322
0.0636246
0.0649437
0.0662774
0.0676729
0.0690711
0.0705227
0.0719852
0.0735108
0.0750246
0.076552
0.0781171
0.0797127
0.0813776
0.0830424
0.0847199
0.0864315
0.0881448
0.0899372
0.0917026
0.0935284
0.0953564
0.0971122
0.0988266
0.100398
0.012595
0.0119825
0.00814822
0.003958
0.0027809
0.00429702
0.00647271
0.00814453
0.00920033
0.00995487
0.010637
0.0112977
0.0119374
0.0125196
0.0130496
0.0136606
0.0143745
0.0150353
0.0155497
0.0159827
0.0164725
0.0170819
0.0176918
0.0181903
0.0186822
0.0193329
0.0200934
0.0208225
0.0215043
0.0221849
0.0228654
0.0235286
0.0241815
0.0248259
0.0254456
0.0260417
0.0266478
0.0272908
0.027972
0.0286782
0.0293842
0.0300738
0.0307867
0.0315463
0.0322942
0.0330101
0.0337622
0.0345824
0.0353849
0.036082
0.0367399
0.0374929
0.0383064
0.0391289
0.0400047
0.040964
0.0419205
0.042864
0.0438516
0.044871
0.0458149
0.0466392
0.0474934
0.0485092
0.0496231
0.0507146
0.0518086
0.0528828
0.0539557
0.0550463
0.0561742
0.0573358
0.0585699
0.0598148
0.0610715
0.0623323
0.0636248
0.0649438
0.0662775
0.0676731
0.0690713
0.0705228
0.0719853
0.0735109
0.0750248
0.0765521
0.0781172
0.0797127
0.0813777
0.0830425
0.08472
0.0864316
0.0881449
0.0899373
0.0917027
0.0935285
0.0953566
0.0971125
0.098827
0.100399
0.0122763
0.0118207
0.00838079
0.00435183
0.0030507
0.00440827
0.00651815
0.00817667
0.00923131
0.00998498
0.0106651
0.0113216
0.0119563
0.0125363
0.0130671
0.0136772
0.0143863
0.0150425
0.0155573
0.0159943
0.0164856
0.0170918
0.017698
0.0181957
0.0186883
0.0193382
0.020097
0.0208252
0.0215068
0.0221872
0.0228673
0.0235305
0.0241835
0.0248275
0.0254468
0.0260426
0.0266488
0.0272916
0.0279724
0.0286784
0.0293846
0.0300745
0.0307874
0.0315467
0.0322947
0.033011
0.0337632
0.0345833
0.0353858
0.036083
0.0367407
0.0374935
0.0383069
0.0391294
0.0400051
0.0409645
0.041921
0.0428645
0.043852
0.0448716
0.0458156
0.0466396
0.0474936
0.0485094
0.0496235
0.050715
0.051809
0.0528831
0.053956
0.0550466
0.0561744
0.057336
0.0585702
0.059815
0.0610717
0.0623325
0.0636249
0.064944
0.0662776
0.0676732
0.0690714
0.0705229
0.0719854
0.0735111
0.0750249
0.0765522
0.0781173
0.0797129
0.0813779
0.0830426
0.0847201
0.0864317
0.088145
0.0899374
0.0917028
0.0935286
0.0953568
0.0971127
0.0988276
0.100399
0.0119716
0.011641
0.00860164
0.00475512
0.00333949
0.00453001
0.00656545
0.00820953
0.00926451
0.0100177
0.0106953
0.0113471
0.0119764
0.012554
0.0130859
0.0136955
0.0143995
0.0150505
0.0155657
0.0160073
0.0165006
0.0171035
0.0177055
0.0182028
0.0186963
0.0193452
0.0201016
0.0208285
0.0215098
0.0221896
0.0228692
0.0235324
0.0241856
0.0248293
0.0254482
0.026044
0.0266504
0.0272929
0.027973
0.0286784
0.0293849
0.0300753
0.0307882
0.0315469
0.0322948
0.0330117
0.0337644
0.0345843
0.0353868
0.0360842
0.0367419
0.0374944
0.0383075
0.03913
0.0400057
0.040965
0.0419214
0.0428649
0.0438526
0.0448723
0.0458164
0.0466402
0.0474939
0.0485097
0.0496241
0.0507155
0.0518094
0.0528835
0.0539564
0.0550469
0.0561746
0.0573363
0.0585704
0.0598153
0.061072
0.0623327
0.0636251
0.0649442
0.0662778
0.0676734
0.0690716
0.0705231
0.0719855
0.0735112
0.0750251
0.0765523
0.0781175
0.079713
0.081378
0.0830428
0.0847202
0.0864318
0.0881451
0.0899375
0.091703
0.0935287
0.0953571
0.0971131
0.0988283
0.100401
0.0116894
0.0114515
0.00880788
0.00516342
0.00364616
0.00466334
0.00661503
0.00824262
0.00929952
0.010053
0.0107276
0.0113741
0.0119976
0.0125725
0.0131056
0.0137149
0.0144137
0.0150594
0.0155748
0.016021
0.0165166
0.017116
0.0177139
0.018211
0.018706
0.0193537
0.0201072
0.0208323
0.0215132
0.0221923
0.022871
0.0235341
0.0241874
0.024831
0.0254497
0.0260459
0.0266525
0.0272948
0.027974
0.0286786
0.0293852
0.0300763
0.030789
0.031547
0.0322947
0.0330123
0.0337654
0.034585
0.0353876
0.0360856
0.0367434
0.0374956
0.0383085
0.0391309
0.0400065
0.0409655
0.0419217
0.0428652
0.043853
0.044873
0.0458173
0.0466409
0.0474942
0.0485101
0.0496248
0.0507162
0.05181
0.0528841
0.0539569
0.0550473
0.056175
0.0573366
0.0585708
0.0598156
0.0610723
0.062333
0.0636254
0.0649444
0.066278
0.0676735
0.0690717
0.0705232
0.0719857
0.0735114
0.0750253
0.0765525
0.0781176
0.0797131
0.0813782
0.0830429
0.0847204
0.086432
0.0881453
0.0899377
0.0917032
0.0935288
0.0953574
0.0971136
0.0988291
0.100402
0.0114369
0.0112568
0.00899339
0.00557056
0.00396923
0.00480973
0.00666766
0.00827538
0.0093357
0.0100907
0.0107622
0.0114028
0.0120199
0.0125918
0.0131261
0.0137352
0.014429
0.015069
0.0155843
0.0160353
0.0165332
0.0171291
0.0177227
0.0182198
0.0187167
0.0193633
0.0201136
0.0208367
0.0215168
0.0221951
0.0228729
0.0235355
0.0241888
0.0248322
0.025451
0.0260479
0.0266553
0.0272973
0.0279754
0.0286791
0.0293857
0.0300775
0.0307901
0.031547
0.0322945
0.0330129
0.0337663
0.0345854
0.035388
0.0360869
0.0367452
0.0374971
0.0383097
0.0391323
0.0400079
0.0409663
0.0419219
0.0428653
0.0438532
0.0448735
0.0458181
0.0466417
0.0474947
0.0485107
0.0496255
0.0507169
0.0518106
0.0528847
0.0539576
0.0550479
0.0561755
0.057337
0.0585712
0.059816
0.0610726
0.0623334
0.0636257
0.0649447
0.0662782
0.0676737
0.0690719
0.0705234
0.0719859
0.0735116
0.0750255
0.0765526
0.0781178
0.0797132
0.0813783
0.0830431
0.0847205
0.0864322
0.0881454
0.0899378
0.0917034
0.0935289
0.0953578
0.0971143
0.0988302
0.100403
0.0112176
0.0110607
0.0091536
0.00597154
0.00430738
0.00497065
0.00672411
0.00830716
0.00937224
0.0101308
0.0107993
0.0114334
0.0120434
0.012612
0.0131474
0.0137566
0.0144453
0.0150794
0.0155944
0.01605
0.0165503
0.0171425
0.0177316
0.0182289
0.018728
0.0193738
0.0201207
0.0208415
0.0215208
0.0221982
0.0228747
0.0235368
0.0241899
0.0248331
0.0254521
0.02605
0.0266585
0.0273004
0.0279773
0.0286798
0.0293864
0.030079
0.0307914
0.0315471
0.0322942
0.0330134
0.0337671
0.0345854
0.0353879
0.0360877
0.0367468
0.0374987
0.0383112
0.0391342
0.0400099
0.0409676
0.0419224
0.0428653
0.043853
0.0448735
0.0458187
0.0466425
0.0474954
0.0485114
0.0496265
0.0507177
0.0518113
0.0528854
0.0539584
0.0550486
0.0561761
0.0573376
0.0585718
0.0598165
0.0610731
0.0623338
0.0636261
0.0649451
0.0662784
0.067674
0.0690722
0.0705236
0.071986
0.0735118
0.0750257
0.0765528
0.0781179
0.0797134
0.0813785
0.0830433
0.0847207
0.0864323
0.0881455
0.089938
0.0917037
0.0935291
0.0953582
0.0971152
0.0988315
0.100405
0.0110322
0.010868
0.00928695
0.00636246
0.00465856
0.00514704
0.00678533
0.00833761
0.00940854
0.0101732
0.0108393
0.0114661
0.0120683
0.0126331
0.0131697
0.013779
0.0144626
0.0150906
0.015605
0.0160652
0.0165679
0.0171563
0.0177406
0.0182382
0.0187399
0.0193851
0.0201286
0.0208466
0.021525
0.0222014
0.0228767
0.023538
0.0241908
0.0248336
0.0254528
0.026052
0.0266618
0.027304
0.0279796
0.0286807
0.0293873
0.0300807
0.030793
0.0315473
0.0322939
0.033014
0.0337679
0.034585
0.0353871
0.0360881
0.0367482
0.0375
0.0383126
0.0391364
0.0400125
0.0409696
0.0419234
0.0428654
0.0438524
0.0448729
0.0458188
0.0466431
0.047496
0.0485123
0.0496276
0.0507187
0.0518119
0.0528861
0.0539592
0.0550495
0.0561768
0.0573384
0.0585725
0.0598172
0.0610738
0.0623345
0.0636267
0.0649456
0.0662788
0.0676743
0.0690724
0.0705239
0.0719863
0.073512
0.0750259
0.0765529
0.0781181
0.0797135
0.0813787
0.0830435
0.0847209
0.0864325
0.0881457
0.0899381
0.091704
0.0935292
0.0953587
0.0971163
0.0988331
0.100407
0.0108795
0.0106837
0.00939386
0.00673938
0.00501975
0.00533963
0.00685315
0.00836728
0.00944421
0.0102178
0.0108826
0.0115013
0.0120948
0.0126552
0.0131929
0.0138025
0.0144811
0.0151027
0.0156162
0.016081
0.0165861
0.0171704
0.0177499
0.0182478
0.0187525
0.0193973
0.0201372
0.0208523
0.0215295
0.0222048
0.0228787
0.0235391
0.0241915
0.024834
0.0254534
0.0260539
0.0266654
0.027308
0.0279823
0.0286819
0.0293884
0.0300827
0.0307948
0.0315477
0.0322937
0.0330147
0.0337687
0.0345843
0.0353857
0.0360878
0.0367491
0.0375011
0.0383138
0.0391386
0.0400154
0.0409721
0.041925
0.0428658
0.0438516
0.0448716
0.0458181
0.0466431
0.0474965
0.0485133
0.0496289
0.0507197
0.0518126
0.0528868
0.0539601
0.0550503
0.0561777
0.0573393
0.0585734
0.0598179
0.0610745
0.0623352
0.0636274
0.0649462
0.0662793
0.0676747
0.0690728
0.0705242
0.0719865
0.0735123
0.0750262
0.0765531
0.0781183
0.0797136
0.0813788
0.0830437
0.0847211
0.0864327
0.0881459
0.0899383
0.0917044
0.0935293
0.0953593
0.0971176
0.0988349
0.10041
0.010757
0.0105126
0.00947517
0.00709813
0.00538803
0.00554971
0.00693023
0.0083972
0.00947876
0.0102643
0.0109294
0.0115396
0.012123
0.0126784
0.013217
0.0138273
0.0145008
0.0151158
0.0156282
0.0160974
0.0166048
0.017185
0.0177595
0.018258
0.0187662
0.0194109
0.0201467
0.0208584
0.0215342
0.0222085
0.022881
0.0235403
0.0241922
0.0248343
0.0254539
0.0260558
0.0266691
0.0273122
0.0279853
0.0286833
0.0293896
0.0300848
0.0307968
0.0315481
0.0322936
0.0330155
0.0337695
0.0345833
0.0353838
0.0360869
0.0367495
0.0375018
0.0383146
0.0391405
0.0400183
0.040975
0.041927
0.0428665
0.0438506
0.0448697
0.0458165
0.0466424
0.0474965
0.0485144
0.0496305
0.050721
0.0518134
0.0528874
0.0539609
0.0550512
0.0561786
0.0573404
0.0585744
0.0598188
0.0610753
0.0623361
0.0636284
0.0649471
0.06628
0.0676753
0.0690733
0.0705245
0.0719868
0.0735126
0.0750265
0.0765534
0.0781185
0.0797137
0.081379
0.0830439
0.0847213
0.086433
0.0881461
0.0899384
0.0917048
0.0935295
0.0953599
0.0971191
0.098837
0.100412
0.0106614
0.010358
0.00953202
0.00743531
0.00576124
0.00577862
0.00701909
0.00842858
0.00951173
0.010312
0.01098
0.0115815
0.0121533
0.0127025
0.0132421
0.0138532
0.0145218
0.0151298
0.0156408
0.0161144
0.0166242
0.0172003
0.0177698
0.0182693
0.0187814
0.0194259
0.0201572
0.020865
0.0215393
0.0222124
0.0228834
0.0235417
0.024193
0.0248347
0.0254546
0.0260579
0.0266729
0.0273167
0.0279887
0.0286848
0.0293908
0.0300871
0.030799
0.0315487
0.0322935
0.0330164
0.0337703
0.0345821
0.0353813
0.0360856
0.0367496
0.0375022
0.0383153
0.0391422
0.040021
0.0409778
0.0419292
0.0428675
0.0438495
0.044867
0.0458141
0.0466409
0.0474961
0.0485153
0.0496323
0.0507225
0.0518142
0.052888
0.0539616
0.0550518
0.0561794
0.0573415
0.0585756
0.0598197
0.0610761
0.0623371
0.0636294
0.0649482
0.0662809
0.067676
0.0690739
0.070525
0.0719871
0.0735129
0.0750269
0.0765538
0.0781188
0.0797138
0.081379
0.083044
0.0847215
0.0864332
0.0881463
0.0899386
0.0917053
0.0935296
0.0953606
0.0971209
0.0988393
0.100415
0.0105885
0.0102221
0.00956692
0.00774901
0.00613727
0.00602663
0.00712174
0.00846297
0.00954304
0.0103602
0.0110342
0.0116273
0.0121861
0.0127279
0.013268
0.0138804
0.0145442
0.015145
0.0156541
0.016132
0.0166443
0.0172164
0.0177812
0.0182821
0.0187985
0.0194426
0.0201688
0.0208721
0.0215446
0.0222166
0.0228861
0.0235432
0.0241939
0.0248353
0.0254554
0.0260601
0.0266769
0.0273216
0.0279924
0.0286866
0.0293922
0.0300895
0.0308014
0.0315494
0.0322934
0.0330173
0.0337712
0.0345806
0.0353783
0.0360836
0.0367495
0.0375026
0.0383159
0.0391438
0.0400235
0.0409803
0.0419313
0.0428685
0.0438481
0.0448638
0.0458108
0.0466388
0.0474952
0.0485159
0.0496341
0.0507242
0.0518152
0.0528887
0.0539622
0.0550523
0.0561801
0.0573426
0.0585769
0.0598208
0.061077
0.062338
0.0636306
0.0649494
0.066282
0.0676769
0.0690747
0.0705255
0.0719874
0.0735131
0.0750273
0.0765543
0.0781192
0.079714
0.081379
0.0830441
0.0847217
0.0864335
0.0881466
0.0899387
0.0917058
0.0935297
0.0953613
0.0971228
0.0988418
0.100418
0.0105337
0.0101072
0.00958389
0.00803801
0.00651328
0.00629276
0.00723999
0.00850256
0.00957306
0.010408
0.0110914
0.011677
0.0122217
0.0127547
0.0132949
0.0139088
0.0145679
0.0151611
0.0156681
0.0161501
0.0166652
0.0172337
0.017794
0.0182966
0.0188176
0.0194612
0.0201815
0.0208798
0.0215503
0.0222211
0.0228891
0.023545
0.024195
0.024836
0.0254564
0.0260624
0.0266812
0.0273267
0.0279964
0.0286885
0.0293935
0.030092
0.0308039
0.0315502
0.0322934
0.0330183
0.0337721
0.0345791
0.035375
0.0360815
0.0367494
0.0375031
0.0383167
0.0391455
0.0400258
0.0409826
0.0419331
0.0428695
0.0438466
0.04486
0.0458069
0.0466363
0.0474943
0.0485165
0.0496359
0.0507259
0.0518162
0.0528893
0.0539628
0.0550528
0.0561806
0.0573436
0.0585782
0.0598219
0.0610779
0.062339
0.0636318
0.0649508
0.0662832
0.0676779
0.0690756
0.0705262
0.0719878
0.0735133
0.0750277
0.0765548
0.0781197
0.0797142
0.081379
0.0830441
0.0847219
0.0864337
0.0881469
0.0899388
0.0917064
0.0935298
0.095362
0.097125
0.0988446
0.100421
0.0104931
0.0100152
0.00958727
0.00830115
0.00688608
0.00657544
0.00737567
0.00854975
0.00960244
0.0104544
0.0111507
0.0117308
0.0122604
0.0127832
0.013323
0.0139384
0.0145929
0.0151783
0.0156826
0.0161688
0.0166871
0.0172522
0.0178084
0.018313
0.0188387
0.0194814
0.0201952
0.0208881
0.0215564
0.022226
0.0228924
0.023547
0.0241964
0.024837
0.0254576
0.0260648
0.0266855
0.0273322
0.0280007
0.0286907
0.029395
0.0300946
0.0308066
0.0315511
0.0322933
0.0330194
0.0337732
0.0345775
0.0353713
0.0360791
0.0367497
0.0375042
0.038318
0.0391474
0.0400283
0.0409845
0.0419346
0.0428704
0.0438451
0.0448558
0.0458024
0.0466339
0.047494
0.0485172
0.0496375
0.0507274
0.051817
0.0528899
0.0539635
0.0550533
0.0561812
0.0573446
0.0585795
0.0598231
0.0610788
0.0623398
0.0636329
0.0649522
0.0662846
0.067679
0.0690767
0.0705271
0.0719882
0.0735135
0.075028
0.0765554
0.0781204
0.0797145
0.081379
0.083044
0.0847219
0.086434
0.0881473
0.089939
0.091707
0.09353
0.0953628
0.0971274
0.0988476
0.100425
0.0104637
0.00994688
0.0095808
0.00853764
0.00725292
0.00687269
0.00753001
0.00860685
0.00963234
0.0104989
0.0112111
0.0117883
0.0123026
0.0128137
0.0133524
0.0139695
0.0146194
0.0151965
0.0156979
0.0161882
0.01671
0.0172723
0.0178244
0.0183311
0.0188617
0.0195033
0.0202099
0.0208969
0.0215629
0.0222312
0.022896
0.0235492
0.024198
0.0248382
0.0254589
0.0260674
0.0266901
0.0273379
0.0280054
0.028693
0.0293965
0.0300973
0.0308095
0.031552
0.0322932
0.0330205
0.0337744
0.0345759
0.0353674
0.0360768
0.0367505
0.037506
0.0383199
0.0391499
0.040031
0.0409864
0.0419358
0.0428712
0.0438436
0.0448515
0.0457976
0.0466318
0.0474946
0.0485184
0.049639
0.0507286
0.0518177
0.0528904
0.0539641
0.0550539
0.0561819
0.0573458
0.0585808
0.0598242
0.0610797
0.0623407
0.063634
0.0649536
0.066286
0.0676802
0.0690778
0.0705281
0.0719888
0.0735136
0.0750283
0.076556
0.0781212
0.079715
0.0813789
0.0830437
0.084722
0.0864342
0.0881477
0.0899391
0.0917076
0.0935302
0.0953636
0.09713
0.0988508
0.100428
0.0104426
0.00990216
0.00956796
0.00874771
0.0076114
0.007182
0.00770314
0.00867605
0.00966472
0.0105416
0.0112717
0.0118489
0.0123482
0.0128466
0.0133834
0.0140021
0.0146473
0.0152159
0.0157139
0.0162083
0.016734
0.0172939
0.017842
0.0183508
0.0188863
0.0195264
0.0202255
0.0209062
0.0215699
0.0222369
0.0228999
0.0235517
0.0241999
0.0248397
0.0254604
0.02607
0.0266947
0.0273437
0.0280102
0.0286954
0.0293981
0.0301001
0.0308124
0.0315529
0.0322931
0.0330216
0.0337757
0.0345745
0.0353636
0.0360748
0.0367521
0.0375088
0.0383226
0.039153
0.0400342
0.0409883
0.0419368
0.0428719
0.0438422
0.0448471
0.0457929
0.0466305
0.0474966
0.0485205
0.0496403
0.0507294
0.0518181
0.0528908
0.0539648
0.0550548
0.056183
0.0573471
0.0585821
0.0598253
0.0610806
0.0623416
0.0636351
0.064955
0.0662875
0.0676814
0.069079
0.0705291
0.0719894
0.0735137
0.0750285
0.0765565
0.078122
0.0797155
0.0813789
0.0830434
0.084722
0.0864344
0.0881481
0.0899393
0.0917083
0.0935304
0.0953644
0.0971327
0.0988542
0.100432
0.0104265
0.00988048
0.00955309
0.00893203
0.00795883
0.00750056
0.00789436
0.00875935
0.0097021
0.0105829
0.0113313
0.0119116
0.0123971
0.012882
0.0134164
0.0140365
0.0146769
0.0152365
0.0157307
0.0162294
0.0167594
0.0173169
0.0178608
0.0183716
0.018912
0.0195506
0.0202418
0.0209162
0.0215774
0.022243
0.0229041
0.0235545
0.024202
0.0248414
0.025462
0.0260727
0.0266995
0.0273498
0.0280152
0.028698
0.0293998
0.0301031
0.0308156
0.0315539
0.0322929
0.0330227
0.0337771
0.0345732
0.0353598
0.036073
0.0367547
0.0375126
0.0383262
0.0391569
0.040038
0.0409904
0.0419377
0.0428726
0.0438411
0.0448428
0.0457883
0.0466301
0.0475002
0.0485238
0.0496417
0.0507299
0.0518182
0.052891
0.0539654
0.0550559
0.0561845
0.0573487
0.0585836
0.0598263
0.0610815
0.0623425
0.0636363
0.0649563
0.066289
0.0676827
0.0690803
0.0705303
0.0719901
0.0735138
0.0750286
0.076557
0.0781229
0.0797162
0.081379
0.0830431
0.0847219
0.0864346
0.0881486
0.0899394
0.0917091
0.0935307
0.0953652
0.0971355
0.0988579
0.100436
0.0104114
0.00988143
0.00954174
0.00909103
0.00829203
0.007826
0.00810248
0.00885822
0.00974698
0.0106238
0.0113894
0.0119755
0.012449
0.0129204
0.0134516
0.014073
0.0147084
0.0152583
0.0157485
0.0162516
0.0167862
0.0173414
0.0178808
0.0183932
0.0189386
0.0195757
0.0202589
0.0209267
0.0215854
0.0222495
0.0229086
0.0235575
0.0242045
0.0248434
0.0254638
0.0260756
0.0267045
0.0273561
0.0280203
0.0287006
0.0294016
0.0301062
0.0308188
0.031555
0.0322927
0.0330239
0.0337787
0.034572
0.0353561
0.0360717
0.036758
0.0375174
0.0383306
0.0391615
0.0400423
0.0409926
0.0419386
0.0428733
0.0438401
0.0448387
0.0457839
0.0466305
0.0475052
0.0485281
0.0496432
0.0507301
0.0518182
0.052891
0.0539661
0.0550573
0.0561865
0.0573508
0.0585851
0.0598273
0.0610824
0.0623435
0.0636375
0.0649577
0.0662906
0.0676841
0.0690816
0.0705315
0.071991
0.0735139
0.0750288
0.0765576
0.0781238
0.079717
0.0813791
0.0830428
0.0847218
0.0864348
0.0881491
0.0899396
0.0917099
0.0935311
0.0953661
0.0971385
0.0988617
0.10044
0.0103926
0.0099032
0.00954018
0.00922552
0.00860769
0.00815667
0.00832594
0.00897304
0.0098016
0.0106659
0.0114456
0.0120396
0.0125035
0.0129616
0.0134895
0.0141117
0.0147418
0.0152817
0.0157672
0.0162749
0.0168145
0.0173672
0.0179017
0.0184156
0.018966
0.0196016
0.0202766
0.0209378
0.021594
0.0222565
0.0229135
0.0235609
0.0242072
0.0248456
0.0254658
0.0260786
0.0267096
0.0273625
0.0280256
0.0287033
0.0294036
0.0301096
0.0308223
0.0315561
0.0322925
0.0330251
0.0337805
0.034571
0.0353525
0.0360707
0.036762
0.0375231
0.0383358
0.0391667
0.0400471
0.0409951
0.0419394
0.0428739
0.0438393
0.0448347
0.0457797
0.0466317
0.0475114
0.0485334
0.0496448
0.0507301
0.051818
0.052891
0.0539669
0.0550591
0.056189
0.0573532
0.0585868
0.0598283
0.0610832
0.0623446
0.0636388
0.0649592
0.0662922
0.0676855
0.0690829
0.0705328
0.0719919
0.0735141
0.0750289
0.0765581
0.0781248
0.0797179
0.0813792
0.0830424
0.0847217
0.086435
0.0881497
0.0899398
0.0917107
0.0935315
0.095367
0.0971417
0.0988659
0.100444
0.0103656
0.00994036
0.00955456
0.00933876
0.0089025
0.00849073
0.00856313
0.00910304
0.00986787
0.0107115
0.0115
0.0121032
0.0125596
0.0130056
0.0135303
0.0141532
0.0147775
0.0153067
0.015787
0.0162992
0.0168442
0.0173945
0.0179236
0.0184385
0.018994
0.0196282
0.0202951
0.0209496
0.0216032
0.0222641
0.0229188
0.0235646
0.0242104
0.0248482
0.025468
0.0260817
0.0267149
0.0273692
0.0280309
0.0287061
0.0294057
0.0301131
0.030826
0.0315573
0.0322923
0.0330264
0.0337824
0.0345701
0.035349
0.0360699
0.0367666
0.0375294
0.0383415
0.0391725
0.0400523
0.0409978
0.0419403
0.0428745
0.0438385
0.0448309
0.0457756
0.0466333
0.0475184
0.0485394
0.0496465
0.05073
0.0518178
0.0528909
0.0539677
0.0550611
0.0561918
0.057356
0.0585885
0.0598293
0.0610841
0.0623457
0.0636401
0.0649607
0.0662939
0.067687
0.0690843
0.0705342
0.071993
0.0735143
0.075029
0.0765586
0.0781259
0.0797188
0.0813795
0.0830421
0.0847217
0.0864353
0.0881502
0.08994
0.0917115
0.093532
0.095368
0.097145
0.0988702
0.100449
0.0103278
0.00998319
0.00958928
0.00943795
0.00917315
0.00882495
0.00881317
0.00924698
0.00994692
0.0107635
0.0115538
0.0121655
0.0126165
0.0130519
0.013574
0.0141978
0.0148157
0.0153334
0.015808
0.0163246
0.0168753
0.0174233
0.0179464
0.018462
0.0190226
0.0196557
0.0203144
0.020962
0.0216131
0.0222723
0.0229245
0.0235687
0.0242139
0.0248511
0.0254705
0.0260851
0.0267204
0.027376
0.0280365
0.0287089
0.0294079
0.0301169
0.0308298
0.0315586
0.0322921
0.0330276
0.0337844
0.0345693
0.0353456
0.0360693
0.0367716
0.0375362
0.0383477
0.0391788
0.0400579
0.0410006
0.0419411
0.042875
0.0438378
0.0448271
0.0457717
0.0466353
0.0475259
0.0485458
0.0496483
0.05073
0.0518175
0.0528908
0.0539687
0.0550633
0.056195
0.057359
0.0585904
0.0598303
0.0610851
0.062347
0.0636416
0.0649623
0.0662957
0.0676886
0.0690858
0.0705357
0.0719942
0.0735146
0.0750291
0.0765591
0.078127
0.0797199
0.0813798
0.0830419
0.0847216
0.0864355
0.0881508
0.0899403
0.0917124
0.0935325
0.095369
0.0971486
0.0988748
0.100454
0.0102828
0.0100201
0.00964331
0.00953341
0.00941803
0.00915424
0.00907599
0.0094038
0.0100388
0.0108245
0.0116085
0.012226
0.0126735
0.0130998
0.0136205
0.0142459
0.014857
0.0153622
0.0158301
0.016351
0.0169078
0.0174536
0.0179704
0.0184862
0.0190518
0.0196839
0.0203345
0.0209752
0.0216236
0.0222811
0.0229308
0.0235731
0.0242178
0.0248545
0.0254733
0.0260887
0.0267262
0.0273831
0.0280422
0.0287119
0.0294102
0.0301208
0.0308339
0.0315601
0.0322919
0.0330289
0.0337866
0.0345687
0.0353423
0.0360689
0.0367768
0.0375434
0.0383542
0.0391852
0.0400637
0.0410036
0.0419419
0.0428755
0.0438372
0.0448233
0.0457679
0.0466374
0.0475337
0.0485524
0.0496503
0.05073
0.0518172
0.0528907
0.0539697
0.0550657
0.0561984
0.0573622
0.0585924
0.0598314
0.0610861
0.0623483
0.0636431
0.064964
0.0662976
0.0676903
0.0690873
0.0705373
0.0719954
0.073515
0.0750293
0.0765597
0.0781281
0.0797209
0.0813801
0.0830416
0.0847216
0.0864358
0.0881514
0.0899405
0.0917134
0.0935331
0.0953701
0.0971523
0.0988797
0.100458
0.0102421
0.0100436
0.00970842
0.00963516
0.00963979
0.00947203
0.00935092
0.00957364
0.0101425
0.0108965
0.0116663
0.0122847
0.0127299
0.0131487
0.0136695
0.0142976
0.0149018
0.0153931
0.0158535
0.0163786
0.0169418
0.0174855
0.0179955
0.0185112
0.0190819
0.0197131
0.0203555
0.0209891
0.0216348
0.0222906
0.0229376
0.0235781
0.0242222
0.0248582
0.0254763
0.0260925
0.0267322
0.0273905
0.0280481
0.028715
0.0294127
0.030125
0.0308383
0.0315616
0.0322917
0.0330302
0.0337889
0.0345683
0.0353391
0.0360686
0.0367822
0.0375508
0.0383608
0.0391919
0.0400697
0.0410068
0.0419428
0.0428759
0.0438365
0.0448197
0.0457643
0.0466396
0.0475414
0.0485591
0.0496524
0.0507301
0.051817
0.0528906
0.0539708
0.0550683
0.056202
0.0573655
0.0585945
0.0598325
0.0610872
0.0623496
0.0636447
0.0649658
0.0662996
0.0676921
0.0690889
0.0705389
0.0719967
0.0735155
0.0750295
0.0765603
0.0781293
0.079722
0.0813804
0.0830414
0.0847216
0.0864361
0.0881521
0.0899407
0.0917143
0.0935338
0.0953713
0.0971561
0.0988849
0.100464
0.0102174
0.0100573
0.0097731
0.0097479
0.00984644
0.00977219
0.00963433
0.00975833
0.0102565
0.0109799
0.0117306
0.0123424
0.0127849
0.0131981
0.0137205
0.0143528
0.0149504
0.0154266
0.0158783
0.0164074
0.0169773
0.0175188
0.0180218
0.018537
0.0191127
0.0197431
0.0203773
0.0210038
0.0216468
0.0223007
0.0229449
0.0235835
0.024227
0.0248623
0.0254797
0.0260965
0.0267384
0.0273982
0.0280543
0.0287182
0.0294153
0.0301294
0.0308429
0.0315633
0.0322915
0.0330316
0.0337914
0.034568
0.035336
0.0360684
0.0367877
0.0375584
0.0383676
0.0391987
0.0400759
0.0410101
0.0419437
0.0428764
0.0438359
0.0448161
0.0457607
0.0466418
0.0475491
0.0485657
0.0496545
0.0507302
0.0518168
0.0528906
0.053972
0.0550709
0.0562056
0.0573689
0.0585967
0.0598337
0.0610883
0.062351
0.0636464
0.0649676
0.0663017
0.067694
0.0690905
0.0705406
0.0719981
0.073516
0.0750298
0.076561
0.0781305
0.0797232
0.0813808
0.0830412
0.0847217
0.0864365
0.0881528
0.089941
0.0917154
0.0935346
0.0953725
0.0971602
0.0988904
0.100469
0.0102132
0.0100743
0.00982846
0.00986708
0.0100493
0.0100528
0.00991868
0.00995982
0.0103807
0.0110735
0.0118042
0.0124007
0.012838
0.0132476
0.0137727
0.0144109
0.0150029
0.0154632
0.0159048
0.0164375
0.0170144
0.0175537
0.0180492
0.0185637
0.0191445
0.0197742
0.0204001
0.0210193
0.0216595
0.0223116
0.0229529
0.0235895
0.0242323
0.0248669
0.0254834
0.0261008
0.026745
0.0274062
0.0280607
0.0287215
0.029418
0.030134
0.0308478
0.0315651
0.0322914
0.033033
0.033794
0.0345678
0.035333
0.0360682
0.0367933
0.037566
0.0383744
0.0392057
0.0400823
0.0410135
0.0419446
0.0428769
0.0438353
0.0448127
0.0457572
0.046644
0.0475567
0.0485723
0.0496567
0.0507305
0.0518166
0.0528906
0.0539732
0.0550736
0.0562093
0.0573723
0.0585989
0.059835
0.0610895
0.0623525
0.0636482
0.0649696
0.0663039
0.0676959
0.0690923
0.0705424
0.0719995
0.0735166
0.07503
0.0765617
0.0781318
0.0797243
0.0813812
0.083041
0.0847218
0.0864369
0.0881535
0.0899413
0.0917164
0.0935355
0.0953738
0.0971645
0.0988961
0.100474
0.0102212
0.010108
0.00987523
0.00998106
0.0102574
0.0103192
0.0101946
0.0101769
0.0105175
0.0111753
0.0118887
0.012463
0.0128888
0.0132963
0.0138258
0.0144717
0.0150596
0.0155034
0.0159332
0.016469
0.0170533
0.0175904
0.0180776
0.0185911
0.0191773
0.0198065
0.0204238
0.0210355
0.0216731
0.0223233
0.0229615
0.023596
0.0242382
0.0248721
0.0254875
0.0261054
0.0267518
0.0274144
0.0280673
0.0287251
0.0294208
0.0301388
0.0308529
0.0315671
0.0322912
0.0330344
0.0337967
0.0345679
0.0353302
0.0360682
0.036799
0.0375738
0.0383813
0.0392126
0.0400888
0.041017
0.0419456
0.0428774
0.0438346
0.0448093
0.0457539
0.0466461
0.0475642
0.0485788
0.049659
0.0507308
0.0518165
0.0528907
0.0539746
0.0550764
0.056213
0.0573759
0.0586013
0.0598364
0.0610908
0.0623541
0.06365
0.0649716
0.0663061
0.0676979
0.0690941
0.0705442
0.072001
0.0735173
0.0750303
0.0765625
0.0781331
0.0797255
0.0813816
0.0830409
0.0847219
0.0864372
0.0881542
0.0899416
0.0917176
0.0935366
0.0953752
0.097169
0.0989023
0.10048
0.0102282
0.0101641
0.00992513
0.0100783
0.0104699
0.0105835
0.0104557
0.0104027
0.0106715
0.0112841
0.0119827
0.012533
0.0129384
0.0133432
0.0138798
0.0145346
0.0151201
0.0155472
0.0159639
0.016502
0.0170941
0.0176291
0.0181072
0.018619
0.0192111
0.0198401
0.0204487
0.0210525
0.0216875
0.0223359
0.0229708
0.0236031
0.0242447
0.0248777
0.025492
0.0261103
0.0267589
0.027423
0.0280743
0.0287289
0.0294237
0.0301438
0.0308584
0.0315693
0.0322911
0.0330359
0.0337996
0.0345681
0.0353275
0.0360683
0.0368048
0.0375817
0.0383882
0.0392197
0.0400954
0.0410207
0.0419467
0.0428779
0.043834
0.044806
0.0457507
0.0466483
0.0475715
0.0485851
0.0496614
0.0507313
0.0518165
0.0528909
0.053976
0.0550793
0.0562168
0.0573794
0.0586037
0.0598379
0.0610922
0.0623557
0.0636519
0.0649736
0.0663084
0.0677
0.069096
0.0705461
0.0720025
0.073518
0.0750307
0.0765633
0.0781344
0.0797267
0.0813821
0.0830407
0.084722
0.0864377
0.088155
0.089942
0.0917187
0.0935378
0.0953766
0.0971736
0.0989088
0.100486
0.0102249
0.0102363
0.00999319
0.0101538
0.0106738
0.0108589
0.0107051
0.0106252
0.0108447
0.0114027
0.0120833
0.0126135
0.0129897
0.013387
0.0139339
0.0145993
0.0151838
0.0155948
0.0159972
0.0165369
0.0171368
0.0176699
0.0181381
0.0186474
0.0192455
0.0198751
0.0204748
0.0210704
0.0217026
0.0223494
0.022981
0.0236108
0.0242518
0.024884
0.0254969
0.0261155
0.0267663
0.0274319
0.0280817
0.0287329
0.0294268
0.0301491
0.0308642
0.0315716
0.032291
0.0330375
0.0338027
0.0345686
0.035325
0.0360684
0.0368108
0.0375896
0.0383952
0.0392268
0.0401022
0.0410246
0.0419478
0.0428785
0.0438335
0.0448029
0.0457477
0.0466505
0.0475787
0.0485914
0.0496638
0.0507319
0.0518166
0.0528911
0.0539776
0.0550822
0.0562206
0.0573831
0.0586062
0.0598395
0.0610936
0.0623575
0.0636539
0.0649758
0.0663108
0.0677021
0.0690979
0.0705481
0.072004
0.0735187
0.0750311
0.0765641
0.0781358
0.079728
0.0813825
0.0830406
0.0847222
0.0864381
0.0881559
0.0899424
0.0917199
0.0935391
0.0953781
0.0971785
0.0989156
0.100493
0.0102111
0.0103115
0.010091
0.010216
0.0108504
0.0111499
0.0109559
0.0108333
0.0110321
0.0115372
0.0121878
0.0127039
0.0130474
0.013428
0.0139866
0.0146661
0.0152506
0.015646
0.016033
0.016574
0.0171821
0.017713
0.0181705
0.0186763
0.0192805
0.0199115
0.0205025
0.0210892
0.0217185
0.0223638
0.0229922
0.0236192
0.0242594
0.0248909
0.0255024
0.026121
0.026774
0.0274411
0.0280893
0.0287371
0.0294301
0.0301545
0.0308704
0.0315743
0.032291
0.0330392
0.033806
0.0345693
0.0353226
0.0360687
0.0368168
0.0375976
0.0384021
0.0392339
0.0401091
0.0410286
0.041949
0.0428791
0.043833
0.0447999
0.0457448
0.0466527
0.0475857
0.0485976
0.0496664
0.0507327
0.0518168
0.0528914
0.0539792
0.0550852
0.0562244
0.0573868
0.0586088
0.0598411
0.0610952
0.0623593
0.063656
0.064978
0.0663132
0.0677043
0.0691
0.0705501
0.0720056
0.0735196
0.0750315
0.076565
0.0781372
0.0797292
0.081383
0.0830405
0.0847224
0.0864385
0.0881567
0.0899428
0.0917212
0.0935406
0.0953797
0.0971835
0.0989228
0.100499
0.0101906
0.0103778
0.0102212
0.0102849
0.010985
0.0114435
0.0112265
0.0110254
0.0112205
0.0116932
0.0122979
0.0128003
0.0131158
0.0134683
0.0140358
0.0147346
0.0153205
0.0157004
0.0160713
0.016613
0.0172304
0.0177589
0.0182045
0.0187058
0.0193158
0.019949
0.0205318
0.0211092
0.0217352
0.0223791
0.0230042
0.0236285
0.0242677
0.0248984
0.0255084
0.0261268
0.026782
0.0274507
0.0280973
0.0287416
0.0294335
0.0301603
0.0308768
0.0315771
0.032291
0.0330409
0.0338096
0.0345703
0.0353204
0.0360691
0.0368229
0.0376057
0.0384091
0.0392411
0.0401162
0.0410327
0.0419503
0.0428798
0.0438327
0.044797
0.0457422
0.046655
0.0475925
0.0486037
0.0496691
0.0507335
0.051817
0.0528918
0.053981
0.0550883
0.0562283
0.0573905
0.0586116
0.0598429
0.0610968
0.0623612
0.0636582
0.0649803
0.0663157
0.0677066
0.0691021
0.0705522
0.0720072
0.0735204
0.075032
0.076566
0.0781386
0.0797306
0.0813835
0.0830404
0.0847227
0.086439
0.0881576
0.0899433
0.0917224
0.0935423
0.0953814
0.0971888
0.0989305
0.100506
0.0101653
0.0104262
0.010375
0.0103825
0.0110781
0.0117147
0.0115296
0.0112153
0.0113937
0.0118684
0.012421
0.0128987
0.0131954
0.0135127
0.0140802
0.0148034
0.0153943
0.0157579
0.0161118
0.0166536
0.0172817
0.0178083
0.0182401
0.0187359
0.0193517
0.0199875
0.0205627
0.0211307
0.0217528
0.0223952
0.0230172
0.0236387
0.0242768
0.0249065
0.025515
0.0261332
0.0267903
0.0274607
0.0281057
0.0287463
0.029437
0.0301662
0.0308837
0.0315803
0.0322911
0.0330426
0.0338133
0.0345716
0.0353185
0.0360696
0.0368292
0.0376139
0.0384161
0.0392482
0.0401234
0.0410371
0.0419517
0.0428805
0.0438324
0.0447944
0.0457397
0.0466572
0.0475992
0.0486097
0.0496718
0.0507345
0.0518174
0.0528923
0.0539829
0.0550915
0.0562322
0.0573944
0.0586144
0.0598448
0.0610985
0.0623632
0.0636605
0.0649827
0.0663183
0.0677089
0.0691043
0.0705544
0.0720089
0.0735213
0.0750325
0.0765669
0.0781401
0.0797319
0.081384
0.0830403
0.084723
0.0864395
0.0881586
0.0899439
0.0917237
0.0935442
0.0953832
0.0971942
0.0989385
0.100513
0.010136
0.0104507
0.0105351
0.0105246
0.01115
0.0119384
0.0118585
0.0114252
0.0115437
0.0120502
0.0125657
0.0129994
0.0132824
0.0135663
0.014121
0.0148702
0.0154724
0.0158186
0.0161542
0.0166955
0.0173357
0.0178622
0.0182781
0.0187662
0.0193883
0.020027
0.0205949
0.0211536
0.0217716
0.0224122
0.0230311
0.0236498
0.0242867
0.0249153
0.0255221
0.02614
0.0267991
0.027471
0.0281145
0.0287514
0.0294407
0.0301724
0.0308909
0.0315837
0.0322914
0.0330445
0.0338173
0.0345733
0.0353168
0.0360702
0.0368356
0.0376222
0.0384231
0.0392553
0.0401306
0.0410415
0.0419533
0.0428813
0.0438322
0.044792
0.0457374
0.0466595
0.0476057
0.0486156
0.0496746
0.0507357
0.0518178
0.0528929
0.0539849
0.0550948
0.0562362
0.0573983
0.0586173
0.0598468
0.0611004
0.0623653
0.0636628
0.0649852
0.066321
0.0677113
0.0691066
0.0705567
0.0720106
0.0735223
0.075033
0.076568
0.0781416
0.0797333
0.0813846
0.0830402
0.0847233
0.08644
0.0881596
0.0899445
0.0917251
0.0935462
0.0953852
0.0971998
0.0989469
0.100521
0.010107
0.0104486
0.0106822
0.0107133
0.0112297
0.0121011
0.0121869
0.0116762
0.0116809
0.0122199
0.0127332
0.0131095
0.0133723
0.0136309
0.0141617
0.0149326
0.0155544
0.0158836
0.0161977
0.0167386
0.017392
0.0179206
0.0183198
0.0187967
0.0194249
0.020068
0.0206282
0.0211778
0.0217918
0.0224303
0.0230459
0.0236618
0.0242975
0.024925
0.0255299
0.0261472
0.0268083
0.0274817
0.0281237
0.0287569
0.0294446
0.0301788
0.0308985
0.0315875
0.0322917
0.0330464
0.0338215
0.0345753
0.0353153
0.0360709
0.0368421
0.0376306
0.03843
0.0392624
0.0401381
0.0410462
0.0419549
0.0428821
0.0438321
0.0447898
0.0457354
0.0466619
0.047612
0.0486213
0.0496775
0.050737
0.0518184
0.0528936
0.053987
0.0550982
0.0562402
0.0574023
0.0586204
0.0598489
0.0611023
0.0623675
0.0636653
0.0649877
0.0663237
0.0677138
0.069109
0.070559
0.0720124
0.0735234
0.0750337
0.076569
0.0781431
0.0797347
0.0813852
0.0830402
0.0847237
0.0864405
0.0881606
0.0899452
0.0917265
0.0935484
0.0953874
0.0972056
0.0989558
0.100529
0.0100887
0.0104227
0.0107997
0.0109361
0.011345
0.0122121
0.0124829
0.0119715
0.0118288
0.0123643
0.012913
0.0132389
0.0134645
0.0137038
0.0142062
0.0149902
0.0156391
0.015954
0.0162421
0.0167823
0.0174503
0.017983
0.018366
0.0188282
0.0194611
0.0201105
0.0206632
0.0212028
0.0218134
0.0224499
0.0230618
0.0236746
0.0243091
0.0249356
0.0255383
0.026155
0.0268179
0.0274928
0.0281334
0.0287627
0.0294488
0.0301855
0.0309066
0.0315916
0.0322921
0.0330485
0.033826
0.0345777
0.0353141
0.0360717
0.0368487
0.0376391
0.038437
0.0392695
0.0401456
0.041051
0.0419566
0.0428831
0.0438322
0.0447878
0.0457336
0.0466642
0.0476182
0.048627
0.0496805
0.0507385
0.0518191
0.0528944
0.0539893
0.0551016
0.0562442
0.0574063
0.0586236
0.0598511
0.0611044
0.0623698
0.0636679
0.0649904
0.0663265
0.0677163
0.0691114
0.0705615
0.0720142
0.0735245
0.0750343
0.0765702
0.0781447
0.0797361
0.0813858
0.0830402
0.0847241
0.0864411
0.0881617
0.0899461
0.0917279
0.0935509
0.0953897
0.0972116
0.0989651
0.100537
0.0100944
0.0103819
0.0108756
0.0111709
0.0115143
0.0122986
0.0127206
0.0122893
0.0120122
0.0124886
0.0130868
0.0133908
0.0135655
0.0137817
0.0142565
0.015044
0.0157249
0.0160315
0.0162873
0.016825
0.0175111
0.0180491
0.0184169
0.0188621
0.0194965
0.0201539
0.0207004
0.0212287
0.0218359
0.0224712
0.0230789
0.0236882
0.0243216
0.0249472
0.0255475
0.0261632
0.0268279
0.0275044
0.0281435
0.0287689
0.0294531
0.0301924
0.0309151
0.0315961
0.0322926
0.0330506
0.0338309
0.0345806
0.0353132
0.0360727
0.0368554
0.0376477
0.0384439
0.0392765
0.0401532
0.0410559
0.0419585
0.0428842
0.0438324
0.0447861
0.0457321
0.0466667
0.0476242
0.0486325
0.0496836
0.0507401
0.0518199
0.0528954
0.0539917
0.0551052
0.0562483
0.0574105
0.0586268
0.0598534
0.0611065
0.0623723
0.0636706
0.0649931
0.0663294
0.067719
0.069114
0.070564
0.0720161
0.0735257
0.0750351
0.0765714
0.0781464
0.0797376
0.0813865
0.0830402
0.0847246
0.0864417
0.0881628
0.089947
0.0917293
0.0935535
0.0953922
0.0972177
0.0989748
0.100546
0.0101376
0.010341
0.0109047
0.0113922
0.0117401
0.0123937
0.0128947
0.012597
0.0122421
0.0126144
0.0132402
0.0135564
0.0136839
0.0138655
0.0143114
0.0150948
0.0158105
0.0161175
0.0163346
0.0168647
0.0175739
0.0181198
0.0184716
0.0188991
0.019532
0.0201973
0.0207401
0.0212559
0.0218587
0.0224941
0.0230979
0.0237026
0.0243348
0.0249596
0.0255577
0.026172
0.0268383
0.0275165
0.0281543
0.0287755
0.0294576
0.0301996
0.0309241
0.031601
0.0322933
0.0330527
0.0338362
0.034584
0.0353125
0.0360737
0.0368624
0.0376565
0.0384508
0.0392835
0.040161
0.0410611
0.0419605
0.0428853
0.0438328
0.0447847
0.0457308
0.0466691
0.04763
0.048638
0.0496868
0.0507419
0.0518209
0.0528964
0.0539943
0.0551088
0.0562525
0.0574147
0.0586303
0.0598559
0.0611088
0.0623748
0.0636735
0.0649959
0.0663324
0.0677217
0.0691166
0.0705666
0.072018
0.073527
0.0750358
0.0765726
0.0781481
0.0797391
0.0813872
0.0830403
0.0847252
0.0864424
0.0881639
0.0899481
0.0917308
0.0935564
0.095395
0.097224
0.0989849
0.100555
0.0102309
0.0103198
0.0108911
0.0115737
0.0120089
0.0125287
0.0130229
0.0128639
0.0125037
0.012766
0.0133761
0.0137194
0.0138215
0.0139618
0.0143707
0.0151419
0.0158936
0.0162135
0.0163873
0.0168989
0.0176369
0.0181966
0.0185301
0.0189386
0.0195692
0.0202408
0.0207815
0.0212854
0.0218817
0.0225181
0.0231193
0.0237183
0.0243485
0.024973
0.0255688
0.0261816
0.0268491
0.027529
0.0281658
0.0287826
0.0294622
0.030207
0.0309336
0.0316065
0.0322941
0.0330548
0.0338417
0.034588
0.0353122
0.0360748
0.0368694
0.0376655
0.0384576
0.0392904
0.0401689
0.0410665
0.0419626
0.0428865
0.0438334
0.0447836
0.0457298
0.0466716
0.0476357
0.0486433
0.0496901
0.0507439
0.0518219
0.0528976
0.053997
0.0551126
0.0562566
0.0574189
0.0586338
0.0598585
0.0611113
0.0623775
0.0636764
0.0649989
0.0663354
0.0677245
0.0691194
0.0705693
0.07202
0.0735284
0.0750367
0.0765739
0.0781498
0.0797407
0.081388
0.0830404
0.0847258
0.0864431
0.088165
0.0899493
0.0917324
0.0935594
0.095398
0.0972305
0.0989954
0.100564
0.0103824
0.0103413
0.0108523
0.0116944
0.012293
0.0127236
0.013135
0.0130752
0.0127677
0.0129556
0.0135141
0.0138671
0.0139683
0.0140774
0.0144396
0.0151845
0.0159703
0.0163194
0.0164505
0.016927
0.0176956
0.018281
0.0185939
0.0189789
0.0196085
0.0202857
0.0208237
0.0213171
0.0219056
0.0225423
0.0231428
0.023736
0.0243627
0.0249871
0.0255811
0.026192
0.0268603
0.0275419
0.0281779
0.0287903
0.029467
0.0302146
0.0309436
0.0316126
0.0322952
0.0330569
0.0338474
0.0345926
0.0353124
0.0360759
0.0368765
0.0376747
0.0384644
0.0392972
0.0401768
0.041072
0.0419649
0.0428879
0.0438342
0.0447828
0.0457291
0.0466742
0.0476412
0.0486485
0.0496934
0.050746
0.0518232
0.052899
0.0539999
0.0551164
0.0562609
0.0574233
0.0586375
0.0598613
0.0611138
0.0623803
0.0636795
0.0650019
0.0663385
0.0677274
0.0691222
0.0705721
0.0720221
0.0735298
0.0750376
0.0765753
0.0781516
0.0797422
0.0813888
0.0830405
0.0847265
0.0864439
0.0881661
0.0899507
0.091734
0.0935627
0.0954013
0.0972371
0.0990064
0.100574
0.0105888
0.0104273
0.0108171
0.0117469
0.012557
0.01298
0.0132655
0.0132391
0.0130049
0.0131718
0.0136763
0.0140042
0.014108
0.0142104
0.0145276
0.0152261
0.016035
0.0164315
0.0165304
0.0169519
0.017744
0.0183716
0.0186672
0.0190191
0.0196482
0.020334
0.0208671
0.02135
0.021931
0.0225669
0.0231679
0.0237562
0.0243779
0.0250014
0.0255943
0.0262034
0.0268721
0.0275553
0.0281907
0.0287986
0.0294721
0.0302223
0.0309542
0.0316194
0.0322966
0.0330591
0.0338534
0.0345978
0.0353131
0.0360771
0.0368837
0.0376841
0.0384713
0.0393038
0.0401849
0.0410778
0.0419673
0.0428893
0.0438352
0.0447824
0.0457287
0.0466769
0.0476466
0.0486536
0.0496969
0.0507483
0.0518246
0.0529005
0.0540029
0.0551204
0.0562651
0.0574277
0.0586413
0.0598642
0.0611165
0.0623832
0.0636827
0.065005
0.0663417
0.0677304
0.0691251
0.0705749
0.0720242
0.0735313
0.0750386
0.0765768
0.0781534
0.0797438
0.0813897
0.0830407
0.0847273
0.0864448
0.0881673
0.0899523
0.0917357
0.0935661
0.095405
0.0972439
0.0990177
0.100584
0.0108293
0.01059
0.0108179
0.0117441
0.0127648
0.0132773
0.0134451
0.0133794
0.0131982
0.013388
0.0138736
0.0141518
0.0142295
0.0143463
0.0146415
0.0152772
0.0160844
0.0165412
0.0166312
0.0169816
0.0177771
0.018463
0.0187541
0.0190611
0.0196847
0.0203863
0.0209142
0.0213828
0.0219577
0.0225927
0.0231938
0.0237789
0.0243948
0.0250159
0.0256082
0.0262159
0.0268844
0.0275692
0.0282042
0.0288077
0.0294775
0.03023
0.0309652
0.0316269
0.0322984
0.0330613
0.0338598
0.0346036
0.0353142
0.0360785
0.036891
0.0376936
0.0384782
0.0393103
0.040193
0.0410839
0.04197
0.0428909
0.0438364
0.0447823
0.0457286
0.0466796
0.0476518
0.0486587
0.0497004
0.0507509
0.0518261
0.0529021
0.0540062
0.0551244
0.0562694
0.0574322
0.0586453
0.0598672
0.0611194
0.0623863
0.063686
0.0650082
0.066345
0.0677335
0.0691282
0.0705779
0.0720263
0.0735329
0.0750397
0.0765783
0.0781554
0.0797454
0.0813906
0.083041
0.0847281
0.0864457
0.0881684
0.089954
0.0917375
0.0935697
0.095409
0.0972508
0.0990293
0.100595
0.0110722
0.0108248
0.0108838
0.011717
0.0128932
0.0135785
0.0136892
0.013528
0.0133505
0.0135767
0.0140933
0.0143335
0.0143413
0.0144654
0.014776
0.0153522
0.0161233
0.0166368
0.0167505
0.0170271
0.0177952
0.0185459
0.0188562
0.0191107
0.0197153
0.02044
0.0209682
0.0214166
0.0219835
0.0226202
0.0232209
0.0238032
0.0244142
0.0250312
0.0256224
0.0262295
0.0268975
0.0275836
0.0282185
0.0288175
0.0294833
0.0302378
0.0309766
0.0316353
0.0323006
0.0330635
0.0338664
0.0346101
0.0353157
0.03608
0.0368984
0.0377034
0.0384851
0.0393168
0.0402011
0.0410901
0.0419728
0.0428926
0.0438379
0.0447826
0.0457288
0.0466825
0.047657
0.0486636
0.049704
0.0507536
0.0518279
0.0529039
0.0540096
0.0551286
0.0562738
0.0574368
0.0586494
0.0598704
0.0611224
0.0623896
0.0636895
0.0650115
0.0663484
0.0677367
0.0691313
0.0705809
0.0720285
0.0735346
0.0750408
0.0765798
0.0781574
0.0797471
0.0813916
0.0830413
0.084729
0.0864468
0.0881696
0.0899559
0.0917395
0.0935734
0.0954134
0.0972579
0.0990413
0.100607
0.0112831
0.0111092
0.0110304
0.0117028
0.0129448
0.0138418
0.0139876
0.0137179
0.0134815
0.0137205
0.0143072
0.0145604
0.0144702
0.0145548
0.0149104
0.0154614
0.0161676
0.0167099
0.0168764
0.0170986
0.0178066
0.0186103
0.0189688
0.0191753
0.0197405
0.0204896
0.0210307
0.0214546
0.022007
0.0226484
0.0232504
0.0238287
0.0244358
0.025048
0.0256365
0.0262436
0.0269117
0.0275986
0.0282336
0.0288282
0.0294895
0.0302457
0.0309885
0.0316444
0.0323032
0.0330657
0.0338734
0.0346173
0.0353177
0.0360815
0.036906
0.0377135
0.038492
0.0393231
0.0402094
0.0410966
0.0419759
0.0428945
0.0438396
0.0447832
0.0457293
0.0466854
0.047662
0.0486684
0.0497077
0.0507565
0.0518298
0.0529059
0.0540132
0.0551328
0.0562782
0.0574415
0.0586537
0.0598737
0.0611255
0.062393
0.0636931
0.0650149
0.0663518
0.06774
0.0691345
0.0705841
0.0720308
0.0735364
0.0750421
0.0765815
0.0781594
0.0797488
0.0813927
0.0830418
0.0847299
0.086448
0.0881707
0.089958
0.0917416
0.0935773
0.0954182
0.0972652
0.0990536
0.100618
0.0114363
0.011412
0.0112549
0.0117344
0.0129457
0.014035
0.0143076
0.0139702
0.0136207
0.0138202
0.0144853
0.0148188
0.0146452
0.0146251
0.0150181
0.0155981
0.0162383
0.0167641
0.0169913
0.0171978
0.0178264
0.018651
0.0190811
0.0192607
0.0197662
0.0205299
0.0210991
0.0215018
0.0220288
0.0226745
0.0232829
0.0238563
0.0244587
0.0250672
0.0256515
0.0262577
0.0269268
0.0276146
0.0282493
0.0288398
0.0294961
0.0302537
0.0310009
0.0316544
0.0323064
0.033068
0.0338807
0.0346255
0.0353203
0.0360828
0.0369137
0.037724
0.0384989
0.0393291
0.0402177
0.0411034
0.0419791
0.0428965
0.0438416
0.0447843
0.0457301
0.0466885
0.047667
0.0486732
0.0497114
0.0507597
0.0518319
0.052908
0.054017
0.0551372
0.0562826
0.0574463
0.0586581
0.0598773
0.0611288
0.0623965
0.0636968
0.0650184
0.0663554
0.0677435
0.0691378
0.0705873
0.0720332
0.0735382
0.0750434
0.0765832
0.0781615
0.0797504
0.0813938
0.0830423
0.0847309
0.0864493
0.0881719
0.0899603
0.0917439
0.0935813
0.0954235
0.0972728
0.099066
0.100631
0.0115189
0.0117015
0.0115398
0.0118315
0.0129301
0.0141496
0.014609
0.0142819
0.0138013
0.0138951
0.0146071
0.0150767
0.0148827
0.0147083
0.0150811
0.0157358
0.0163507
0.0168191
0.0170807
0.0173116
0.0178708
0.0186744
0.0191789
0.0193658
0.0198021
0.0205586
0.0211672
0.021561
0.0220528
0.0226959
0.023317
0.0238877
0.0244826
0.0250882
0.0256682
0.0262714
0.0269421
0.027632
0.0282661
0.0288522
0.0295032
0.0302616
0.0310138
0.0316653
0.0323101
0.0330702
0.0338882
0.0346346
0.0353236
0.0360841
0.0369214
0.037735
0.038506
0.039335
0.0402261
0.0411105
0.0419825
0.0428987
0.0438439
0.0447858
0.0457312
0.0466917
0.047672
0.0486779
0.0497152
0.050763
0.0518343
0.0529103
0.054021
0.0551417
0.0562871
0.0574511
0.0586627
0.0598809
0.0611323
0.0624002
0.0637007
0.065022
0.0663591
0.067747
0.0691413
0.0705906
0.0720357
0.0735402
0.0750449
0.076585
0.0781637
0.0797522
0.0813949
0.083043
0.084732
0.0864507
0.0881731
0.0899628
0.0917464
0.0935854
0.0954293
0.0972806
0.0990787
0.100643
0.0115292
0.0119499
0.011861
0.0120006
0.0129294
0.0141996
0.0148582
0.0146253
0.0140465
0.0139759
0.01467
0.0152996
0.0151716
0.0148406
0.0151083
0.0158412
0.0164992
0.0169022
0.0171457
0.0174175
0.0179464
0.0186984
0.0192514
0.0194798
0.0198577
0.0205799
0.0212278
0.0216313
0.0220846
0.0227126
0.0233492
0.0239239
0.0245088
0.0251097
0.0256873
0.0262857
0.0269565
0.0276502
0.0282845
0.0288657
0.0295107
0.0302694
0.0310272
0.0316774
0.0323143
0.0330723
0.033896
0.0346447
0.0353277
0.0360853
0.0369288
0.0377465
0.0385134
0.0393405
0.0402344
0.0411181
0.0419863
0.0429009
0.0438465
0.0447878
0.0457326
0.046695
0.047677
0.0486825
0.049719
0.0507665
0.0518368
0.0529128
0.0540252
0.0551463
0.0562916
0.0574561
0.0586674
0.0598848
0.061136
0.0624041
0.0637048
0.0650257
0.0663628
0.0677507
0.0691448
0.070594
0.0720382
0.0735422
0.0750465
0.076587
0.078166
0.0797539
0.0813961
0.0830438
0.0847331
0.0864523
0.0881743
0.0899654
0.0917492
0.0935895
0.0954355
0.0972886
0.0990916
0.100657
0.0114779
0.0121361
0.0121906
0.0122368
0.012968
0.014209
0.0150404
0.0149647
0.0143565
0.0140969
0.0146919
0.0154593
0.0154787
0.0150469
0.0151345
0.0158893
0.0166534
0.0170339
0.0172086
0.0174954
0.0180397
0.0187439
0.0193019
0.0195858
0.0199365
0.0206039
0.0212756
0.0217072
0.0221287
0.0227278
0.0233761
0.0239633
0.0245394
0.0251317
0.0257079
0.0263019
0.0269702
0.0276683
0.028305
0.0288809
0.0295184
0.030277
0.0310411
0.0316909
0.0323192
0.0330741
0.0339039
0.0346559
0.0353328
0.0360865
0.0369359
0.0377583
0.0385212
0.0393459
0.0402426
0.041126
0.0419903
0.0429032
0.0438493
0.0447902
0.0457344
0.0466983
0.047682
0.0486872
0.049723
0.0507703
0.0518395
0.0529155
0.0540296
0.055151
0.0562962
0.0574612
0.0586724
0.0598888
0.0611397
0.0624081
0.063709
0.0650295
0.0663667
0.0677545
0.0691485
0.0705975
0.0720409
0.0735443
0.0750481
0.076589
0.0781683
0.0797558
0.0813973
0.0830448
0.0847342
0.086454
0.0881756
0.0899681
0.0917523
0.0935938
0.0954421
0.0972971
0.0991045
0.10067
0.0113909
0.0122499
0.012498
0.012525
0.0130622
0.0142037
0.0151585
0.0152694
0.0147086
0.0142843
0.0147047
0.0155454
0.015765
0.0153244
0.015201
0.0158847
0.0167745
0.0172109
0.0173017
0.017543
0.0181241
0.0188224
0.0193499
0.0196684
0.0200296
0.0206428
0.0213113
0.0217809
0.0221865
0.0227469
0.0233968
0.0240026
0.0245755
0.0251556
0.0257288
0.0263204
0.0269841
0.027685
0.0283271
0.0288988
0.0295265
0.0302839
0.0310554
0.0317059
0.0323252
0.0330756
0.0339117
0.0346682
0.0353389
0.0360878
0.0369428
0.0377703
0.0385295
0.0393513
0.0402506
0.0411342
0.0419948
0.0429056
0.0438524
0.0447932
0.0457366
0.0467018
0.047687
0.0486918
0.0497271
0.0507743
0.0518425
0.0529184
0.0540343
0.0551558
0.0563008
0.0574663
0.0586775
0.0598931
0.0611438
0.0624124
0.0637134
0.0650334
0.0663706
0.0677585
0.0691523
0.0706011
0.0720436
0.0735465
0.0750499
0.0765911
0.0781707
0.0797577
0.0813985
0.083046
0.0847354
0.0864559
0.088177
0.089971
0.0917558
0.0935981
0.0954491
0.0973059
0.0991176
0.100684
0.0113024
0.0123006
0.012758
0.0128405
0.0132193
0.0142088
0.0152244
0.0155211
0.015071
0.0145433
0.0147452
0.0155684
0.0159956
0.015644
0.0153409
0.015862
0.0168316
0.0174012
0.0174508
0.0175844
0.0181739
0.0189207
0.0194208
0.0197276
0.0201184
0.0207042
0.0213435
0.0218447
0.0222553
0.0227747
0.0234129
0.0240389
0.0246164
0.0251833
0.0257497
0.0263405
0.0269997
0.0277002
0.0283491
0.02892
0.0295359
0.0302896
0.0310697
0.0317225
0.0323324
0.0330768
0.0339193
0.0346817
0.0353464
0.036089
0.0369494
0.0377827
0.0385381
0.0393566
0.0402586
0.0411427
0.0419995
0.0429082
0.0438557
0.0447966
0.0457392
0.0467055
0.0476919
0.0486964
0.0497313
0.0507786
0.0518457
0.0529213
0.0540392
0.0551608
0.0563055
0.0574715
0.0586827
0.0598974
0.0611479
0.0624168
0.063718
0.0650375
0.0663747
0.0677626
0.0691561
0.0706047
0.0720465
0.0735488
0.0750518
0.0765934
0.0781732
0.0797596
0.0813998
0.0830474
0.0847367
0.0864578
0.0881786
0.0899739
0.0917597
0.0936025
0.0954565
0.0973151
0.0991307
0.100698
0.0112393
0.0123145
0.0129603
0.0131546
0.0134342
0.0142479
0.0152559
0.0157148
0.0154157
0.0148579
0.0148441
0.0155577
0.0161499
0.015966
0.0155608
0.0158637
0.0168236
0.0175628
0.0176559
0.017656
0.0181824
0.0190071
0.0195305
0.0197844
0.0201837
0.0207823
0.0213861
0.0218952
0.0223283
0.0228149
0.023427
0.0240704
0.0246603
0.0252157
0.0257715
0.0263611
0.0270175
0.027715
0.0283698
0.0289438
0.0295482
0.0302945
0.0310834
0.031741
0.0323411
0.0330776
0.0339261
0.0346962
0.0353555
0.0360905
0.0369554
0.0377954
0.0385472
0.0393619
0.0402666
0.0411515
0.0420045
0.0429109
0.0438594
0.0448004
0.0457422
0.0467094
0.0476969
0.0487009
0.0497355
0.0507832
0.0518492
0.0529245
0.0540442
0.0551659
0.0563102
0.0574768
0.0586882
0.0599021
0.0611522
0.0624213
0.0637227
0.0650415
0.066379
0.0677669
0.0691601
0.0706085
0.0720494
0.0735512
0.0750538
0.0765959
0.0781756
0.0797617
0.0814011
0.0830489
0.0847381
0.0864598
0.0881804
0.0899769
0.0917639
0.0936071
0.0954643
0.0973247
0.0991438
0.100713
0.0112082
0.0123195
0.0131127
0.0134432
0.0136876
0.0143353
0.0152747
0.0158534
0.0157221
0.0152006
0.0150146
0.015551
0.0162286
0.0162525
0.0158408
0.0159259
0.0167807
0.0176609
0.0178864
0.0177907
0.0181747
0.0190489
0.0196667
0.0198685
0.0202216
0.0208572
0.0214504
0.0219385
0.0223966
0.0228695
0.0234431
0.0240954
0.0247059
0.0252532
0.0257949
0.0263821
0.0270372
0.0277306
0.0283889
0.0289686
0.0295639
0.0302993
0.0310956
0.0317612
0.0323522
0.0330784
0.0339322
0.0347114
0.0353664
0.0360923
0.0369608
0.0378083
0.038557
0.0393669
0.0402744
0.041161
0.0420098
0.0429137
0.0438634
0.0448047
0.0457455
0.0467134
0.0477021
0.0487054
0.0497397
0.0507881
0.051853
0.0529278
0.0540494
0.0551712
0.056315
0.0574821
0.0586938
0.0599069
0.0611567
0.0624261
0.0637276
0.0650457
0.0663833
0.0677713
0.0691642
0.0706124
0.0720525
0.0735537
0.0750558
0.0765985
0.0781781
0.0797638
0.0814024
0.0830507
0.0847396
0.0864619
0.0881825
0.08998
0.0917685
0.0936118
0.0954722
0.0973349
0.099157
0.100728
0.011204
0.0123311
0.0132329
0.0136958
0.0139561
0.0144706
0.0153027
0.0159468
0.0159781
0.0155432
0.0152491
0.0155832
0.016253
0.0164764
0.0161479
0.0160625
0.0167423
0.0176867
0.018098
0.0179953
0.0181926
0.0190343
0.019794
0.0200013
0.020253
0.0209061
0.0215343
0.0219884
0.0224528
0.0229351
0.0234676
0.0241122
0.0247511
0.0252969
0.0258198
0.026403
0.0270589
0.0277478
0.0284071
0.0289934
0.0295826
0.0303055
0.0311062
0.0317821
0.0323658
0.0330794
0.0339373
0.0347271
0.0353789
0.0360948
0.0369654
0.0378214
0.0385677
0.0393718
0.0402819
0.0411711
0.0420156
0.0429163
0.0438677
0.0448096
0.0457491
0.0467176
0.0477074
0.04871
0.049744
0.0507932
0.0518571
0.0529312
0.0540547
0.0551766
0.05632
0.0574876
0.0586996
0.0599118
0.0611612
0.062431
0.0637328
0.06505
0.0663877
0.0677758
0.0691683
0.0706163
0.0720557
0.0735564
0.075058
0.0766014
0.0781806
0.079766
0.0814038
0.0830526
0.0847414
0.0864639
0.0881849
0.0899831
0.0917735
0.0936169
0.0954804
0.0973454
0.0991702
0.100743
0.0112226
0.01235
0.0133352
0.013915
0.0142229
0.0146443
0.0153558
0.0160119
0.0161808
0.0158623
0.0155252
0.0156747
0.0162565
0.0166285
0.0164471
0.0162662
0.0167438
0.0176622
0.0182511
0.0182396
0.0182745
0.0189864
0.0198735
0.0201751
0.0203115
0.0209197
0.0216182
0.0220592
0.0224979
0.0230023
0.0235067
0.0241222
0.0247912
0.025349
0.0258473
0.0264219
0.0270827
0.0277674
0.0284246
0.0290175
0.0296033
0.0303138
0.0311161
0.031803
0.032382
0.0330812
0.0339412
0.0347431
0.0353934
0.0360981
0.0369694
0.0378345
0.0385793
0.0393767
0.0402888
0.0411817
0.0420222
0.0429189
0.0438721
0.0448152
0.0457532
0.0467218
0.0477129
0.0487147
0.0497482
0.0507985
0.0518616
0.052935
0.0540602
0.0551821
0.0563251
0.0574932
0.0587057
0.059917
0.0611659
0.0624361
0.063738
0.0650545
0.0663923
0.0677807
0.0691726
0.0706205
0.0720589
0.0735591
0.0750602
0.0766044
0.0781831
0.0797683
0.0814053
0.0830546
0.0847434
0.0864659
0.0881876
0.0899864
0.0917787
0.0936222
0.0954887
0.0973565
0.0991835
0.100758
0.011265
0.0123735
0.0134262
0.0141086
0.014481
0.014846
0.0154409
0.0160671
0.0163361
0.0161425
0.0158154
0.0158248
0.0162726
0.0167171
0.016707
0.0165144
0.0168067
0.0176251
0.0183331
0.0184791
0.0184334
0.0189485
0.0198836
0.0203532
0.0204255
0.0209165
0.0216773
0.0221545
0.0225447
0.0230604
0.0235624
0.0241323
0.024819
0.0254088
0.0258826
0.0264365
0.027107
0.0277918
0.0284421
0.0290403
0.0296252
0.0303236
0.0311261
0.031824
0.0324003
0.0330845
0.0339439
0.034759
0.0354098
0.0361021
0.0369725
0.0378477
0.0385921
0.0393819
0.0402951
0.0411926
0.0420295
0.0429217
0.0438763
0.0448212
0.0457579
0.0467261
0.0477183
0.0487196
0.0497526
0.0508039
0.0518663
0.0529389
0.054066
0.0551877
0.0563302
0.0574988
0.0587119
0.0599225
0.0611709
0.0624414
0.0637435
0.0650589
0.0663969
0.0677856
0.0691769
0.0706248
0.0720623
0.0735621
0.0750625
0.0766077
0.0781857
0.0797705
0.0814069
0.0830567
0.0847457
0.0864678
0.0881907
0.0899898
0.091784
0.093628
0.0954971
0.0973679
0.099197
0.100773
0.011332
0.0124042
0.0135075
0.0142809
0.0147264
0.015067
0.0155577
0.0161274
0.0164567
0.0163805
0.0160989
0.0160193
0.0163258
0.0167662
0.0169075
0.0167756
0.0169304
0.0176091
0.0183613
0.0186756
0.0186479
0.0189637
0.0198393
0.0204912
0.0205944
0.0209298
0.0216958
0.022258
0.0226097
0.0231052
0.0236278
0.0241535
0.0248308
0.0254692
0.0259322
0.0264475
0.0271258
0.0278224
0.0284627
0.0290611
0.0296479
0.030335
0.0311362
0.0318454
0.03242
0.0330893
0.033946
0.0347746
0.0354286
0.0361071
0.0369743
0.0378609
0.0386061
0.0393871
0.0403007
0.0412037
0.0420377
0.0429249
0.0438806
0.0448275
0.0457633
0.0467307
0.0477238
0.0487245
0.0497571
0.0508097
0.0518713
0.052943
0.0540717
0.0551935
0.0563354
0.0575045
0.0587184
0.059928
0.0611758
0.0624467
0.0637493
0.0650637
0.0664018
0.0677907
0.0691811
0.0706291
0.0720656
0.0735651
0.0750649
0.0766112
0.0781883
0.0797728
0.0814089
0.0830588
0.0847483
0.0864697
0.088194
0.0899935
0.0917895
0.0936342
0.0955058
0.0973796
0.0992106
0.100789
0.0114186
0.0124481
0.013581
0.0144325
0.0149523
0.0152968
0.0157016
0.0161994
0.016554
0.0165784
0.0163634
0.0162391
0.0164251
0.016807
0.0170479
0.0170182
0.0170978
0.0176317
0.0183634
0.0188123
0.0188778
0.019055
0.0197838
0.0205609
0.0207865
0.0209919
0.0216836
0.0223443
0.0227009
0.0231446
0.0236898
0.0241937
0.0248322
0.0255183
0.0260001
0.0264639
0.0271331
0.0278554
0.0284909
0.0290802
0.0296694
0.0303481
0.0311465
0.031868
0.0324417
0.0330944
0.0339471
0.0347896
0.0354494
0.0361137
0.0369748
0.0378739
0.0386221
0.0393926
0.0403054
0.0412149
0.0420465
0.0429285
0.043885
0.0448338
0.0457691
0.0467356
0.0477294
0.0487295
0.0497618
0.0508158
0.0518766
0.0529472
0.0540778
0.0551995
0.0563406
0.0575102
0.0587251
0.059934
0.0611808
0.0624522
0.063755
0.0650685
0.0664068
0.0677962
0.0691856
0.0706338
0.0720691
0.0735682
0.0750673
0.0766149
0.0781911
0.079775
0.0814111
0.083061
0.0847512
0.0864717
0.0881976
0.0899975
0.091795
0.0936409
0.0955145
0.0973915
0.0992243
0.100804
0.011516
0.0125075
0.0136508
0.0145659
0.0151553
0.015526
0.015869
0.016287
0.016636
0.0167373
0.0165996
0.0164652
0.0165639
0.0168665
0.0171478
0.0172237
0.0172882
0.0176965
0.0183648
0.0188957
0.0190841
0.0192087
0.0197604
0.0205665
0.0209596
0.021113
0.0216713
0.0223936
0.022809
0.0231946
0.0237394
0.0242502
0.0248356
0.0255454
0.0260785
0.0264979
0.0271288
0.0278819
0.02853
0.0291023
0.0296868
0.0303616
0.031157
0.0318912
0.0324668
0.0331006
0.0339466
0.0348047
0.0354725
0.0361215
0.0369735
0.0378861
0.03864
0.0393989
0.040309
0.0412262
0.0420562
0.0429325
0.0438897
0.0448406
0.0457751
0.0467407
0.0477353
0.0487345
0.0497665
0.0508221
0.0518822
0.0529514
0.0540837
0.0552058
0.0563463
0.0575159
0.058732
0.0599401
0.0611859
0.062458
0.0637611
0.0650735
0.0664116
0.0678016
0.0691898
0.0706386
0.0720728
0.0735716
0.0750701
0.0766187
0.078194
0.0797771
0.0814137
0.0830631
0.0847544
0.0864737
0.0882013
0.090002
0.0918004
0.0936481
0.0955236
0.0974035
0.0992382
0.100819
0.01162
0.0125793
0.013721
0.014686
0.0153376
0.0157466
0.0160562
0.0163959
0.0167129
0.0168612
0.0168011
0.0166824
0.0167244
0.0169535
0.0172293
0.0173876
0.0174798
0.0177983
0.0183838
0.0189464
0.0192477
0.0193922
0.0197955
0.0205402
0.0210801
0.0212722
0.0216906
0.0224064
0.0229125
0.023267
0.0237793
0.0243123
0.0248538
0.025551
0.0261516
0.0265575
0.0271234
0.0278918
0.0285759
0.0291355
0.0297014
0.0303723
0.0311683
0.0319148
0.0324953
0.0331086
0.033943
0.034819
0.0354991
0.0361312
0.0369707
0.0378973
0.0386599
0.0394066
0.0403115
0.0412369
0.0420668
0.0429368
0.0438944
0.0448478
0.0457815
0.0467457
0.0477415
0.0487398
0.0497712
0.0508287
0.0518885
0.0529558
0.0540895
0.0552122
0.056352
0.0575215
0.0587391
0.0599466
0.0611911
0.0624639
0.0637672
0.0650788
0.0664168
0.0678075
0.0691942
0.0706434
0.0720763
0.0735747
0.0750729
0.0766227
0.0781973
0.0797791
0.0814166
0.0830654
0.0847577
0.086476
0.0882051
0.0900069
0.0918058
0.0936555
0.0955329
0.0974156
0.0992522
0.100835
0.0117333
0.0126603
0.0137931
0.014795
0.015502
0.0159513
0.0162532
0.0165294
0.0167983
0.0169623
0.016968
0.0168844
0.0168932
0.0170639
0.0173107
0.0175172
0.0176558
0.0179234
0.018427
0.0189831
0.019369
0.0195743
0.0198874
0.0205214
0.0211415
0.0214343
0.0217579
0.0224039
0.0229913
0.0233598
0.0238214
0.0243692
0.0248915
0.0255474
0.026204
0.026638
0.0271326
0.0278817
0.0286156
0.029184
0.0297197
0.0303763
0.0311782
0.0319404
0.0325275
0.0331196
0.0339363
0.0348308
0.0355296
0.0361434
0.0369655
0.0379069
0.0386816
0.0394159
0.0403129
0.0412469
0.0420785
0.0429418
0.043899
0.0448557
0.0457884
0.0467504
0.0477478
0.0487456
0.0497759
0.0508354
0.0518951
0.0529603
0.0540952
0.0552189
0.056358
0.0575271
0.0587461
0.0599531
0.0611963
0.0624701
0.0637734
0.0650842
0.0664219
0.0678135
0.0691988
0.0706488
0.0720804
0.0735781
0.0750761
0.0766264
0.0782005
0.0797808
0.0814198
0.0830677
0.0847611
0.0864787
0.0882089
0.0900123
0.0918113
0.0936633
0.0955427
0.0974275
0.0992662
0.10085
0.0118633
0.0127536
0.0138697
0.0148946
0.0156504
0.0161371
0.0164459
0.0166799
0.0168972
0.0170522
0.0171009
0.0170633
0.0170604
0.0171883
0.0174015
0.0176256
0.0178097
0.0180581
0.018494
0.0190199
0.0194569
0.0197337
0.0200141
0.0205366
0.021163
0.0215662
0.0218643
0.0224104
0.0230372
0.0234575
0.0238759
0.0244172
0.0249423
0.0255496
0.0262317
0.0267241
0.0271697
0.0278632
0.0286357
0.0292425
0.0297524
0.0303746
0.0311802
0.0319682
0.0325647
0.0331341
0.0339273
0.0348384
0.0355634
0.0361604
0.036958
0.0379137
0.0387055
0.0394274
0.0403133
0.041256
0.0420911
0.0429473
0.0439032
0.044864
0.0457961
0.046755
0.0477538
0.0487518
0.0497809
0.0508421
0.0519024
0.0529651
0.0541005
0.0552258
0.0563645
0.0575331
0.0587535
0.0599599
0.0612012
0.0624764
0.0637797
0.0650899
0.066427
0.0678194
0.0692032
0.0706537
0.0720844
0.0735814
0.0750799
0.0766305
0.0782043
0.0797826
0.0814233
0.0830703
0.0847643
0.0864818
0.0882127
0.0900181
0.0918168
0.0936711
0.0955529
0.0974396
0.0992802
0.100865
0.0120101
0.0128619
0.0139523
0.0149858
0.0157822
0.0163051
0.0166264
0.0168365
0.0170084
0.0171395
0.0172055
0.01721
0.0172152
0.017315
0.0174999
0.0177225
0.0179405
0.0181907
0.0185799
0.0190678
0.0195248
0.0198653
0.020153
0.0205936
0.0211762
0.0216563
0.0219868
0.0224453
0.0230596
0.023544
0.0239454
0.0244606
0.0249958
0.0255654
0.0262415
0.0267987
0.0272345
0.0278546
0.0286311
0.0292957
0.0298064
0.0303777
0.0311682
0.0319932
0.0326101
0.0331527
0.0339159
0.0348411
0.0355991
0.0361839
0.0369496
0.037916
0.038731
0.0394418
0.0403129
0.0412639
0.0421048
0.0429538
0.0439071
0.0448724
0.0458049
0.0467596
0.0477595
0.0487583
0.0497859
0.0508489
0.0519101
0.0529702
0.0541057
0.0552328
0.0563709
0.0575391
0.0587611
0.0599672
0.0612065
0.0624831
0.0637861
0.0650956
0.0664323
0.0678255
0.0692081
0.0706589
0.0720886
0.0735843
0.0750836
0.0766341
0.0782079
0.0797845
0.081427
0.0830733
0.0847676
0.0864855
0.0882166
0.0900241
0.0918226
0.093679
0.0955634
0.0974514
0.099294
0.10088
0.0121651
0.0129848
0.0140438
0.0150716
0.0158974
0.0164559
0.0167936
0.0169922
0.0171299
0.0172331
0.0172964
0.0173273
0.0173516
0.0174379
0.017602
0.0178151
0.018052
0.0183137
0.0186743
0.0191288
0.0195842
0.0199699
0.0202861
0.0206799
0.0212044
0.0217137
0.0221005
0.0225113
0.023077
0.0236106
0.0240244
0.0245067
0.0250457
0.025593
0.0262441
0.0268515
0.027312
0.0278704
0.0286134
0.0293277
0.0298756
0.0304007
0.0311447
0.0320057
0.032665
0.0331806
0.0339011
0.0348371
0.0356349
0.036214
0.0369421
0.0379129
0.0387567
0.0394599
0.0403119
0.0412702
0.0421195
0.0429613
0.0439103
0.0448806
0.0458148
0.0467647
0.0477651
0.0487651
0.0497912
0.0508557
0.0519182
0.0529752
0.0541103
0.0552402
0.0563777
0.0575451
0.0587686
0.0599742
0.0612114
0.06249
0.0637929
0.065102
0.066438
0.0678316
0.0692132
0.0706641
0.0720933
0.0735876
0.0750881
0.0766381
0.0782116
0.0797864
0.0814305
0.0830765
0.0847705
0.0864895
0.0882207
0.0900303
0.0918287
0.093687
0.0955744
0.0974634
0.0993076
0.100895
0.012325
0.0131222
0.0141497
0.0151589
0.0159983
0.0165876
0.0169442
0.017139
0.0172522
0.0173303
0.0173812
0.0174217
0.0174649
0.0175505
0.0177015
0.0179046
0.018149
0.0184234
0.0187684
0.0191982
0.0196439
0.0200536
0.0204034
0.0207779
0.0212533
0.021757
0.0221903
0.022595
0.0231034
0.0236573
0.0241044
0.0245611
0.0250938
0.0256314
0.0262509
0.0268846
0.0273858
0.0279098
0.0285995
0.0293315
0.0299398
0.0304514
0.0311233
0.0319949
0.0327216
0.0332258
0.0338858
0.0348237
0.0356705
0.0362521
0.0369378
0.0379044
0.0387809
0.039482
0.0403112
0.0412745
0.0421352
0.0429703
0.0439127
0.0448882
0.0458254
0.0467703
0.0477705
0.0487719
0.0497964
0.050863
0.0519272
0.0529807
0.0541145
0.0552478
0.0563846
0.0575512
0.0587765
0.0599818
0.0612164
0.0624964
0.0637993
0.0651078
0.0664436
0.0678373
0.0692185
0.070669
0.0720979
0.0735907
0.0750927
0.0766422
0.0782155
0.0797891
0.0814344
0.0830804
0.0847735
0.0864939
0.088225
0.0900364
0.091835
0.0936948
0.0955854
0.0974754
0.0993209
0.10091
0.0124852
0.013268
0.0142678
0.0152507
0.0160863
0.0166963
0.0170721
0.0172695
0.0173652
0.0174221
0.0174594
0.0174994
0.0175551
0.0176473
0.0177939
0.0179904
0.0182367
0.0185215
0.0188592
0.0192708
0.0197075
0.0201262
0.0205033
0.020876
0.021317
0.0218021
0.0222582
0.0226792
0.0231447
0.0236893
0.0241743
0.024621
0.0251397
0.0256761
0.0262673
0.0269075
0.0274498
0.0279649
0.0286048
0.029322
0.0299817
0.0305208
0.031123
0.0319608
0.0327624
0.0332913
0.0338782
0.034795
0.0357007
0.0362993
0.0369381
0.0378902
0.0388021
0.0395083
0.0403114
0.0412765
0.0421519
0.0429812
0.0439146
0.0448951
0.0458367
0.0467767
0.0477761
0.0487788
0.0498011
0.05087
0.0519365
0.052986
0.0541183
0.0552561
0.0563922
0.0575573
0.0587843
0.0599893
0.061222
0.0625035
0.0638065
0.0651143
0.0664496
0.0678429
0.0692242
0.070674
0.0721026
0.073594
0.0750972
0.0766459
0.0782186
0.0797916
0.0814379
0.0830842
0.0847764
0.0864987
0.0882299
0.0900427
0.0918418
0.093703
0.0955968
0.0974874
0.099334
0.100925
0.0126425
0.0134158
0.0143926
0.0153487
0.0161665
0.016783
0.0171736
0.0173776
0.0174625
0.0175016
0.0175267
0.0175619
0.017624
0.0177245
0.0178753
0.0180709
0.0183173
0.0186096
0.0189456
0.0193431
0.0197719
0.0201934
0.0205884
0.0209673
0.0213861
0.0218528
0.0223137
0.0227525
0.0231991
0.0237183
0.0242302
0.0246837
0.0251844
0.0257212
0.0262914
0.0269227
0.0274996
0.0280225
0.0286279
0.0293169
0.0300004
0.0305892
0.0311579
0.031924
0.0327734
0.0333709
0.0338938
0.0347522
0.0357174
0.0363575
0.0369466
0.0378693
0.0388186
0.0395379
0.0403129
0.0412755
0.0421685
0.0429943
0.0439157
0.0449005
0.0458479
0.0467837
0.0477823
0.0487862
0.0498056
0.0508772
0.0519469
0.0529917
0.054121
0.0552642
0.0563998
0.0575631
0.0587921
0.0599968
0.0612274
0.0625099
0.0638131
0.0651207
0.0664559
0.0678485
0.0692302
0.0706787
0.0721072
0.0735978
0.0751022
0.0766504
0.0782222
0.0797949
0.0814415
0.083088
0.0847791
0.0865031
0.0882346
0.0900482
0.0918484
0.0937108
0.0956077
0.0974992
0.0993464
0.100939
0.0128001
0.0135638
0.0145195
0.0154503
0.0162435
0.0168507
0.0172453
0.0174534
0.0175333
0.0175582
0.017574
0.0176045
0.0176705
0.01778
0.0179406
0.0181447
0.0183932
0.0186913
0.0190292
0.0194164
0.0198365
0.0202583
0.0206639
0.0210507
0.0214564
0.0219062
0.0223624
0.0228101
0.0232551
0.0237499
0.0242712
0.0247441
0.0252319
0.0257666
0.026325
0.0269372
0.0275361
0.0280761
0.0286595
0.0293208
0.0300049
0.0306357
0.0312134
0.0319054
0.0327504
0.0334436
0.0339448
0.034707
0.0357103
0.0364251
0.0369718
0.0378436
0.0388288
0.0395721
0.0403179
0.0412727
0.0421855
0.0430111
0.0439174
0.0449045
0.0458595
0.0467915
0.0477887
0.0487941
0.0498095
0.0508835
0.0519582
0.0529977
0.0541234
0.0552724
0.0564087
0.0575695
0.0588001
0.0600049
0.0612342
0.0625169
0.0638201
0.0651274
0.0664624
0.0678542
0.0692365
0.0706839
0.072112
0.0736022
0.075107
0.0766545
0.0782254
0.0797989
0.0814458
0.0830926
0.0847829
0.0865087
0.0882407
0.0900546
0.0918559
0.0937195
0.095619
0.097511
0.099359
0.100953
0.0129638
0.013713
0.014645
0.0155479
0.0163123
0.0168973
0.0172827
0.0174883
0.0175659
0.0175813
0.0175907
0.0176205
0.0176914
0.0178127
0.0179865
0.0182074
0.0184652
0.018769
0.01911
0.019489
0.0198996
0.020319
0.0207313
0.0211263
0.0215271
0.0219633
0.0224102
0.0228587
0.0233086
0.0237876
0.0243037
0.0247964
0.0252819
0.0258106
0.0263628
0.0269544
0.0275623
0.0281251
0.0286979
0.0293353
0.0300104
0.0306618
0.0312703
0.0319155
0.032708
0.0334818
0.0340227
0.0346743
0.0356664
0.0364864
0.037017
0.037813
0.0388254
0.0396075
0.0403259
0.0412656
0.0421994
0.0430301
0.043919
0.0449054
0.0458703
0.0468003
0.0477955
0.048803
0.0498134
0.0508887
0.0519701
0.0530044
0.0541243
0.0552805
0.0564175
0.0575747
0.0588068
0.0600118
0.0612405
0.0625228
0.0638261
0.0651342
0.0664687
0.0678594
0.0692421
0.070688
0.0721158
0.0736066
0.0751116
0.0766582
0.0782282
0.0798021
0.0814488
0.0830955
0.0847854
0.0865129
0.0882456
0.0900596
0.0918624
0.0937273
0.0956295
0.0975226
0.0993705
0.100966
0.0131442
0.0138687
0.0147684
0.0156335
0.0163595
0.0169085
0.0172691
0.0174624
0.0175368
0.0175502
0.0175592
0.0175971
0.01768
0.0178194
0.0180128
0.0182565
0.0185337
0.0188461
0.0191913
0.0195625
0.0199616
0.0203746
0.0207883
0.0211921
0.0215939
0.0220199
0.0224552
0.0229006
0.0233577
0.0238311
0.0243367
0.0248426
0.0253369
0.0258593
0.0264054
0.0269796
0.0275829
0.0281666
0.0287403
0.0293575
0.0300232
0.0306793
0.0313175
0.0319564
0.0326815
0.0334875
0.034117
0.0346884
0.0356024
0.0365302
0.037094
0.0377932
0.0388078
0.0396457
0.0403437
0.0412576
0.0422119
0.043054
0.043924
0.0449046
0.0458815
0.0468099
0.0478027
0.0488125
0.0498176
0.0508926
0.0519824
0.0530127
0.0541248
0.0552879
0.056428
0.0575821
0.0588142
0.0600203
0.0612491
0.0625298
0.0638325
0.0651417
0.0664759
0.0678658
0.0692492
0.0706936
0.0721208
0.0736125
0.0751169
0.0766625
0.0782323
0.0798076
0.0814541
0.0831004
0.0847901
0.086519
0.0882523
0.090066
0.09187
0.0937363
0.0956403
0.0975339
0.0993826
0.100979
0.0133838
0.01407
0.014913
0.0157129
0.0163759
0.0168673
0.017183
0.0173498
0.0174144
0.017432
0.0174514
0.0175082
0.0176149
0.0177831
0.0180086
0.0182818
0.0185847
0.018908
0.0192563
0.0196216
0.020009
0.0204142
0.0208252
0.0212377
0.0216444
0.0220645
0.0224902
0.0229306
0.0233934
0.0238663
0.0243633
0.0248742
0.0253803
0.0259023
0.0264417
0.027005
0.0275983
0.0281943
0.0287795
0.0293807
0.0300341
0.0306897
0.0313395
0.0319951
0.0326734
0.0334553
0.0341787
0.0347393
0.035531
0.0365241
0.0371828
0.0377925
0.0387677
0.0396748
0.0403704
0.041245
0.0422169
0.0430793
0.0439302
0.0449008
0.0458882
0.0468194
0.0478107
0.0488235
0.0498223
0.0508947
0.0519938
0.0530226
0.0541221
0.0552949
0.0564383
0.0575887
0.0588196
0.060027
0.0612571
0.0625358
0.0638375
0.0651488
0.0664822
0.0678708
0.0692541
0.0706969
0.0721242
0.0736175
0.0751211
0.0766651
0.0782346
0.0798107
0.081457
0.0831028
0.0847932
0.0865237
0.0882576
0.0900711
0.0918763
0.0937444
0.0956502
0.0975447
0.0993932
0.100991
0.0137409
0.0143974
0.0151728
0.0158806
0.0164461
0.016848
0.0170934
0.0172171
0.0172658
0.0172943
0.0173413
0.0174322
0.0175771
0.0177792
0.0180345
0.0183284
0.0186461
0.0189743
0.0193187
0.0196783
0.0200534
0.0204494
0.0208544
0.0212729
0.0216881
0.0221073
0.0225321
0.0229685
0.0234332
0.0239076
0.0244003
0.0249119
0.0254238
0.025948
0.0264806
0.027035
0.0276194
0.0282173
0.0288171
0.0294144
0.0300535
0.030712
0.0313622
0.0320306
0.0327013
0.0334327
0.0342064
0.034821
0.0354989
0.0364787
0.0372653
0.0378331
0.0387205
0.0396883
0.0404126
0.0412363
0.0422151
0.0431081
0.0439422
0.044897
0.0458941
0.046828
0.0478186
0.0488355
0.0498284
0.0508953
0.0520051
0.0530374
0.0541475
0.055304
0.0564491
0.0575968
0.0588249
0.0600346
0.0612661
0.062542
0.0638425
0.0651565
0.0664899
0.0678778
0.0692611
0.0707018
0.0721294
0.0736242
0.0751263
0.0766689
0.0782395
0.0798169
0.0814621
0.0831069
0.0847978
0.0865294
0.0882636
0.0900768
0.0918834
0.093753
0.0956599
0.097555
0.0994043
0.101003
0.013758
0.0142741
0.0149019
0.0154804
0.0159514
0.016308
0.0165633
0.0167455
0.0168886
0.017027
0.0171809
0.0173598
0.017571
0.0178145
0.0180903
0.0183903
0.018706
0.0190313
0.0193658
0.0197188
0.0200829
0.020468
0.020867
0.0212858
0.0217096
0.0221316
0.0225638
0.0230007
0.0234613
0.0239365
0.0244281
0.0249423
0.0254575
0.0259853
0.0265162
0.0270637
0.0276421
0.0282353
0.0288417
0.0294443
0.0300691
0.0307259
0.0313776
0.0320428
0.0327286
0.0334282
0.0341992
0.0348926
0.0355155
0.0364163
0.0373095
0.0379061
0.0386847
0.0396747
0.0404599
0.0412366
0.0422017
0.043133
0.0439592
0.0448928
0.0458972
0.0468364
0.0478261
0.0488487
0.0498369
0.0508935
0.0520118
0.0530504
0.0541466
0.055308
0.0564596
0.0576061
0.0588302
0.0600435
0.0612768
0.0625484
0.0638482
0.0651649
0.0664967
0.0678832
0.0692662
0.0707049
0.0721336
0.0736306
0.0751305
0.0766709
0.0782426
0.079821
0.0814654
0.0831099
0.0848025
0.0865356
0.0882697
0.0900826
0.09189
0.0937612
0.0956692
0.0975648
0.099414
0.101013
0.0156885
0.0155462
0.0153037
0.0151347
0.0151043
0.0152225
0.0154679
0.0158061
0.0161916
0.016581
0.0169479
0.0172823
0.0175894
0.0178802
0.0181671
0.0184603
0.0187624
0.0190772
0.0194016
0.019747
0.0201043
0.0204792
0.0208746
0.0212908
0.0217198
0.0221477
0.0225896
0.023034
0.023489
0.0239654
0.0244551
0.0249694
0.025486
0.0260122
0.0265452
0.0270872
0.0276619
0.0282516
0.0288585
0.0294731
0.0300919
0.0307416
0.0313975
0.0320523
0.0327473
0.0334418
0.0341804
0.0349258
0.0355593
0.03636
0.0372977
0.0379816
0.0386763
0.0396374
0.0404978
0.0412534
0.0421827
0.0431498
0.0439835
0.0448915
0.0458969
0.0468443
0.0478314
0.0488606
0.0498495
0.0508924
0.0520155
0.0530659
0.0541509
0.0553083
0.0564686
0.0576135
0.0588315
0.0600497
0.0612855
0.0625505
0.0638506
0.0651727
0.0665036
0.0678884
0.0692716
0.0707084
0.0721381
0.0736365
0.0751343
0.0766734
0.078247
0.0798268
0.0814691
0.0831125
0.0848058
0.08654
0.0882742
0.0900869
0.0918958
0.0937687
0.0956775
0.0975734
0.0994234
0.101023
0.0152376
0.0149574
0.0146129
0.0143886
0.0143446
0.0144978
0.0148233
0.0152654
0.0157606
0.0162556
0.0167196
0.0171394
0.017515
0.0178545
0.0181724
0.0184828
0.0187933
0.0191103
0.0194351
0.0197774
0.0201332
0.0205034
0.0208935
0.0213034
0.0217279
0.02216
0.0226028
0.0230538
0.0235094
0.0239881
0.0244807
0.024993
0.025517
0.0260415
0.0265778
0.027119
0.0276874
0.028275
0.0288759
0.0294994
0.0301172
0.0307568
0.0314162
0.0320636
0.0327595
0.0334673
0.0341818
0.0349405
0.0356238
0.0363558
0.0372642
0.038047
0.038713
0.0396019
0.0405191
0.0412874
0.0421662
0.0431525
0.0440116
0.0448947
0.0458934
0.0468539
0.0478347
0.0488701
0.0498664
0.0508906
0.0520125
0.0530789
0.0541592
0.0553099
0.0564792
0.0576265
0.0588366
0.0600614
0.0613012
0.0625569
0.0638561
0.0651842
0.0665135
0.0678942
0.0692766
0.0707131
0.0721445
0.0736437
0.0751384
0.076676
0.0782513
0.0798318
0.0814732
0.0831165
0.0848121
0.0865473
0.0882809
0.0900933
0.0919025
0.0937769
0.0956859
0.0975818
0.0994322
0.101032
0.0161905
0.0159448
0.0155641
0.0152354
0.0150365
0.0149908
0.0150979
0.0153327
0.0156623
0.0160478
0.0164593
0.0168703
0.0172709
0.0176551
0.0180267
0.0183907
0.0187468
0.0190982
0.0194444
0.0197975
0.0201584
0.020533
0.0209184
0.021319
0.0217338
0.0221627
0.0225994
0.0230498
0.0235153
0.0239979
0.0244949
0.0250021
0.0255299
0.0260556
0.0265901
0.0271367
0.0276981
0.0282884
0.028887
0.0295121
0.0301366
0.0307645
0.0314249
0.0320708
0.032758
0.0334787
0.0341829
0.0349284
0.0356557
0.036368
0.0372097
0.0380566
0.0387609
0.0395752
0.0405083
0.0413243
0.0421586
0.0431392
0.0440405
0.0449049
0.0458859
0.0468598
0.0478344
0.0488751
0.0498891
0.0508917
0.0520059
0.0530951
0.0541687
0.0553075
0.0564861
0.0576322
0.0588338
0.0600662
0.061311
0.0625561
0.0638543
0.0651907
0.0665213
0.0678978
0.0692782
0.0707153
0.0721495
0.0736487
0.0751401
0.0766778
0.0782557
0.0798367
0.0814755
0.083118
0.0848147
0.0865507
0.0882841
0.0900964
0.091907
0.0937828
0.0956925
0.0975885
0.0994394
0.10104
0.0139918
0.0142964
0.0147015
0.0150629
0.0153322
0.0155089
0.0156361
0.0157583
0.0159167
0.0161297
0.0164053
0.0167377
0.0171136
0.0175134
0.0179172
0.0183193
0.0187085
0.0190893
0.0194572
0.0198245
0.020195
0.0205751
0.0209583
0.0213467
0.0217491
0.0221654
0.0225956
0.0230463
0.0235247
0.0240154
0.024515
0.0250234
0.0255466
0.0260772
0.0266092
0.0271599
0.0277196
0.0283048
0.0289087
0.0295255
0.0301561
0.0307786
0.0314315
0.0320886
0.0327651
0.0334932
0.0342014
0.0349282
0.0356837
0.0364089
0.0371958
0.0380471
0.0388117
0.0395883
0.0404842
0.0413556
0.0421722
0.0431123
0.0440633
0.044926
0.0458737
0.0468724
0.0478358
0.0488702
0.0499159
0.0508971
0.0519918
0.0531117
0.054183
0.0553057
0.0564991
0.0576476
0.0588366
0.0600788
0.061331
0.062564
0.0638588
0.065202
0.0665334
0.0679057
0.0692821
0.0707192
0.0721569
0.0736564
0.0751431
0.0766797
0.0782603
0.0798418
0.0814797
0.0831221
0.0848213
0.086558
0.0882905
0.0901028
0.0919129
0.0937901
0.0956994
0.0975951
0.0994463
0.101046
0.016258
0.0158744
0.0153401
0.0148596
0.0145416
0.0144171
0.0144863
0.0147217
0.0150832
0.0155255
0.0160068
0.0164997
0.0169802
0.0174411
0.0178755
0.0182913
0.0186886
0.0190754
0.0194506
0.0198215
0.0201963
0.0205756
0.0209582
0.0213417
0.0217373
0.0221465
0.0225758
0.0230366
0.0235233
0.024021
0.02452
0.025031
0.0255496
0.0260788
0.0266138
0.027164
0.0277311
0.0283104
0.02892
0.0295351
0.0301621
0.0307919
0.0314302
0.0320962
0.0327704
0.0334906
0.0342113
0.0349215
0.0356848
0.0364314
0.0371934
0.0380239
0.0388249
0.0396139
0.0404627
0.0413617
0.0422026
0.043086
0.044067
0.0449577
0.0458594
0.0468772
0.0478473
0.0488566
0.0499358
0.0509148
0.0519738
0.0531183
0.0541995
0.0552981
0.056501
0.0576579
0.0588314
0.0600778
0.0613416
0.0625651
0.0638554
0.0652053
0.0665394
0.0679099
0.0692839
0.0707199
0.0721605
0.0736617
0.0751455
0.0766808
0.0782636
0.079846
0.0814819
0.0831233
0.0848232
0.0865605
0.0882929
0.0901049
0.0919157
0.0937937
0.0957037
0.0975993
0.0994509
0.101051
0.0153881
0.0149256
0.0143593
0.0139014
0.0136432
0.0136104
0.0137984
0.0141705
0.0146697
0.0152368
0.0158204
0.0163911
0.0169275
0.0174238
0.0178767
0.018295
0.0186887
0.0190695
0.0194433
0.019814
0.0201878
0.0205653
0.0209462
0.0213296
0.021722
0.0221296
0.0225597
0.0230281
0.0235193
0.0240193
0.0245198
0.0250321
0.0255516
0.0260773
0.0266151
0.0271638
0.0277331
0.0283116
0.0289183
0.0295359
0.0301575
0.0307926
0.0314282
0.0320933
0.032776
0.0334896
0.0342179
0.0349277
0.0356863
0.036445
0.0372033
0.0380211
0.0388256
0.0396299
0.0404628
0.0413539
0.0422221
0.0430843
0.0440556
0.0449793
0.0458614
0.0468722
0.0478613
0.0488527
0.0499397
0.0509353
0.0519694
0.0531145
0.0542157
0.055305
0.0565059
0.0576745
0.0588431
0.0600858
0.0613573
0.0625791
0.0638632
0.0652143
0.0665492
0.067918
0.0692901
0.0707247
0.072165
0.0736673
0.0751498
0.0766834
0.0782668
0.07985
0.081487
0.083128
0.0848292
0.0865671
0.088299
0.0901111
0.0919203
0.0937992
0.0957084
0.0976043
0.0994554
0.101056
)
;

boundaryField
{
    ZeroGradientPlanes
    {
        type            zeroGradient;
    }
    inlet
    {
        type            zeroGradient;
    }
    plate
    {
        type            zeroGradient;
    }
    frontAndBack
    {
        type            empty;
    }
}


// ************************************************************************* //
