/*--------------------------------*- C++ -*----------------------------------*\
| =========                 |                                                 |
| \\      /  F ield         | OpenFOAM: The Open Source CFD Toolbox           |
|  \\    /   O peration     | Version:  2506                                  |
|   \\  /    A nd           | Website:  www.openfoam.com                      |
|    \\/     M anipulation  |                                                 |
\*---------------------------------------------------------------------------*/
FoamFile
{
    version     2.0;
    format      ascii;
    arch        "LSB;label=32;scalar=64";
    class       volScalarField;
    location    "5.15";
    object      p;
}
// * * * * * * * * * * * * * * * * * * * * * * * * * * * * * * * * * * * * * //

dimensions      [0 2 -2 0 0 0 0];

internalField   nonuniform List<scalar> 
9600
(
1.55108e-10
0.00717189
0.0129508
0.00922028
0.00650816
0.0139376
0.0143265
0.0127466
0.0168259
0.0195397
0.0166156
0.0167145
0.0180209
0.0187139
0.0180938
0.0190642
0.0193614
0.0200531
0.02189
0.0234443
6.44377e-06
0.00715643
0.0129383
0.00923797
0.00653278
0.0138887
0.0143187
0.0127542
0.0168144
0.019539
0.0166194
0.0167196
0.0180163
0.0187095
0.0181092
0.0190625
0.0193689
0.0200397
0.021898
0.023203
6.54092e-06
0.0071374
0.0129424
0.00924904
0.00653508
0.0138204
0.0143218
0.0127669
0.0168011
0.0195363
0.0166258
0.0167246
0.0180122
0.0187104
0.018134
0.0190538
0.0193794
0.0200133
0.0218861
0.0228915
8.99433e-07
0.00714971
0.012959
0.0092576
0.00652533
0.0137621
0.0143366
0.0127872
0.0167916
0.0195173
0.0166311
0.016728
0.0180118
0.0187103
0.018155
0.0190422
0.0193854
0.0199837
0.0218432
0.0226106
-4.14205e-06
0.00719886
0.0129796
0.00926915
0.00651542
0.0137195
0.0143583
0.0128181
0.016786
0.0194752
0.0166369
0.0167287
0.0180103
0.0187033
0.0181731
0.0190278
0.0193903
0.0199462
0.0217854
0.0223699
-2.30778e-06
0.00727691
0.0129944
0.00928634
0.00651392
0.0136921
0.0143814
0.0128591
0.0167822
0.0194122
0.0166443
0.016724
0.0180049
0.018692
0.0181918
0.0190106
0.019395
0.0199016
0.0217194
0.0221561
1.22147e-05
0.00737237
0.0129935
0.00930901
0.006528
0.0136774
0.0143995
0.0129078
0.0167789
0.0193362
0.0166519
0.0167143
0.017998
0.0186804
0.0182114
0.0189902
0.0193993
0.0198532
0.0216429
0.0219605
4.44157e-05
0.00747318
0.0130009
0.00933529
0.00656249
0.01367
0.0144082
0.0129617
0.0167757
0.0192551
0.0166587
0.0167019
0.0179913
0.0186692
0.0182312
0.0189672
0.0194029
0.0198024
0.0215525
0.0217802
9.73571e-05
0.00756944
0.0129534
0.00936305
0.00661999
0.0136645
0.0144069
0.0130176
0.016773
0.019174
0.0166647
0.0166887
0.0179851
0.0186586
0.0182508
0.0189417
0.0194037
0.01975
0.0214464
0.0216134
0.000171698
0.00765723
0.0128893
0.00938991
0.00670152
0.013659
0.014398
0.013072
0.0167704
0.0190952
0.0166699
0.016675
0.0179792
0.0186481
0.0182699
0.0189143
0.0193999
0.0196964
0.0213244
0.0214578
0.000265834
0.00773761
0.0128155
0.00941383
0.00680649
0.0136541
0.0143845
0.0131218
0.0167679
0.0190192
0.0166741
0.0166614
0.0179739
0.0186379
0.018288
0.0188856
0.0193898
0.019642
0.0211882
0.02131
0.000376583
0.0078133
0.0127372
0.00943405
0.00693225
0.0136502
0.014369
0.0131656
0.0167647
0.0189454
0.0166772
0.0166483
0.0179698
0.0186284
0.0183049
0.0188564
0.0193722
0.0195863
0.0210402
0.0211667
0.000500227
0.00788674
0.0126573
0.00945092
0.00707418
0.0136467
0.0143534
0.0132038
0.0167607
0.0188736
0.016679
0.0166359
0.017967
0.0186203
0.0183201
0.0188273
0.0193468
0.0195287
0.0208834
0.0210258
0.000633491
0.00795932
0.0125771
0.00946526
0.00722709
0.0136426
0.0143387
0.0132375
0.0167554
0.0188039
0.0166793
0.016624
0.0179653
0.0186137
0.0183334
0.018798
0.0193141
0.0194682
0.0207201
0.0208861
0.00077407
0.00803165
0.0124971
0.00947776
0.00738663
0.0136371
0.0143252
0.0132677
0.0167488
0.0187367
0.0166778
0.0166118
0.0179635
0.0186088
0.0183445
0.0187678
0.0192747
0.0194045
0.0205523
0.0207471
0.000920648
0.00810393
0.0124177
0.00948875
0.00754992
0.0136299
0.0143131
0.0132954
0.016741
0.0186723
0.016674
0.0165987
0.0179608
0.0186056
0.0183534
0.0187352
0.0192292
0.0193375
0.0203813
0.0206075
0.00107265
0.00817621
0.012339
0.00949842
0.00771542
0.0136214
0.0143026
0.0133213
0.0167319
0.0186111
0.0166676
0.0165842
0.0179568
0.0186037
0.0183604
0.0186991
0.0191777
0.0192676
0.0202083
0.020466
0.00122992
0.00824847
0.0122618
0.00950699
0.00788244
0.0136121
0.0142939
0.0133461
0.016721
0.0185535
0.0166585
0.016568
0.0179512
0.0186025
0.0183659
0.0186589
0.0191196
0.0191951
0.0200345
0.0203221
0.00139248
0.00832071
0.0121865
0.00951477
0.00805058
0.0136027
0.0142872
0.0133703
0.0167081
0.0184996
0.0166466
0.0165501
0.0179445
0.0186013
0.0183703
0.0186149
0.0190541
0.0191202
0.0198617
0.0201757
0.00156043
0.00839291
0.0121138
0.0095221
0.00821944
0.0135938
0.0142825
0.0133941
0.0166925
0.0184495
0.0166322
0.0165301
0.0179372
0.0185993
0.0183735
0.0185673
0.0189809
0.0190432
0.0196913
0.0200264
0.00173387
0.00846499
0.0120444
0.00952938
0.00838851
0.0135858
0.0142797
0.013418
0.0166738
0.0184035
0.0166157
0.0165076
0.0179298
0.0185962
0.018375
0.0185167
0.0188998
0.0189645
0.0195247
0.0198728
0.00191291
0.00853687
0.0119788
0.00953707
0.00855715
0.013579
0.0142789
0.0134423
0.0166516
0.0183616
0.0165977
0.0164821
0.0179226
0.0185919
0.018374
0.018464
0.0188112
0.0188837
0.0193635
0.0197138
0.00209766
0.00860841
0.0119176
0.00954558
0.00872463
0.0135738
0.0142798
0.0134673
0.0166258
0.0183234
0.0165791
0.016453
0.017916
0.0185867
0.0183692
0.0184098
0.0187154
0.0187996
0.0192104
0.0195496
0.00228821
0.00867945
0.0118612
0.00955543
0.00889023
0.0135705
0.0142823
0.0134932
0.0165963
0.0182888
0.0165605
0.0164198
0.0179098
0.0185811
0.0183596
0.0183545
0.0186133
0.0187108
0.019068
0.0193823
0.00248462
0.00874985
0.0118098
0.00956712
0.00905326
0.0135693
0.0142865
0.01352
0.016563
0.0182572
0.0165429
0.0163821
0.0179035
0.0185761
0.0183445
0.0182976
0.018506
0.0186157
0.018938
0.0192171
0.00268689
0.00881952
0.0117637
0.0095812
0.00921305
0.0135703
0.0142922
0.0135478
0.0165264
0.0182281
0.016527
0.0163394
0.0178962
0.0185726
0.0183232
0.0182386
0.0183954
0.0185124
0.0188195
0.0190621
0.00289503
0.00888843
0.0117232
0.00959827
0.00936892
0.0135736
0.0142997
0.0135764
0.0164865
0.0182014
0.0165136
0.0162913
0.0178874
0.0185718
0.0182951
0.0181767
0.0182842
0.0183989
0.0187074
0.0189256
0.00310902
0.00895662
0.0116882
0.00961904
0.00952028
0.0135794
0.0143093
0.0136056
0.0164435
0.0181769
0.0165031
0.0162373
0.0178763
0.0185745
0.0182602
0.0181107
0.0181758
0.0182759
0.0185921
0.0188101
0.0033288
0.00902421
0.0116588
0.00964427
0.00966681
0.0135873
0.0143213
0.0136353
0.0163971
0.0181543
0.0164963
0.0161772
0.0178617
0.0185822
0.0182192
0.0180386
0.0180728
0.0181484
0.0184648
0.0187076
0.00355424
0.00909142
0.0116349
0.00967462
0.00980836
0.013597
0.0143363
0.0136658
0.0163469
0.0181332
0.0164939
0.0161105
0.0178417
0.0185962
0.018174
0.0179576
0.0179751
0.0180237
0.0183238
0.0186033
0.00378519
0.00915853
0.0116166
0.00971065
0.00994482
0.0136084
0.014355
0.0136976
0.0162925
0.018113
0.0164972
0.0160369
0.0178135
0.0186179
0.0181278
0.0178655
0.01788
0.0179073
0.0181755
0.018484
0.00402152
0.00922588
0.0116038
0.0097529
0.0100764
0.0136207
0.0143775
0.0137315
0.0162335
0.0180928
0.0165074
0.0159571
0.0177744
0.0186468
0.0180836
0.0177624
0.0177848
0.0178003
0.0180286
0.0183455
0.0042629
0.00929387
0.0115965
0.00980167
0.0102036
0.013633
0.0144034
0.0137689
0.0161697
0.0180708
0.0165261
0.0158726
0.0177213
0.0186816
0.0180444
0.017648
0.017689
0.0177029
0.0178876
0.0181924
0.00450896
0.009363
0.0115948
0.00985706
0.0103269
0.0136459
0.0144322
0.0138112
0.0161011
0.0180453
0.0165544
0.0157851
0.0176512
0.0187207
0.0180139
0.0175214
0.0175918
0.0176186
0.0177542
0.0180303
0.00475943
0.00943369
0.0115987
0.00991936
0.0104471
0.013651
0.014463
0.0138593
0.0160287
0.0180139
0.0165924
0.0156971
0.0175612
0.0187614
0.0179972
0.0173817
0.0174879
0.0175533
0.0176332
0.0178612
0.00501397
0.00950626
0.0116087
0.00998846
0.0105648
0.013653
0.0144945
0.0139143
0.0159541
0.0179743
0.0166391
0.0156126
0.0174496
0.0187987
0.0179995
0.0172319
0.0173687
0.0175084
0.0175353
0.0176891
0.00527232
0.00958087
0.0116255
0.0100642
0.0106798
0.0136539
0.0145254
0.0139764
0.0158795
0.0179244
0.0166925
0.0155356
0.0173162
0.0188266
0.0180241
0.0170789
0.0172251
0.0174771
0.0174728
0.0175252
0.00553433
0.00965751
0.0116497
0.0101468
0.0107921
0.0136548
0.014554
0.0140446
0.0158081
0.0178628
0.0167496
0.0154699
0.0171627
0.0188388
0.0180731
0.0169324
0.0170516
0.0174461
0.0174521
0.0173866
0.00579987
0.00973604
0.0116825
0.0102363
0.0109011
0.0136566
0.0145792
0.0141175
0.0157425
0.0177898
0.016807
0.0154185
0.0169914
0.0188288
0.0181459
0.0168031
0.0168469
0.0174003
0.0174717
0.0172912
0.006069
0.00981607
0.0117248
0.010333
0.0110054
0.0136613
0.0146016
0.0141923
0.015684
0.0177066
0.0168618
0.0153825
0.0168059
0.01879
0.0182392
0.0167034
0.0166144
0.0173236
0.0175219
0.0172532
0.00634193
0.00989693
0.0117773
0.0104384
0.0111031
0.0136702
0.0146226
0.0142663
0.0156325
0.017615
0.0169115
0.0153632
0.016611
0.0187158
0.0183453
0.0166465
0.0163644
0.0171996
0.0175853
0.0172812
0.00661887
0.00997821
0.0118396
0.0105544
0.0111929
0.0136819
0.0146444
0.0143381
0.0155877
0.0175169
0.0169552
0.0153617
0.0164118
0.0186002
0.0184517
0.0166441
0.016117
0.0170172
0.0176354
0.0173724
0.00690005
0.0100574
0.0119105
0.010684
0.0112746
0.0136941
0.0146694
0.0144076
0.0155483
0.0174131
0.0169924
0.01538
0.0162144
0.0184398
0.0185431
0.0167006
0.0158973
0.0167784
0.0176414
0.0175063
0.00718588
0.010136
0.0119877
0.0108305
0.0113497
0.0137021
0.0146998
0.0144761
0.015511
0.0173024
0.0170227
0.0154199
0.0160255
0.0182358
0.0186044
0.0168091
0.0157296
0.0165008
0.0175792
0.0176508
0.00747661
0.0102144
0.0120681
0.0109972
0.0114208
0.0137007
0.0147375
0.0145465
0.015473
0.0171835
0.0170447
0.015482
0.0158525
0.0179933
0.0186227
0.0169551
0.0156322
0.0162109
0.0174401
0.0177697
0.00777237
0.0102936
0.012148
0.0111852
0.0114921
0.0136855
0.0147809
0.0146236
0.0154346
0.0170546
0.0170549
0.0155661
0.0157046
0.0177212
0.018587
0.0171197
0.0156141
0.0159368
0.0172313
0.0178328
0.00807318
0.0103749
0.0122239
0.0113936
0.0115692
0.0136536
0.0148264
0.0147136
0.0153999
0.0169134
0.0170481
0.0156698
0.0155925
0.0174332
0.0184904
0.0172804
0.0156728
0.0157073
0.0169715
0.017823
0.00837861
0.0104604
0.0122929
0.0116198
0.0116596
0.0136046
0.0148673
0.0148194
0.0153733
0.0167604
0.0170187
0.0157856
0.0155249
0.0171461
0.0183358
0.0174131
0.0157918
0.0155459
0.0166875
0.0177355
0.00868798
0.0105526
0.0123531
0.0118579
0.0117714
0.0135412
0.0148916
0.0149387
0.0153639
0.0166025
0.0169615
0.0159021
0.0155038
0.0168772
0.0181365
0.0175014
0.0159464
0.0154632
0.0164103
0.0175761
0.00900041
0.010654
0.012403
0.0120995
0.0119117
0.0134703
0.0148871
0.0150656
0.0153823
0.0164485
0.0168751
0.0160076
0.0155248
0.0166417
0.0179085
0.01754
0.0161112
0.0154522
0.0161691
0.0173618
0.00931479
0.0107674
0.0124425
0.0123358
0.0120842
0.0134022
0.014847
0.0151903
0.0154336
0.0163099
0.0167639
0.0160892
0.0155773
0.016451
0.0176676
0.0175309
0.0162676
0.0154962
0.0159844
0.0171217
0.0096297
0.0108954
0.0124729
0.0125583
0.0122893
0.013349
0.014772
0.0152949
0.015515
0.0162026
0.016639
0.016137
0.0156473
0.0163096
0.0174306
0.0174797
0.016404
0.0155764
0.015862
0.0168898
0.00994327
0.0110398
0.0124979
0.0127602
0.0125209
0.0133236
0.0146674
0.01536
0.015618
0.0161396
0.0165141
0.0161501
0.0157185
0.016212
0.0172137
0.0173961
0.0165126
0.015676
0.0157933
0.016693
0.0102536
0.0112012
0.0125234
0.0129366
0.0127682
0.0133362
0.0145431
0.015375
0.015729
0.0161242
0.0164059
0.016137
0.0157777
0.0161472
0.0170246
0.0172936
0.0165922
0.0157848
0.0157649
0.0165391
0.010559
0.0113795
0.0125555
0.0130843
0.013017
0.0133919
0.0144181
0.0153401
0.0158261
0.0161507
0.016331
0.0161093
0.0158191
0.0161034
0.0168621
0.0171832
0.0166462
0.0158984
0.0157693
0.0164194
0.0108584
0.011573
0.0126007
0.0132027
0.0132539
0.0134907
0.0143155
0.0152632
0.0158865
0.0162088
0.0162995
0.0160803
0.0158436
0.0160724
0.0167247
0.0170719
0.0166776
0.0160111
0.0158048
0.0163271
0.0111506
0.0117797
0.0126627
0.013294
0.0134684
0.0136263
0.0142535
0.0151574
0.0158984
0.0162787
0.0163107
0.0160661
0.0158561
0.0160475
0.016611
0.0169652
0.0166895
0.0161143
0.0158682
0.0162671
0.0114347
0.0119965
0.0127446
0.0133642
0.0136538
0.0137866
0.0142405
0.0150464
0.0158637
0.016335
0.0163567
0.01608
0.0158662
0.0160231
0.0165158
0.0168687
0.0166888
0.0162025
0.0159488
0.0162448
0.0117094
0.0122171
0.0128485
0.0134257
0.0138067
0.013956
0.0142738
0.014955
0.0157927
0.0163591
0.0164228
0.0161254
0.0158873
0.016002
0.0164322
0.0167826
0.016685
0.0162785
0.0160338
0.016256
0.0119745
0.0124384
0.0129729
0.0134865
0.0139289
0.0141214
0.0143491
0.0148984
0.0157007
0.0163449
0.0164887
0.0161972
0.015928
0.0159921
0.0163587
0.0167007
0.0166801
0.0163512
0.0161201
0.0162919
0.0122308
0.0126566
0.013114
0.0135541
0.0140256
0.0142763
0.0144552
0.0148804
0.0156091
0.0162982
0.0165379
0.0162878
0.0159903
0.0159988
0.0163014
0.0166211
0.0166672
0.0164235
0.0162129
0.0163476
0.0124784
0.012869
0.0132676
0.0136341
0.0141033
0.0144124
0.0145774
0.014899
0.0155354
0.0162295
0.0165601
0.016385
0.0160759
0.016024
0.016264
0.0165525
0.0166425
0.0164864
0.0163118
0.0164193
0.0127177
0.0130744
0.0134283
0.0137278
0.0141701
0.0145242
0.0147029
0.014949
0.0154889
0.0161532
0.0165549
0.0164745
0.0161833
0.0160728
0.0162455
0.0165024
0.0166156
0.0165338
0.0164096
0.0165023
0.0129488
0.0132723
0.0135908
0.0138349
0.0142339
0.0146141
0.0148233
0.0150243
0.0154734
0.0160844
0.0165297
0.0165449
0.0163017
0.0161508
0.0162491
0.0164696
0.0165971
0.0165704
0.0165018
0.0165946
0.0131714
0.0134621
0.0137512
0.0139528
0.0143003
0.0146869
0.0149328
0.015115
0.0154872
0.0160343
0.0164951
0.0165949
0.0164179
0.016255
0.016284
0.0164538
0.0165877
0.0166017
0.0165855
0.016694
0.0133849
0.0136444
0.0139064
0.0140774
0.0143726
0.014748
0.0150281
0.0152109
0.0155252
0.0160077
0.0164623
0.0166305
0.0165251
0.0163745
0.0163541
0.0164641
0.0165901
0.0166341
0.0166602
0.016795
0.013588
0.0138177
0.0140551
0.0142049
0.0144519
0.0148023
0.0151089
0.0153067
0.0155846
0.0160064
0.0164384
0.0166573
0.0166229
0.0164988
0.0164509
0.0165097
0.0166138
0.0166765
0.0167328
0.0168946
0.0137811
0.0139832
0.014194
0.0143302
0.0145376
0.0148548
0.015176
0.0153968
0.0156588
0.0160312
0.0164312
0.0166821
0.0167147
0.0166275
0.0165673
0.016589
0.0166669
0.0167352
0.0168105
0.0169912
0.0139612
0.0141394
0.0143242
0.0144497
0.0146263
0.0149083
0.015233
0.0154776
0.0157382
0.0160766
0.0164472
0.0167144
0.0168043
0.0167644
0.0167061
0.0166995
0.0167528
0.0168171
0.0169013
0.0170908
0.014126
0.0142841
0.014447
0.0145616
0.0147169
0.014963
0.0152818
0.0155489
0.0158187
0.0161367
0.0164848
0.0167622
0.0168966
0.0169087
0.0168706
0.0168458
0.0168771
0.016934
0.017019
0.0172071
0.014278
0.0144195
0.0145551
0.01466
0.0148012
0.0150188
0.0153223
0.0156067
0.0158964
0.0162058
0.0165401
0.0168319
0.0170017
0.017062
0.0170617
0.0170369
0.0170499
0.0170981
0.0171802
0.0173592
0.0144111
0.0145412
0.0146548
0.0147469
0.0148767
0.0150732
0.0153576
0.0156479
0.0159626
0.0162796
0.016609
0.0169206
0.0171309
0.017235
0.0172822
0.0172798
0.0172823
0.0173182
0.0173945
0.0175646
0.0145229
0.0146467
0.0147454
0.0148225
0.0149398
0.0151202
0.0153875
0.0156751
0.0160037
0.0163453
0.0166888
0.0170301
0.0173003
0.0174546
0.0175481
0.0175797
0.0175745
0.0175903
0.0176552
0.017816
0.0146187
0.0147366
0.0148156
0.0148701
0.0149876
0.0151577
0.0154089
0.0156885
0.0160104
0.0163601
0.0167476
0.0171594
0.01754
0.0178152
0.0180079
0.0181209
0.0181329
0.0180834
0.0180287
0.0180378
0.0146939
0.0148037
0.0148665
0.0149106
0.0150257
0.0151839
0.0154168
0.0156879
0.0159976
0.0162849
0.0165919
0.0169977
0.0175169
0.0180011
0.0183738
0.0186886
0.0190001
0.019348
0.0197327
0.0200692
0.0147389
0.0148436
0.0149079
0.0149553
0.0150739
0.0152313
0.0154326
0.0156612
0.0160182
0.0165117
0.0170527
0.0175504
0.0179644
0.0183171
0.0186323
0.0189443
0.0192526
0.0195192
0.0197517
0.0199018
0.0147503
0.0148422
0.0148852
0.0149091
0.0150219
0.0152125
0.0155509
0.0159673
0.0164073
0.0168047
0.0171673
0.017504
0.0178245
0.0181453
0.0184934
0.0188655
0.0192897
0.0197418
0.0201678
0.0204845
0.0147283
0.0148646
0.0149668
0.0150708
0.0152734
0.0155162
0.0157956
0.0161014
0.0164516
0.0168351
0.0172368
0.0176468
0.0180384
0.0183634
0.0186268
0.018787
0.0188247
0.0187464
0.0185916
0.0184523
0.0146168
0.0147277
0.0149357
0.0151566
0.0153971
0.0156089
0.0158543
0.0161357
0.0164655
0.0168412
0.017235
0.017606
0.0179939
0.0183662
0.0187498
0.0191678
0.0196145
0.0200621
0.0204418
0.0206781
0.014585
0.014716
0.0149442
0.0152001
0.0154746
0.015709
0.0159673
0.0162494
0.0165567
0.0169047
0.017303
0.0176912
0.0180983
0.0184993
0.0188741
0.0192324
0.0195615
0.0198426
0.0200381
0.0200993
0.0266021
0.0232802
0.016444
0.011259
0.0103161
0.011959
0.0137508
0.0149154
0.0156126
0.0161046
0.0165672
0.0170802
0.0175918
0.0180618
0.0185854
0.019179
0.0196907
0.0200532
0.0203434
0.0206852
0.0211565
0.0216835
0.022148
0.0226028
0.0231539
0.0237576
0.0243196
0.0248462
0.0253656
0.0258839
0.0263934
0.0268906
0.0273824
0.0278716
0.0283616
0.02888
0.0294579
0.0300705
0.0306751
0.0312603
0.0318273
0.0323984
0.0330089
0.0336265
0.0342127
0.0347962
0.035408
0.0360201
0.0365875
0.0371559
0.0378123
0.0385339
0.0392291
0.0399286
0.0406881
0.0414843
0.042279
0.0430966
0.0438776
0.0445687
0.0452394
0.0460202
0.0469304
0.0478426
0.0487111
0.0495858
0.0504846
0.0513606
0.0522711
0.053209
0.0541721
0.0551541
0.0561777
0.0572001
0.0582392
0.0592926
0.060375
0.0614806
0.0626147
0.0637916
0.0649651
0.0661927
0.0674337
0.0687146
0.0699636
0.0712434
0.0725671
0.0739218
0.0753264
0.0767099
0.0781087
0.0795491
0.0809888
0.0825
0.0839879
0.0855345
0.0870635
0.0885511
0.0900412
0.091344
0.0260564
0.0231541
0.016531
0.0114015
0.0104059
0.0120041
0.0137798
0.0149356
0.0156271
0.0161154
0.0165756
0.0170873
0.0175979
0.0180669
0.0185898
0.0191832
0.0196947
0.0200568
0.0203464
0.0206876
0.0211587
0.0216857
0.02215
0.0226044
0.0231554
0.023759
0.024321
0.0248474
0.0253667
0.025885
0.0263944
0.0268916
0.0273833
0.0278726
0.0283625
0.0288808
0.0294587
0.0300713
0.0306759
0.0312611
0.0318281
0.0323991
0.0330095
0.0336272
0.0342134
0.0347968
0.0354086
0.0360207
0.0365881
0.0371564
0.0378127
0.0385344
0.0392296
0.039929
0.0406885
0.0414847
0.0422794
0.043097
0.043878
0.0445691
0.0452397
0.0460204
0.0469307
0.0478429
0.0487114
0.0495861
0.0504849
0.0513608
0.0522713
0.0532092
0.0541723
0.0551543
0.0561779
0.0572003
0.0582394
0.0592928
0.0603752
0.0614807
0.0626148
0.0637918
0.0649652
0.0661929
0.0674338
0.0687147
0.0699637
0.0712436
0.0725672
0.0739219
0.0753265
0.07671
0.0781088
0.0795492
0.0809889
0.0825001
0.083988
0.0855345
0.0870636
0.0885512
0.0900413
0.0913441
0.0255066
0.0230357
0.0167164
0.0116703
0.0105598
0.0120597
0.0138054
0.0149562
0.0156452
0.0161303
0.0165872
0.0170962
0.017605
0.0180727
0.0185946
0.0191874
0.0196986
0.0200604
0.0203495
0.0206902
0.0211609
0.0216877
0.0221518
0.022606
0.0231568
0.0237605
0.0243223
0.0248485
0.0253677
0.025886
0.0263953
0.0268924
0.0273841
0.0278733
0.0283633
0.0288815
0.0294594
0.030072
0.0306767
0.0312618
0.0318288
0.0323998
0.0330101
0.0336278
0.0342139
0.0347973
0.0354091
0.0360212
0.0365886
0.0371568
0.0378131
0.0385348
0.03923
0.0399293
0.0406888
0.041485
0.0422797
0.0430973
0.0438784
0.0445694
0.0452399
0.0460206
0.0469309
0.0478431
0.0487116
0.0495863
0.0504851
0.051361
0.0522715
0.0532093
0.0541724
0.0551545
0.056178
0.0572005
0.0582395
0.0592929
0.0603753
0.0614809
0.062615
0.0637919
0.0649653
0.066193
0.0674339
0.0687148
0.0699638
0.0712437
0.0725673
0.073922
0.0753266
0.0767101
0.0781089
0.0795493
0.0809889
0.0825002
0.0839881
0.0855346
0.0870637
0.0885513
0.0900414
0.0913443
0.0250053
0.02293
0.0169495
0.0120056
0.0107668
0.0121347
0.0138392
0.0149844
0.0156712
0.0161528
0.0166052
0.0171098
0.0176153
0.0180811
0.0186015
0.019193
0.0197034
0.020065
0.0203541
0.0206943
0.021164
0.0216901
0.0221539
0.022608
0.0231589
0.0237625
0.024324
0.02485
0.025369
0.0258871
0.0263964
0.0268933
0.0273849
0.027874
0.0283639
0.0288821
0.0294601
0.0300727
0.0306774
0.0312626
0.0318295
0.0324004
0.0330108
0.0336285
0.0342145
0.0347979
0.0354097
0.0360218
0.0365891
0.0371572
0.0378135
0.0385352
0.0392304
0.0399297
0.0406892
0.0414854
0.04228
0.0430977
0.0438788
0.0445698
0.0452401
0.0460207
0.0469311
0.0478434
0.0487118
0.0495865
0.0504853
0.0513612
0.0522717
0.0532095
0.0541726
0.0551546
0.0561782
0.0572006
0.0582397
0.059293
0.0603755
0.061481
0.0626151
0.063792
0.0649654
0.0661931
0.067434
0.068715
0.0699639
0.0712438
0.0725674
0.0739221
0.0753267
0.0767102
0.078109
0.0795494
0.080989
0.0825003
0.0839882
0.0855347
0.0870638
0.0885514
0.0900416
0.0913447
0.0245183
0.0228018
0.0171846
0.0123586
0.0109949
0.0122194
0.0138765
0.0150176
0.0157043
0.0161834
0.0166311
0.0171295
0.0176304
0.0180936
0.0186117
0.0192005
0.0197091
0.0200711
0.0203614
0.0207014
0.0211692
0.0216933
0.0221565
0.0226109
0.023162
0.0237652
0.0243262
0.024852
0.0253708
0.0258888
0.0263979
0.0268945
0.0273859
0.0278748
0.0283645
0.0288827
0.0294607
0.0300734
0.030678
0.0312632
0.0318302
0.0324012
0.0330115
0.0336291
0.0342152
0.0347986
0.0354104
0.0360225
0.0365896
0.0371577
0.0378139
0.0385357
0.0392309
0.0399301
0.0406895
0.0414857
0.0422803
0.0430981
0.0438793
0.0445702
0.0452403
0.0460208
0.0469314
0.0478438
0.0487121
0.0495867
0.0504855
0.0513614
0.0522718
0.0532097
0.0541728
0.0551548
0.0561784
0.0572008
0.0582398
0.0592932
0.0603756
0.0614812
0.0626152
0.0637922
0.0649656
0.0661932
0.0674342
0.0687151
0.0699641
0.0712439
0.0725675
0.0739222
0.0753268
0.0767103
0.0781091
0.0795495
0.0809891
0.0825004
0.0839883
0.0855348
0.0870639
0.0885515
0.0900418
0.0913452
0.0240316
0.0226403
0.0174109
0.0127176
0.0112357
0.0123101
0.0139139
0.015052
0.015741
0.016219
0.0166624
0.0171543
0.0176497
0.0181099
0.0186252
0.0192099
0.0197159
0.0200787
0.0203716
0.020712
0.0211771
0.021698
0.02216
0.0226149
0.0231662
0.0237689
0.0243291
0.0248545
0.0253733
0.0258913
0.0264001
0.0268963
0.0273872
0.0278756
0.0283651
0.0288833
0.0294613
0.0300739
0.0306785
0.0312638
0.031831
0.032402
0.0330122
0.0336298
0.0342161
0.0347995
0.0354113
0.0360232
0.0365902
0.0371582
0.0378144
0.0385362
0.0392314
0.0399305
0.04069
0.0414862
0.0422807
0.0430986
0.0438799
0.0445706
0.0452405
0.046021
0.0469317
0.0478442
0.0487124
0.049587
0.0504858
0.0513616
0.0522721
0.0532099
0.054173
0.055155
0.0561786
0.057201
0.05824
0.0592934
0.0603758
0.0614813
0.0626153
0.0637923
0.0649657
0.0661934
0.0674343
0.0687153
0.0699642
0.071244
0.0725676
0.0739223
0.075327
0.0767105
0.0781092
0.0795496
0.0809892
0.0825005
0.0839884
0.0855349
0.0870641
0.0885517
0.0900422
0.0913458
0.0235482
0.022451
0.0176288
0.0130812
0.0114886
0.012407
0.013951
0.0150865
0.01578
0.0162577
0.0166971
0.0171823
0.0176718
0.0181289
0.0186409
0.0192207
0.0197235
0.0200875
0.0203841
0.0207258
0.0211877
0.0217044
0.0221649
0.0226204
0.0231718
0.0237734
0.0243325
0.0248575
0.0253762
0.0258942
0.0264031
0.026899
0.0273892
0.027877
0.028366
0.028884
0.0294621
0.0300744
0.0306787
0.0312641
0.0318317
0.0324029
0.0330129
0.0336305
0.034217
0.0348007
0.0354124
0.036024
0.036591
0.037159
0.0378151
0.0385368
0.0392319
0.039931
0.0406905
0.0414866
0.0422812
0.0430991
0.0438806
0.0445711
0.0452408
0.0460212
0.0469321
0.0478446
0.0487128
0.0495873
0.0504862
0.0513619
0.0522723
0.0532102
0.0541732
0.0551552
0.0561788
0.0572012
0.0582402
0.0592935
0.0603759
0.0614815
0.0626155
0.0637925
0.0649659
0.0661935
0.0674345
0.0687154
0.0699644
0.0712441
0.0725678
0.0739224
0.0753271
0.0767106
0.0781093
0.0795497
0.0809893
0.0825006
0.0839885
0.085535
0.0870643
0.0885519
0.0900426
0.0913466
0.0230774
0.0222393
0.0178358
0.0134472
0.0117532
0.0125117
0.0139887
0.015121
0.0158211
0.0162992
0.0167342
0.0172123
0.0176958
0.0181496
0.0186582
0.0192327
0.0197318
0.0200971
0.020398
0.0207415
0.0212002
0.0217123
0.0221713
0.0226275
0.0231786
0.0237786
0.0243363
0.0248607
0.0253793
0.0258974
0.0264064
0.0269022
0.027392
0.027879
0.0283675
0.0288852
0.029463
0.030075
0.0306788
0.0312642
0.0318323
0.0324037
0.0330134
0.0336308
0.0342179
0.0348021
0.0354137
0.0360251
0.036592
0.0371601
0.037816
0.0385375
0.0392325
0.0399317
0.040691
0.041487
0.0422817
0.0430998
0.0438813
0.0445718
0.0452411
0.0460215
0.0469326
0.0478452
0.0487133
0.0495878
0.0504866
0.0513623
0.0522727
0.0532105
0.0541735
0.0551555
0.056179
0.0572014
0.0582404
0.0592937
0.0603761
0.0614816
0.0626156
0.0637926
0.064966
0.0661936
0.0674346
0.0687156
0.0699645
0.0712442
0.0725679
0.0739225
0.0753273
0.0767108
0.0781094
0.0795498
0.0809894
0.0825007
0.0839886
0.0855351
0.0870645
0.0885522
0.0900431
0.0913475
0.0226275
0.0220076
0.0180265
0.0138123
0.0120296
0.0126261
0.014028
0.0151552
0.0158638
0.0163434
0.0167737
0.0172442
0.0177211
0.0181716
0.0186768
0.0192459
0.0197409
0.0201073
0.0204126
0.0207582
0.0212138
0.0217213
0.0221788
0.0226357
0.0231865
0.0237844
0.0243405
0.0248641
0.0253825
0.0259006
0.0264097
0.0269057
0.0273954
0.0278819
0.0283697
0.028887
0.0294644
0.0300757
0.0306789
0.0312642
0.0318329
0.0324046
0.0330138
0.0336309
0.0342186
0.0348037
0.0354152
0.0360261
0.0365932
0.0371616
0.0378174
0.0385384
0.0392333
0.0399324
0.0406915
0.0414873
0.0422821
0.0431005
0.0438822
0.0445725
0.0452416
0.0460218
0.0469331
0.0478458
0.0487139
0.0495883
0.0504871
0.0513628
0.0522731
0.0532109
0.0541738
0.0551558
0.0561794
0.0572017
0.0582407
0.059294
0.0603763
0.0614818
0.0626158
0.0637928
0.0649662
0.0661938
0.0674348
0.0687158
0.0699647
0.0712443
0.0725681
0.0739226
0.0753275
0.0767109
0.0781095
0.07955
0.0809895
0.0825008
0.0839888
0.0855352
0.0870648
0.0885526
0.0900437
0.0913487
0.0222045
0.0217575
0.0181958
0.0141747
0.012319
0.0127523
0.0140696
0.0151884
0.0159075
0.0163902
0.0168157
0.0172777
0.0177476
0.0181946
0.0186964
0.01926
0.0197508
0.020118
0.0204276
0.0207754
0.021228
0.021731
0.0221872
0.022645
0.0231951
0.0237908
0.0243449
0.0248677
0.0253858
0.0259036
0.0264127
0.0269091
0.0273989
0.0278853
0.0283728
0.0288896
0.0294664
0.0300767
0.030679
0.0312641
0.0318334
0.0324054
0.033014
0.0336306
0.0342191
0.0348051
0.0354166
0.0360272
0.0365946
0.0371635
0.0378192
0.0385397
0.0392344
0.0399335
0.0406921
0.0414874
0.0422822
0.043101
0.043883
0.0445734
0.0452422
0.0460224
0.0469337
0.0478464
0.0487145
0.0495889
0.0504876
0.0513634
0.0522737
0.0532113
0.0541743
0.0551563
0.0561798
0.0572021
0.058241
0.0592943
0.0603766
0.0614821
0.062616
0.063793
0.0649663
0.0661939
0.067435
0.068716
0.0699649
0.0712445
0.0725682
0.0739228
0.0753276
0.0767111
0.0781097
0.0795501
0.0809897
0.082501
0.083989
0.0855353
0.0870651
0.0885531
0.0900445
0.09135
0.0218113
0.0214921
0.0183412
0.0145331
0.0126213
0.0128916
0.0141141
0.01522
0.0159515
0.0164394
0.0168602
0.0173129
0.017775
0.0182183
0.018717
0.0192752
0.0197615
0.0201291
0.0204429
0.020793
0.0212426
0.0217411
0.0221961
0.0226549
0.0232044
0.0237977
0.0243497
0.0248715
0.0253891
0.0259065
0.0264155
0.0269121
0.0274024
0.027889
0.0283764
0.0288929
0.0294689
0.030078
0.0306792
0.0312642
0.0318342
0.0324064
0.033014
0.0336301
0.0342194
0.0348064
0.0354178
0.0360279
0.0365958
0.0371657
0.0378213
0.0385413
0.0392361
0.0399352
0.0406931
0.0414874
0.042282
0.043101
0.0438835
0.0445741
0.0452429
0.0460231
0.0469345
0.0478472
0.0487152
0.0495895
0.0504882
0.051364
0.0522744
0.053212
0.0541749
0.0551569
0.0561803
0.0572026
0.0582415
0.0592948
0.060377
0.0614824
0.0626162
0.0637933
0.0649665
0.0661941
0.0674352
0.0687162
0.069965
0.0712446
0.0725684
0.0739229
0.0753278
0.0767113
0.0781098
0.0795503
0.0809898
0.0825011
0.0839893
0.0855353
0.0870655
0.0885538
0.0900453
0.0913515
0.0214494
0.0212166
0.0184619
0.0148851
0.0129348
0.013045
0.0141628
0.01525
0.0159952
0.0164911
0.0169075
0.0173499
0.0178034
0.0182427
0.0187383
0.0192912
0.0197729
0.0201409
0.0204587
0.0208109
0.0212576
0.0217516
0.0222056
0.0226656
0.0232145
0.023805
0.0243547
0.0248756
0.0253927
0.0259095
0.0264181
0.026915
0.0274058
0.0278928
0.0283804
0.0288968
0.0294719
0.0300796
0.0306796
0.0312643
0.031835
0.0324075
0.0330141
0.0336294
0.0342194
0.0348075
0.0354188
0.0360284
0.0365968
0.0371678
0.0378236
0.0385432
0.0392382
0.0399375
0.0406945
0.0414876
0.0422816
0.0431006
0.0438835
0.0445746
0.0452437
0.0460241
0.0469355
0.047848
0.0487159
0.0495901
0.0504888
0.0513647
0.0522751
0.0532127
0.0541756
0.0551576
0.056181
0.0572032
0.0582421
0.0592954
0.0603775
0.0614828
0.0626166
0.0637935
0.0649668
0.0661943
0.0674354
0.0687164
0.0699652
0.0712448
0.0725685
0.0739231
0.075328
0.0767115
0.07811
0.0795505
0.08099
0.0825012
0.0839896
0.0855354
0.087066
0.0885546
0.0900463
0.0913533
0.0211196
0.0209367
0.0185568
0.0152266
0.0132573
0.0132141
0.0142182
0.0152789
0.0160379
0.0165447
0.0169579
0.0173893
0.0178331
0.0182679
0.0187605
0.0193082
0.0197852
0.0201533
0.020475
0.0208293
0.0212731
0.0217626
0.0222157
0.022677
0.0232252
0.0238127
0.02436
0.0248798
0.0253964
0.0259125
0.0264208
0.0269178
0.0274091
0.0278966
0.0283847
0.0289011
0.0294753
0.0300814
0.03068
0.0312645
0.031836
0.0324088
0.0330143
0.0336286
0.0342193
0.0348084
0.0354195
0.0360285
0.0365976
0.0371699
0.0378259
0.0385452
0.0392405
0.0399402
0.0406965
0.0414881
0.042281
0.0430996
0.0438828
0.0445745
0.0452443
0.0460253
0.0469368
0.047849
0.0487167
0.0495907
0.0504893
0.0513654
0.052276
0.0532135
0.0541764
0.0551584
0.0561817
0.0572039
0.0582429
0.0592961
0.0603782
0.0614833
0.062617
0.0637939
0.0649671
0.0661946
0.0674357
0.0687167
0.0699655
0.0712449
0.0725686
0.0739232
0.0753282
0.0767117
0.0781102
0.0795506
0.0809902
0.0825014
0.0839899
0.0855354
0.0870665
0.0885556
0.0900474
0.0913552
0.0208214
0.0206566
0.0186245
0.015554
0.013587
0.0134003
0.0142828
0.0153074
0.016079
0.0165998
0.0170115
0.0174313
0.0178642
0.018294
0.0187837
0.0193263
0.0197984
0.0201663
0.0204917
0.0208483
0.0212893
0.0217745
0.0222267
0.0226895
0.0232368
0.023821
0.0243655
0.0248844
0.0254003
0.0259156
0.0264234
0.0269208
0.0274126
0.0279005
0.0283891
0.0289058
0.0294792
0.0300835
0.0306805
0.0312647
0.031837
0.0324102
0.0330146
0.0336278
0.0342191
0.0348093
0.03542
0.0360283
0.036598
0.0371718
0.0378282
0.0385472
0.0392429
0.0399432
0.0406989
0.0414889
0.0422805
0.0430982
0.0438813
0.0445736
0.0452443
0.0460264
0.0469385
0.0478504
0.0487176
0.0495912
0.0504898
0.051366
0.0522767
0.0532143
0.0541774
0.0551594
0.0561825
0.0572046
0.0582437
0.0592971
0.0603791
0.0614841
0.0626176
0.0637944
0.0649674
0.0661948
0.0674359
0.068717
0.0699658
0.0712451
0.0725687
0.0739232
0.0753284
0.0767119
0.0781103
0.0795508
0.0809903
0.0825014
0.0839903
0.0855354
0.087067
0.0885568
0.0900487
0.0913573
0.0205528
0.0203794
0.0186652
0.015865
0.0139219
0.0136043
0.0143589
0.0153369
0.0161181
0.0166558
0.0170682
0.0174761
0.017897
0.0183211
0.0188078
0.0193454
0.0198126
0.0201799
0.020509
0.0208682
0.0213067
0.0217875
0.0222389
0.0227031
0.0232493
0.0238298
0.0243714
0.0248892
0.0254045
0.025919
0.0264263
0.0269239
0.0274162
0.0279045
0.0283937
0.0289108
0.0294835
0.0300859
0.030681
0.0312648
0.0318382
0.0324118
0.033015
0.033627
0.0342189
0.03481
0.0354204
0.0360279
0.0365983
0.0371736
0.0378305
0.0385491
0.0392452
0.0399464
0.0407015
0.04149
0.0422799
0.0430963
0.0438792
0.044572
0.0452438
0.0460272
0.0469403
0.0478521
0.0487186
0.0495918
0.0504901
0.0513665
0.0522774
0.053215
0.0541783
0.0551604
0.0561834
0.0572054
0.0582446
0.0592981
0.0603802
0.061485
0.0626183
0.063795
0.0649679
0.0661951
0.0674362
0.0687173
0.0699662
0.0712454
0.0725689
0.0739232
0.0753285
0.0767121
0.0781105
0.079551
0.0809905
0.0825015
0.0839906
0.0855353
0.0870676
0.0885582
0.09005
0.0913596
0.0203115
0.0201087
0.0186807
0.0161574
0.0142588
0.0138251
0.0144486
0.0153695
0.0161551
0.0167116
0.0171275
0.0175238
0.0179317
0.0183494
0.0188332
0.0193659
0.0198278
0.0201942
0.020527
0.0208893
0.0213256
0.0218021
0.0222525
0.022718
0.0232627
0.0238391
0.0243776
0.0248943
0.0254091
0.0259226
0.0264293
0.0269273
0.0274201
0.0279087
0.0283986
0.0289164
0.0294883
0.0300885
0.0306816
0.0312649
0.0318394
0.0324136
0.0330155
0.0336262
0.0342186
0.0348106
0.0354207
0.0360273
0.0365985
0.0371755
0.0378328
0.038551
0.0392475
0.0399495
0.0407042
0.0414912
0.0422793
0.0430941
0.0438764
0.0445698
0.0452429
0.0460278
0.046942
0.047854
0.0487198
0.0495924
0.0504904
0.0513669
0.0522779
0.0532156
0.0541793
0.0551616
0.0561844
0.0572062
0.0582455
0.0592993
0.0603815
0.0614862
0.0626192
0.0637958
0.0649685
0.0661954
0.0674364
0.0687176
0.0699666
0.0712459
0.0725691
0.0739232
0.0753285
0.0767122
0.0781108
0.0795512
0.0809908
0.0825015
0.0839911
0.0855352
0.0870682
0.0885597
0.0900514
0.091362
0.0200953
0.0198485
0.0186732
0.0164291
0.0145945
0.0140612
0.0145537
0.0154073
0.0161902
0.0167661
0.017189
0.0175747
0.0179686
0.0183792
0.0188599
0.0193877
0.0198439
0.0202092
0.020546
0.0209118
0.0213463
0.0218184
0.0222677
0.0227342
0.0232771
0.023849
0.0243842
0.0248998
0.0254139
0.0259264
0.0264327
0.026931
0.0274243
0.0279132
0.0284039
0.0289225
0.0294937
0.0300915
0.0306823
0.031265
0.0318406
0.0324154
0.0330161
0.0336255
0.0342182
0.0348112
0.0354209
0.0360267
0.0365988
0.0371774
0.0378353
0.038553
0.0392498
0.0399526
0.0407069
0.0414925
0.0422786
0.0430916
0.0438733
0.0445674
0.045242
0.0460282
0.0469435
0.0478558
0.048721
0.049593
0.0504907
0.0513673
0.0522785
0.0532162
0.0541802
0.0551628
0.0561855
0.057207
0.0582463
0.0593004
0.0603828
0.0614875
0.0626203
0.0637967
0.0649693
0.0661958
0.0674366
0.0687178
0.0699671
0.0712465
0.0725695
0.0739231
0.0753284
0.0767122
0.078111
0.0795514
0.0809911
0.0825015
0.0839915
0.0855351
0.0870688
0.0885614
0.0900529
0.0913645
0.0199026
0.0196019
0.0186441
0.0166787
0.0149267
0.0143103
0.0146753
0.0154526
0.016224
0.0168187
0.0172519
0.0176288
0.0180081
0.0184107
0.018888
0.0194107
0.0198611
0.0202249
0.020566
0.020936
0.0213689
0.0218365
0.0222844
0.0227518
0.0232925
0.0238595
0.0243912
0.0249056
0.0254191
0.0259306
0.0264363
0.026935
0.0274287
0.027918
0.0284095
0.0289291
0.0294995
0.0300949
0.030683
0.0312651
0.0318419
0.0324174
0.0330168
0.0336247
0.0342179
0.0348118
0.0354212
0.0360262
0.0365992
0.0371797
0.037838
0.038555
0.0392522
0.0399556
0.0407096
0.0414937
0.0422779
0.0430888
0.0438697
0.0445651
0.0452416
0.0460288
0.0469447
0.0478573
0.0487221
0.0495936
0.0504909
0.0513677
0.052279
0.0532169
0.0541812
0.055164
0.0561866
0.0572078
0.0582472
0.0593015
0.0603842
0.0614889
0.0626214
0.0637977
0.0649702
0.0661963
0.0674367
0.0687179
0.0699676
0.0712472
0.0725699
0.0739231
0.0753282
0.0767121
0.0781111
0.0795517
0.0809914
0.0825016
0.083992
0.0855349
0.0870695
0.0885633
0.0900544
0.0913671
0.0197307
0.0193703
0.0185955
0.0169059
0.0152538
0.0145694
0.0148134
0.0155075
0.0162581
0.016869
0.0173155
0.0176858
0.0180504
0.0184442
0.0189178
0.0194352
0.0198792
0.0202414
0.0205871
0.0209619
0.0213935
0.0218563
0.0223025
0.0227706
0.0233089
0.0238707
0.0243987
0.0249119
0.0254246
0.025935
0.0264402
0.0269392
0.0274334
0.027923
0.0284156
0.0289362
0.0295058
0.0300985
0.0306839
0.0312652
0.0318432
0.0324195
0.0330176
0.033624
0.0342175
0.0348124
0.0354214
0.0360257
0.0366
0.0371825
0.0378411
0.0385573
0.0392546
0.0399587
0.0407122
0.041495
0.0422772
0.0430861
0.043866
0.0445631
0.0452422
0.0460302
0.0469459
0.0478584
0.048723
0.0495941
0.0504912
0.0513682
0.0522797
0.0532176
0.0541823
0.0551653
0.0561877
0.0572087
0.058248
0.0593025
0.0603856
0.0614904
0.0626227
0.0637988
0.0649712
0.0661969
0.0674368
0.0687179
0.069968
0.0712479
0.0725706
0.0739231
0.0753279
0.076712
0.0781113
0.0795519
0.0809918
0.0825016
0.0839924
0.0855347
0.0870701
0.0885653
0.0900561
0.0913697
0.019577
0.0191553
0.0185301
0.0171113
0.0155739
0.0148351
0.0149674
0.0155746
0.0162946
0.016917
0.0173785
0.017745
0.0180955
0.0184799
0.0189496
0.0194613
0.0198984
0.0202588
0.0206094
0.0209895
0.0214199
0.0218775
0.0223217
0.0227904
0.0233261
0.0238826
0.0244066
0.0249185
0.0254306
0.0259399
0.0264445
0.0269437
0.0274383
0.0279284
0.028422
0.0289437
0.0295126
0.0301025
0.0306849
0.0312653
0.0318446
0.0324218
0.0330184
0.0336234
0.0342172
0.0348131
0.0354217
0.0360254
0.0366012
0.0371859
0.0378447
0.0385598
0.0392571
0.0399618
0.0407149
0.0414964
0.0422766
0.0430833
0.0438623
0.0445617
0.0452441
0.0460327
0.0469471
0.0478591
0.0487235
0.0495945
0.0504915
0.0513687
0.0522806
0.0532186
0.0541834
0.0551666
0.0561888
0.0572096
0.0582489
0.0593036
0.0603871
0.0614919
0.062624
0.0638
0.0649723
0.0661977
0.067437
0.0687178
0.0699683
0.0712487
0.0725713
0.0739232
0.0753276
0.0767117
0.0781114
0.0795522
0.0809922
0.0825016
0.083993
0.0855346
0.0870707
0.0885675
0.0900579
0.0913725
0.0194389
0.0189598
0.0184511
0.0172938
0.0158848
0.0151049
0.0151362
0.0156557
0.0163359
0.0169629
0.0174399
0.0178056
0.0181432
0.0185183
0.0189835
0.0194893
0.0199189
0.020277
0.0206329
0.0210186
0.0214477
0.0218999
0.0223418
0.022811
0.0233442
0.0238951
0.0244152
0.0249256
0.0254369
0.0259451
0.026449
0.0269485
0.0274435
0.027934
0.0284288
0.0289515
0.0295196
0.0301067
0.0306861
0.0312655
0.0318461
0.0324241
0.0330194
0.0336227
0.0342169
0.0348139
0.0354221
0.0360253
0.0366028
0.0371899
0.0378489
0.0385626
0.0392598
0.039965
0.0407175
0.0414977
0.042276
0.0430805
0.0438586
0.044561
0.0452473
0.0460365
0.0469487
0.0478594
0.0487239
0.0495949
0.0504918
0.0513694
0.0522817
0.0532198
0.0541848
0.0551679
0.05619
0.0572105
0.0582498
0.0593048
0.0603885
0.0614935
0.0626254
0.0638011
0.0649735
0.0661986
0.0674372
0.0687176
0.0699686
0.0712495
0.0725721
0.0739234
0.0753273
0.0767113
0.0781115
0.0795524
0.0809927
0.0825017
0.0839935
0.0855345
0.0870713
0.0885697
0.0900599
0.0913753
0.0193131
0.0187872
0.0183619
0.0174514
0.0161856
0.0153775
0.0153174
0.0157517
0.0163845
0.0170077
0.0174991
0.0178665
0.0181932
0.0185594
0.0190201
0.0195193
0.0199408
0.0202962
0.0206572
0.021049
0.0214769
0.0219233
0.0223626
0.0228324
0.0233632
0.0239084
0.0244243
0.0249332
0.0254436
0.0259506
0.0264539
0.0269536
0.0274489
0.0279399
0.0284358
0.0289596
0.0295269
0.0301111
0.0306874
0.0312659
0.0318478
0.0324267
0.0330204
0.033622
0.0342167
0.0348148
0.0354227
0.0360255
0.0366049
0.0371945
0.0378535
0.0385656
0.0392625
0.0399683
0.0407202
0.041499
0.0422754
0.0430779
0.0438552
0.0445608
0.0452517
0.0460415
0.0469506
0.0478594
0.048724
0.0495952
0.0504921
0.0513702
0.052283
0.0532213
0.0541863
0.0551694
0.0561911
0.0572114
0.0582509
0.0593061
0.06039
0.0614951
0.0626268
0.0638023
0.0649747
0.0661996
0.0674375
0.0687173
0.0699688
0.0712503
0.072573
0.0739237
0.0753269
0.0767109
0.0781115
0.0795527
0.0809931
0.0825018
0.0839941
0.0855344
0.087072
0.0885721
0.090062
0.0913783
0.0191945
0.0186396
0.0182677
0.0175825
0.016475
0.0156523
0.0155082
0.0158625
0.0164428
0.0170533
0.0175558
0.0179268
0.0182449
0.0186033
0.0190596
0.0195517
0.0199644
0.0203163
0.0206825
0.0210807
0.0215074
0.0219475
0.0223839
0.0228544
0.0233829
0.0239226
0.0244339
0.0249412
0.0254508
0.0259566
0.0264592
0.0269589
0.0274547
0.027946
0.028443
0.0289679
0.0295344
0.0301158
0.0306889
0.0312664
0.0318495
0.0324293
0.0330216
0.0336214
0.0342164
0.0348158
0.0354235
0.0360258
0.0366073
0.0371997
0.0378587
0.0385689
0.0392654
0.0399717
0.040723
0.0415003
0.0422749
0.0430753
0.0438519
0.044561
0.0452571
0.0460475
0.0469529
0.0478593
0.0487241
0.0495955
0.0504925
0.0513711
0.0522845
0.053223
0.054188
0.0551708
0.0561922
0.0572124
0.058252
0.0593074
0.0603916
0.0614968
0.0626284
0.0638036
0.064976
0.0662007
0.0674378
0.0687171
0.069969
0.0712511
0.0725739
0.0739241
0.0753266
0.0767105
0.0781117
0.0795529
0.0809936
0.0825018
0.0839947
0.0855344
0.0870727
0.0885746
0.0900643
0.0913813
0.0190752
0.0185158
0.0181763
0.0176866
0.0167507
0.015929
0.0157058
0.0159869
0.0165133
0.0171019
0.0176102
0.0179855
0.0182971
0.0186496
0.0191023
0.0195869
0.0199898
0.0203377
0.0207087
0.0211134
0.021539
0.0219725
0.0224059
0.022877
0.0234036
0.0239375
0.0244443
0.0249498
0.0254585
0.0259631
0.0264648
0.0269647
0.0274607
0.0279524
0.0284503
0.0289762
0.0295421
0.0301206
0.0306907
0.031267
0.0318515
0.0324321
0.0330228
0.0336208
0.0342163
0.034817
0.0354244
0.0360263
0.03661
0.0372054
0.0378643
0.0385724
0.0392685
0.0399752
0.0407258
0.0415015
0.0422745
0.0430729
0.0438487
0.0445616
0.045263
0.0460541
0.0469555
0.0478592
0.0487241
0.0495959
0.0504929
0.0513721
0.0522863
0.053225
0.0541898
0.0551724
0.0561934
0.0572134
0.0582532
0.0593088
0.0603933
0.0614987
0.06263
0.0638048
0.0649773
0.0662019
0.0674383
0.0687169
0.0699692
0.071252
0.072575
0.0739246
0.0753262
0.0767101
0.0781118
0.0795532
0.0809942
0.0825019
0.0839953
0.0855344
0.0870734
0.0885773
0.0900668
0.0913845
0.0189476
0.01841
0.018097
0.0177667
0.0170076
0.0162072
0.0159092
0.0161226
0.0165973
0.0171563
0.017663
0.018042
0.018349
0.0186978
0.0191484
0.0196254
0.0200174
0.0203602
0.0207358
0.0211471
0.0215718
0.0219985
0.0224284
0.0229004
0.0234251
0.0239533
0.0244553
0.0249588
0.0254666
0.02597
0.0264709
0.0269708
0.0274671
0.0279591
0.0284577
0.0289847
0.0295499
0.0301257
0.0306926
0.0312678
0.0318535
0.0324351
0.0330242
0.0336201
0.0342161
0.0348183
0.0354256
0.036027
0.0366129
0.0372115
0.0378703
0.0385762
0.0392717
0.0399788
0.0407286
0.0415027
0.0422741
0.0430705
0.0438458
0.0445624
0.0452692
0.0460611
0.0469583
0.047859
0.0487242
0.0495962
0.0504933
0.0513732
0.0522881
0.0532271
0.0541917
0.055174
0.0561947
0.0572144
0.0582544
0.0593103
0.0603951
0.0615006
0.0626318
0.0638062
0.0649788
0.0662032
0.0674388
0.0687168
0.0699695
0.0712529
0.0725761
0.0739252
0.075326
0.0767097
0.078112
0.0795535
0.0809947
0.082502
0.0839959
0.0855344
0.0870741
0.0885801
0.0900695
0.0913879
0.0188087
0.0183117
0.0180361
0.0178299
0.0172406
0.0164854
0.0161194
0.0162665
0.0166948
0.0172195
0.0177158
0.0180959
0.0183996
0.018747
0.0191978
0.0196677
0.0200475
0.0203841
0.0207639
0.0211819
0.0216056
0.0220254
0.0224516
0.0229245
0.0234476
0.0239701
0.024467
0.0249685
0.0254753
0.0259775
0.0264774
0.0269774
0.027474
0.027966
0.0284653
0.0289933
0.0295579
0.030131
0.0306947
0.0312687
0.0318557
0.0324383
0.0330256
0.0336195
0.034216
0.0348198
0.0354268
0.0360278
0.036616
0.0372178
0.0378765
0.0385802
0.039275
0.0399825
0.0407315
0.0415039
0.0422737
0.0430682
0.0438429
0.0445633
0.0452755
0.0460682
0.0469611
0.0478589
0.0487243
0.0495966
0.0504938
0.0513744
0.0522901
0.0532293
0.0541938
0.0551757
0.0561959
0.0572156
0.0582558
0.0593119
0.060397
0.0615026
0.0626336
0.0638076
0.0649802
0.0662046
0.0674395
0.0687167
0.0699698
0.0712539
0.0725772
0.0739258
0.0753257
0.0767094
0.0781122
0.0795538
0.0809952
0.0825021
0.0839966
0.0855345
0.0870748
0.0885831
0.0900724
0.0913913
0.0186642
0.0182075
0.0179924
0.0178884
0.0174467
0.0167585
0.0163383
0.0164164
0.0168042
0.0172944
0.0177704
0.018147
0.0184485
0.0187965
0.0192501
0.019714
0.0200804
0.0204093
0.020793
0.0212179
0.0216406
0.0220531
0.0224755
0.0229494
0.023471
0.0239878
0.0244796
0.0249787
0.0254845
0.0259855
0.0264845
0.0269844
0.0274812
0.0279732
0.0284731
0.029002
0.0295662
0.0301365
0.030697
0.0312698
0.0318581
0.0324416
0.0330273
0.033619
0.034216
0.0348214
0.0354284
0.0360287
0.0366191
0.0372243
0.037883
0.0385843
0.0392784
0.0399864
0.0407346
0.0415052
0.0422734
0.043066
0.0438402
0.0445643
0.0452818
0.0460753
0.0469641
0.0478589
0.0487244
0.0495971
0.0504943
0.0513756
0.0522922
0.0532316
0.0541958
0.0551774
0.0561973
0.0572167
0.0582572
0.0593136
0.0603989
0.0615046
0.0626355
0.063809
0.0649818
0.0662061
0.0674402
0.0687166
0.0699702
0.0712549
0.0725784
0.0739265
0.0753255
0.0767091
0.0781125
0.0795541
0.0809958
0.0825022
0.0839972
0.0855346
0.0870756
0.0885862
0.0900756
0.0913949
0.0185286
0.0180889
0.0179551
0.0179547
0.0176295
0.0170178
0.0165667
0.016573
0.0169224
0.0173825
0.0178302
0.0181956
0.0184951
0.0188456
0.0193045
0.0197643
0.0201168
0.0204363
0.0208233
0.0212554
0.0216769
0.0220815
0.0225001
0.0229752
0.0234956
0.0240065
0.0244929
0.0249897
0.0254943
0.025994
0.0264921
0.026992
0.0274889
0.0279807
0.0284811
0.029011
0.0295747
0.0301424
0.0306995
0.031271
0.0318606
0.0324452
0.033029
0.0336184
0.034216
0.0348232
0.0354301
0.0360298
0.0366223
0.037231
0.0378897
0.0385885
0.0392819
0.0399904
0.0407377
0.0415064
0.0422731
0.0430639
0.0438377
0.0445653
0.045288
0.0460823
0.046967
0.0478589
0.0487246
0.0495976
0.0504948
0.0513768
0.0522943
0.0532339
0.054198
0.0551792
0.0561987
0.057218
0.0582586
0.0593153
0.0604009
0.0615068
0.0626374
0.0638106
0.0649834
0.0662077
0.0674409
0.0687167
0.0699706
0.0712559
0.0725796
0.0739271
0.0753253
0.0767088
0.0781128
0.0795544
0.0809964
0.0825023
0.0839979
0.0855349
0.0870764
0.0885894
0.0900789
0.0913986
0.018417
0.0179605
0.0179089
0.0180345
0.0177996
0.0172547
0.0168013
0.01674
0.0170457
0.0174829
0.0178991
0.0182429
0.0185385
0.0188938
0.0193603
0.0198182
0.0201569
0.0204654
0.0208547
0.0212944
0.0217147
0.0221108
0.0225252
0.023002
0.0235213
0.0240262
0.0245069
0.0250012
0.0255048
0.0260032
0.0265002
0.027
0.027497
0.0279886
0.0284893
0.0290201
0.0295835
0.0301485
0.0307023
0.0312724
0.0318633
0.032449
0.033031
0.0336179
0.0342161
0.0348251
0.035432
0.036031
0.0366255
0.0372377
0.0378966
0.0385929
0.0392855
0.0399945
0.040741
0.0415077
0.0422728
0.0430618
0.0438353
0.0445664
0.0452942
0.0460893
0.04697
0.0478591
0.0487249
0.0495981
0.0504954
0.0513782
0.0522966
0.0532363
0.0542002
0.0551811
0.0562002
0.0572193
0.0582602
0.0593171
0.060403
0.061509
0.0626395
0.0638122
0.0649851
0.0662093
0.0674417
0.0687167
0.069971
0.071257
0.0725809
0.0739278
0.0753252
0.0767086
0.0781131
0.0795547
0.0809971
0.0825024
0.0839986
0.0855352
0.0870772
0.0885929
0.0900826
0.0914025
0.0183363
0.0178399
0.0178405
0.0181205
0.017973
0.0174668
0.0170324
0.0169219
0.0171729
0.0175923
0.0179809
0.0182916
0.0185778
0.0189406
0.0194171
0.0198753
0.0202006
0.0204969
0.0208874
0.0213347
0.0217543
0.022141
0.0225506
0.0230296
0.0235485
0.0240472
0.0245218
0.0250135
0.025516
0.0260131
0.0265089
0.0270086
0.0275056
0.0279969
0.0284977
0.0290295
0.0295926
0.030155
0.0307053
0.0312739
0.0318662
0.0324531
0.0330331
0.0336175
0.0342162
0.0348273
0.0354342
0.0360323
0.0366288
0.0372445
0.0379036
0.0385975
0.0392892
0.0399988
0.0407444
0.041509
0.0422725
0.0430599
0.043833
0.0445675
0.0453002
0.0460962
0.0469731
0.0478593
0.0487252
0.0495987
0.050496
0.0513795
0.0522988
0.0532387
0.0542024
0.0551831
0.0562018
0.0572206
0.0582618
0.059319
0.0604051
0.0615113
0.0626415
0.0638139
0.0649869
0.0662109
0.0674426
0.0687169
0.0699715
0.0712581
0.0725822
0.0739284
0.075325
0.0767083
0.0781134
0.079555
0.0809977
0.0825026
0.0839993
0.0855356
0.0870781
0.0885965
0.0900865
0.0914065
0.0182789
0.0177473
0.0177477
0.0181942
0.018164
0.0176625
0.0172465
0.0171187
0.0173086
0.0177056
0.0180763
0.0183463
0.0186126
0.0189849
0.019475
0.019935
0.0202478
0.020531
0.020922
0.0213768
0.0217957
0.0221725
0.0225762
0.0230577
0.023577
0.0240695
0.0245376
0.0250264
0.0255279
0.0260237
0.0265183
0.0270177
0.0275148
0.0280055
0.0285064
0.0290391
0.029602
0.0301619
0.0307087
0.0312756
0.0318693
0.0324574
0.0330354
0.033617
0.0342164
0.0348296
0.0354367
0.0360338
0.036632
0.0372514
0.0379108
0.0386021
0.039293
0.0400032
0.0407479
0.0415104
0.0422723
0.0430582
0.043831
0.0445686
0.0453062
0.046103
0.0469762
0.0478597
0.0487256
0.0495994
0.0504967
0.051381
0.0523012
0.0532412
0.0542047
0.0551851
0.0562034
0.0572221
0.0582635
0.059321
0.0604074
0.0615137
0.0626437
0.0638157
0.0649887
0.0662126
0.0674434
0.068717
0.069972
0.0712593
0.0725835
0.0739291
0.0753248
0.0767081
0.0781138
0.0795553
0.0809984
0.0825028
0.084
0.0855361
0.087079
0.0886002
0.0900907
0.0914106
0.0182277
0.0176959
0.0176449
0.0182353
0.0183737
0.0178595
0.0174331
0.0173221
0.0174607
0.0178196
0.0181818
0.0184127
0.0186446
0.0190247
0.019534
0.0199973
0.0202978
0.0205672
0.0209584
0.021421
0.021839
0.0222056
0.0226024
0.0230861
0.0236068
0.0240935
0.0245544
0.0250399
0.0255405
0.0260351
0.0265283
0.0270274
0.0275245
0.0280146
0.0285153
0.0290489
0.0296117
0.0301691
0.0307123
0.0312774
0.0318725
0.032462
0.033038
0.0336167
0.0342166
0.0348322
0.0354394
0.0360353
0.0366353
0.0372584
0.0379182
0.0386069
0.0392969
0.0400077
0.0407515
0.0415117
0.0422721
0.0430565
0.043829
0.0445698
0.045312
0.0461096
0.0469793
0.0478601
0.0487261
0.0496002
0.0504975
0.0513825
0.0523036
0.0532437
0.054207
0.0551872
0.0562051
0.0572236
0.0582652
0.059323
0.0604097
0.0615161
0.0626459
0.0638175
0.0649906
0.0662144
0.0674444
0.0687172
0.0699726
0.0712605
0.0725848
0.0739298
0.0753247
0.0767079
0.0781142
0.0795557
0.0809991
0.082503
0.0840007
0.0855367
0.0870799
0.0886041
0.0900952
0.0914149
0.0181669
0.0176858
0.0175552
0.0182297
0.018584
0.0180793
0.0175945
0.017516
0.0176344
0.0179369
0.0182912
0.0184942
0.0186786
0.0190579
0.0195928
0.0200629
0.0203502
0.0206053
0.0209964
0.0214679
0.0218848
0.02224
0.0226293
0.0231147
0.0236374
0.0241191
0.0245725
0.0250541
0.0255537
0.0260474
0.0265392
0.0270377
0.0275347
0.0280242
0.0285246
0.029059
0.0296217
0.0301767
0.0307163
0.0312795
0.0318759
0.0324669
0.0330408
0.0336165
0.0342169
0.034835
0.0354425
0.0360371
0.0366386
0.0372655
0.0379258
0.0386119
0.0393008
0.0400124
0.0407553
0.0415132
0.042272
0.0430551
0.0438273
0.044571
0.0453178
0.0461162
0.0469824
0.0478607
0.0487268
0.049601
0.0504982
0.051384
0.0523061
0.0532463
0.0542095
0.0551894
0.0562069
0.0572252
0.0582671
0.0593252
0.0604121
0.0615186
0.0626482
0.0638195
0.0649926
0.0662162
0.0674453
0.0687175
0.0699732
0.0712618
0.0725862
0.0739306
0.0753246
0.0767077
0.0781147
0.079556
0.0809998
0.0825033
0.0840014
0.0855375
0.0870808
0.0886082
0.0901001
0.0914194
0.0180871
0.0177048
0.0175015
0.0181803
0.0187669
0.0183348
0.0177488
0.0176829
0.0178251
0.0180675
0.0183986
0.0185891
0.0187214
0.0190842
0.019649
0.0201325
0.0204054
0.0206445
0.0210355
0.0215173
0.021934
0.022276
0.0226568
0.0231439
0.0236687
0.0241462
0.0245922
0.0250691
0.0255676
0.0260604
0.0265509
0.0270487
0.0275455
0.0280342
0.0285342
0.0290693
0.0296321
0.0301847
0.0307206
0.0312819
0.0318796
0.032472
0.0330438
0.0336164
0.0342174
0.034838
0.0354458
0.036039
0.0366418
0.0372726
0.0379335
0.0386169
0.0393049
0.0400172
0.0407592
0.0415147
0.0422719
0.0430538
0.0438258
0.0445723
0.0453234
0.0461226
0.0469856
0.0478614
0.0487275
0.0496019
0.0504991
0.0513857
0.0523087
0.053249
0.0542119
0.0551917
0.0562088
0.0572269
0.058269
0.0593274
0.0604146
0.0615211
0.0626505
0.0638215
0.0649946
0.066218
0.0674463
0.0687178
0.0699738
0.0712631
0.0725875
0.0739313
0.0753245
0.0767075
0.0781151
0.0795564
0.0810006
0.0825037
0.0840021
0.0855384
0.0870818
0.0886124
0.0901053
0.0914241
0.0179836
0.0177351
0.0174993
0.0181101
0.0188954
0.0186161
0.0179219
0.0178159
0.0180169
0.0182207
0.0185042
0.0186906
0.0187786
0.019107
0.0196991
0.0202061
0.0204644
0.0206843
0.0210749
0.0215688
0.0219871
0.0223143
0.0226847
0.0231738
0.0237009
0.0241743
0.0246134
0.0250853
0.0255821
0.0260743
0.0265635
0.0270604
0.0275568
0.0280447
0.0285442
0.02908
0.0296428
0.0301931
0.0307253
0.0312844
0.0318834
0.0324775
0.0330472
0.0336164
0.0342179
0.0348413
0.0354495
0.0360411
0.0366451
0.0372797
0.0379414
0.0386222
0.039309
0.0400221
0.0407633
0.0415163
0.0422719
0.0430527
0.0438245
0.0445737
0.0453289
0.046129
0.0469888
0.0478622
0.0487283
0.0496029
0.0505
0.0513874
0.0523113
0.0532517
0.0542145
0.0551941
0.0562108
0.0572286
0.0582711
0.0593297
0.0604173
0.0615238
0.0626529
0.0638236
0.0649968
0.0662199
0.0674474
0.0687181
0.0699744
0.0712645
0.0725889
0.0739321
0.0753244
0.0767073
0.0781156
0.0795568
0.0810014
0.082504
0.0840028
0.0855394
0.0870829
0.0886167
0.0901109
0.091429
0.017853
0.0177581
0.0175505
0.0180496
0.0189561
0.0188937
0.018137
0.0179284
0.0181888
0.0183973
0.0186172
0.0187916
0.018851
0.0191326
0.0197411
0.0202817
0.0205288
0.0207245
0.0211138
0.0216216
0.0220442
0.0223564
0.0227129
0.023204
0.0237345
0.0242033
0.0246357
0.0251029
0.0255976
0.0260889
0.0265769
0.027073
0.0275688
0.0280557
0.0285546
0.0290909
0.0296537
0.0302019
0.0307304
0.0312872
0.0318875
0.0324833
0.0330508
0.0336166
0.0342186
0.0348448
0.0354535
0.0360434
0.0366484
0.0372869
0.0379495
0.0386275
0.0393132
0.0400272
0.0407675
0.041518
0.042272
0.0430519
0.0438235
0.0445752
0.0453343
0.0461352
0.0469921
0.0478632
0.0487293
0.049604
0.050501
0.0513892
0.0523141
0.0532545
0.0542171
0.0551965
0.0562129
0.0572305
0.0582732
0.0593322
0.0604199
0.0615265
0.0626554
0.0638257
0.0649989
0.0662218
0.0674485
0.0687185
0.0699751
0.0712658
0.0725903
0.0739329
0.0753244
0.0767072
0.0781161
0.0795572
0.0810022
0.0825045
0.0840035
0.0855406
0.0870841
0.0886211
0.0901168
0.0914342
0.0176945
0.0177559
0.0176428
0.0180279
0.0189602
0.0191337
0.0183967
0.0180468
0.0183269
0.0185841
0.0187487
0.0188905
0.0189335
0.019167
0.0197758
0.0203566
0.0205998
0.0207655
0.0211513
0.0216754
0.0221048
0.0224028
0.0227424
0.0232336
0.0237695
0.0242338
0.0246586
0.0251218
0.0256143
0.0261042
0.0265911
0.0270863
0.0275815
0.0280672
0.0285654
0.0291023
0.0296651
0.0302112
0.030736
0.0312903
0.0318918
0.0324895
0.0330548
0.0336169
0.0342193
0.0348487
0.0354579
0.0360459
0.0366517
0.0372941
0.0379578
0.038633
0.0393174
0.0400324
0.0407719
0.0415197
0.0422721
0.0430512
0.0438227
0.0445767
0.0453396
0.0461413
0.0469954
0.0478643
0.0487304
0.0496051
0.050502
0.0513911
0.0523169
0.0532573
0.0542197
0.0551991
0.0562151
0.0572324
0.0582754
0.0593347
0.0604227
0.0615293
0.062658
0.063828
0.0650012
0.0662238
0.0674496
0.068719
0.0699758
0.0712673
0.0725918
0.0739337
0.0753244
0.076707
0.0781166
0.0795576
0.081003
0.0825051
0.0840042
0.085542
0.0870853
0.0886256
0.0901232
0.0914395
0.0175141
0.0177139
0.0177546
0.0180634
0.0189365
0.0193095
0.0186775
0.0181991
0.0184376
0.0187605
0.0189026
0.0189945
0.0190202
0.0192118
0.0198068
0.0204281
0.0206777
0.0208087
0.0211861
0.02173
0.0221685
0.0224536
0.0227745
0.0232626
0.0238054
0.0242667
0.0246822
0.0251412
0.0256327
0.0261208
0.026606
0.0271004
0.027595
0.0280793
0.0285764
0.0291139
0.029677
0.0302209
0.0307419
0.0312938
0.0318964
0.0324961
0.0330592
0.0336173
0.0342202
0.0348528
0.0354627
0.0360486
0.036655
0.0373014
0.0379663
0.0386387
0.0393217
0.0400377
0.0407765
0.0415215
0.0422724
0.0430508
0.0438221
0.0445784
0.0453448
0.0461473
0.0469987
0.0478655
0.0487316
0.0496064
0.0505031
0.0513931
0.0523198
0.0532602
0.0542225
0.0552018
0.0562174
0.0572344
0.0582777
0.0593373
0.0604256
0.0615321
0.0626606
0.0638304
0.0650035
0.0662259
0.0674508
0.0687195
0.0699766
0.0712687
0.0725932
0.0739345
0.0753244
0.0767069
0.0781172
0.079558
0.0810038
0.0825057
0.0840049
0.0855435
0.0870867
0.0886303
0.0901299
0.0914452
0.0173264
0.0176239
0.017861
0.0181594
0.018919
0.0194155
0.0189452
0.0183971
0.0185445
0.0189101
0.0190684
0.0191141
0.0191101
0.0192646
0.019837
0.0204953
0.0207627
0.0208559
0.0212166
0.0217842
0.022236
0.0225078
0.0228099
0.0232922
0.023841
0.024302
0.0247072
0.0251605
0.0256523
0.0261391
0.0266218
0.0271152
0.0276092
0.0280921
0.028588
0.0291259
0.0296893
0.0302311
0.0307483
0.0312975
0.0319013
0.032503
0.033064
0.033618
0.0342211
0.0348573
0.035468
0.0360515
0.0366582
0.0373087
0.0379751
0.0386445
0.039326
0.0400432
0.0407812
0.0415235
0.0422728
0.0430506
0.0438219
0.0445801
0.0453499
0.0461531
0.0470021
0.0478669
0.048733
0.0496078
0.0505043
0.0513951
0.0523229
0.0532631
0.0542253
0.0552045
0.0562198
0.0572365
0.0582801
0.05934
0.0604286
0.061535
0.0626633
0.0638328
0.0650059
0.066228
0.0674521
0.0687201
0.0699774
0.0712703
0.0725947
0.0739354
0.0753245
0.0767068
0.0781178
0.0795585
0.0810046
0.0825064
0.0840055
0.0855452
0.0870883
0.088635
0.0901369
0.0914511
0.0171524
0.017486
0.0179358
0.018304
0.0189392
0.0194698
0.0191677
0.0186255
0.0186746
0.0190357
0.0192273
0.0192523
0.0192106
0.019323
0.0198666
0.0205573
0.0208545
0.0209101
0.0212416
0.0218355
0.0223086
0.0225657
0.0228475
0.0233236
0.0238765
0.0243389
0.0247349
0.0251797
0.0256722
0.0261596
0.0266389
0.0271303
0.027624
0.0281057
0.0286001
0.0291381
0.0297019
0.030242
0.0307552
0.0313014
0.0319064
0.0325104
0.0330694
0.033619
0.0342221
0.0348619
0.0354738
0.0360548
0.0366614
0.037316
0.037984
0.0386504
0.0393304
0.0400488
0.0407861
0.0415255
0.0422734
0.0430507
0.0438219
0.044582
0.0453548
0.0461589
0.0470056
0.0478685
0.0487345
0.0496093
0.0505056
0.0513973
0.052326
0.0532662
0.0542281
0.0552074
0.0562223
0.0572388
0.0582827
0.0593429
0.0604317
0.061538
0.0626661
0.0638354
0.0650084
0.0662302
0.0674534
0.0687208
0.0699782
0.0712718
0.0725962
0.0739363
0.0753246
0.0767067
0.0781185
0.079559
0.0810055
0.0825073
0.0840062
0.085547
0.08709
0.0886398
0.0901444
0.0914573
0.0170174
0.0173124
0.0179559
0.0184733
0.0190183
0.0195026
0.0193289
0.0188533
0.0188426
0.0191588
0.0193641
0.0193982
0.0193302
0.0193904
0.0198942
0.0206118
0.0209523
0.0209758
0.0212619
0.0218795
0.0223865
0.0226295
0.0228856
0.023357
0.0239136
0.0243763
0.024765
0.0251999
0.0256914
0.0261817
0.0266583
0.027146
0.0276392
0.02812
0.0286129
0.0291508
0.0297149
0.0302535
0.0307627
0.0313056
0.0319117
0.0325183
0.0330752
0.0336203
0.0342232
0.0348668
0.03548
0.0360585
0.0366645
0.0373233
0.0379932
0.0386566
0.0393348
0.0400546
0.0407913
0.0415277
0.042274
0.043051
0.0438223
0.0445839
0.0453596
0.0461646
0.0470091
0.0478701
0.0487362
0.0496109
0.050507
0.0513996
0.0523292
0.0532692
0.0542311
0.0552104
0.0562249
0.0572411
0.0582853
0.0593458
0.0604349
0.0615411
0.062669
0.063838
0.065011
0.0662324
0.0674548
0.0687216
0.0699791
0.0712735
0.0725978
0.0739372
0.0753248
0.0767067
0.0781192
0.0795595
0.0810063
0.0825083
0.0840069
0.085549
0.087092
0.0886447
0.0901522
0.0914638
0.0169475
0.0171285
0.0179075
0.018635
0.0191603
0.0195483
0.0194366
0.0190489
0.019037
0.019305
0.0194823
0.0195325
0.0194686
0.0194767
0.0199214
0.0206544
0.0210523
0.0210579
0.021282
0.0219112
0.0224671
0.0227028
0.0229242
0.0233898
0.0239542
0.024415
0.0247963
0.0252222
0.0257103
0.0262043
0.0266804
0.027163
0.0276545
0.0281349
0.0286263
0.0291639
0.0297284
0.0302655
0.030771
0.0313102
0.031917
0.0325266
0.0330817
0.0336219
0.0342245
0.0348718
0.0354867
0.0360627
0.0366677
0.0373304
0.0380026
0.038663
0.0393391
0.0400604
0.0407967
0.0415301
0.0422748
0.0430516
0.0438229
0.0445861
0.0453644
0.0461701
0.0470127
0.047872
0.048738
0.0496127
0.0505084
0.051402
0.0523326
0.0532724
0.0542341
0.0552135
0.0562277
0.0572436
0.0582881
0.0593489
0.0604382
0.0615443
0.062672
0.0638408
0.0650136
0.0662347
0.0674563
0.0687224
0.06998
0.0712751
0.0725993
0.0739382
0.075325
0.0767067
0.0781199
0.0795601
0.0810071
0.0825094
0.0840076
0.0855511
0.0870942
0.0886497
0.0901604
0.0914707
0.0169611
0.0169693
0.0177943
0.0187538
0.0193503
0.0196376
0.0195154
0.019193
0.0192283
0.0194891
0.0196053
0.0196403
0.019611
0.0195911
0.0199578
0.0206817
0.0211462
0.0211589
0.02131
0.0219271
0.0225437
0.022789
0.0229662
0.0234187
0.0239978
0.0244579
0.0248277
0.0252459
0.0257302
0.0262264
0.0267045
0.0271824
0.0276698
0.0281501
0.0286406
0.0291776
0.0297422
0.0302781
0.0307799
0.0313153
0.0319225
0.0325353
0.0330889
0.033624
0.0342259
0.0348771
0.0354938
0.0360672
0.036671
0.0373376
0.0380122
0.0386696
0.0393436
0.0400663
0.0408023
0.0415326
0.0422758
0.0430525
0.0438239
0.0445884
0.045369
0.0461756
0.0470163
0.047874
0.04874
0.0496146
0.05051
0.0514045
0.052336
0.0532756
0.0542372
0.0552167
0.0562306
0.0572461
0.058291
0.0593521
0.0604416
0.0615475
0.062675
0.0638436
0.0650164
0.0662371
0.0674578
0.0687233
0.069981
0.0712768
0.0726009
0.0739392
0.0753253
0.0767067
0.0781206
0.0795607
0.0810079
0.0825107
0.0840083
0.0855534
0.0870967
0.0886547
0.0901689
0.0914779
0.0170602
0.0168715
0.0176404
0.018801
0.0195571
0.0197879
0.0195974
0.0192884
0.0193853
0.0196998
0.019761
0.0197263
0.019734
0.0197311
0.0200182
0.0206977
0.0212234
0.0212749
0.0213567
0.0219301
0.0226069
0.0228875
0.0230183
0.0234416
0.0240406
0.0245078
0.0248609
0.0252689
0.0257518
0.0262488
0.0267293
0.0272045
0.0276861
0.0281648
0.0286555
0.029192
0.0297565
0.0302913
0.0307896
0.0313209
0.0319281
0.0325442
0.0330968
0.0336266
0.0342274
0.0348827
0.0355014
0.036072
0.0366744
0.0373447
0.038022
0.0386764
0.039348
0.0400723
0.0408082
0.0415354
0.0422769
0.0430536
0.0438252
0.0445908
0.0453736
0.0461809
0.0470199
0.0478761
0.0487422
0.0496166
0.0505117
0.0514071
0.0523396
0.0532789
0.0542403
0.0552201
0.0562336
0.0572488
0.0582941
0.0593554
0.0604451
0.0615508
0.0626781
0.0638466
0.0650192
0.0662396
0.0674594
0.0687243
0.0699821
0.0712786
0.0726025
0.0739402
0.0753257
0.0767068
0.0781214
0.0795614
0.0810087
0.0825121
0.0840091
0.0855557
0.0870995
0.0886599
0.0901776
0.0914856
0.0172255
0.0168627
0.0174836
0.0187661
0.0197408
0.0199957
0.0197158
0.0193568
0.0194864
0.0199056
0.0199671
0.0198187
0.0198188
0.0198765
0.0201156
0.020717
0.0212758
0.0213932
0.0214308
0.0219309
0.0226477
0.0229913
0.0230875
0.0234611
0.0240766
0.0245651
0.0249001
0.0252897
0.0257734
0.0262731
0.0267542
0.0272286
0.0277048
0.0281794
0.0286704
0.0292074
0.0297713
0.0303051
0.0308001
0.031327
0.0319341
0.0325534
0.0331052
0.0336298
0.0342291
0.0348884
0.0355097
0.0360772
0.0366777
0.037352
0.0380321
0.0386834
0.0393525
0.0400785
0.0408142
0.0415383
0.0422783
0.043055
0.0438268
0.0445934
0.0453781
0.0461862
0.0470237
0.0478783
0.0487445
0.0496188
0.0505134
0.0514098
0.0523434
0.0532822
0.0542436
0.0552235
0.0562367
0.0572516
0.0582972
0.0593589
0.0604487
0.0615542
0.0626813
0.0638497
0.0650221
0.0662421
0.067461
0.0687254
0.0699832
0.0712804
0.0726042
0.0739412
0.0753261
0.076707
0.0781222
0.0795622
0.0810095
0.0825136
0.08401
0.0855582
0.0871027
0.0886651
0.0901867
0.0914936
0.0174247
0.0169503
0.0173658
0.0186636
0.0198632
0.0202351
0.0198941
0.0194293
0.0195312
0.0200712
0.0202148
0.0199518
0.0198699
0.0199981
0.0202473
0.0207606
0.0213067
0.0214969
0.021531
0.0219451
0.0226642
0.0230878
0.0231775
0.0234853
0.0241012
0.0246249
0.02495
0.0253106
0.0257917
0.0262998
0.0267809
0.0272532
0.0277259
0.0281949
0.0286846
0.0292233
0.029787
0.0303195
0.0308114
0.0313338
0.0319403
0.0325631
0.0331143
0.0336336
0.034231
0.0348944
0.0355185
0.036083
0.0366809
0.0373591
0.0380427
0.0386906
0.0393568
0.0400847
0.0408206
0.0415415
0.0422798
0.0430567
0.0438287
0.0445961
0.0453825
0.0461915
0.0470275
0.0478807
0.048747
0.0496212
0.0505153
0.0514127
0.0523472
0.0532856
0.0542469
0.0552271
0.05624
0.0572545
0.0583005
0.0593625
0.0604524
0.0615576
0.0626847
0.0638529
0.065025
0.0662446
0.0674628
0.0687266
0.0699844
0.0712823
0.0726059
0.0739423
0.0753266
0.0767072
0.078123
0.0795631
0.0810103
0.0825154
0.084011
0.0855607
0.0871062
0.0886704
0.090196
0.0915021
0.0176224
0.0171187
0.0173204
0.018528
0.0199023
0.0204685
0.0201355
0.0195409
0.0195399
0.0201687
0.02047
0.0201511
0.0199189
0.0200707
0.0203891
0.0208461
0.0213345
0.0215725
0.0216423
0.0219877
0.022667
0.0231627
0.0232835
0.0235245
0.0241145
0.0246797
0.0250122
0.0253369
0.0258048
0.0263262
0.0268112
0.0272782
0.0277481
0.0282126
0.0286985
0.0292389
0.0298038
0.0303346
0.0308235
0.0313412
0.0319467
0.0325732
0.0331241
0.0336378
0.0342331
0.0349005
0.0355281
0.0360895
0.0366839
0.0373659
0.0380536
0.0386983
0.039361
0.0400909
0.0408274
0.0415449
0.0422815
0.0430587
0.0438311
0.0445991
0.0453869
0.0461968
0.0470314
0.0478833
0.0487497
0.0496238
0.0505173
0.0514157
0.0523512
0.0532891
0.0542504
0.0552309
0.0562434
0.0572575
0.058304
0.0593662
0.0604563
0.0615611
0.0626881
0.0638562
0.0650281
0.0662473
0.0674646
0.0687279
0.0699857
0.0712842
0.0726076
0.0739434
0.0753271
0.0767076
0.0781239
0.079564
0.0810111
0.0825172
0.0840121
0.0855633
0.0871101
0.0886759
0.0902055
0.0915109
0.0177886
0.0173392
0.017361
0.0183989
0.0198614
0.0206565
0.020419
0.0197193
0.0195463
0.0201898
0.020692
0.0204145
0.0200067
0.0200946
0.0205056
0.0209725
0.0213859
0.0216212
0.0217427
0.0220615
0.0226757
0.0232083
0.0233912
0.0235874
0.0241239
0.0247217
0.025083
0.0253749
0.0258142
0.0263481
0.0268456
0.0273059
0.0277701
0.0282323
0.0287135
0.0292535
0.0298211
0.0303512
0.0308363
0.0313492
0.0319533
0.0325836
0.0331348
0.0336427
0.0342353
0.0349068
0.0355383
0.0360968
0.036687
0.0373723
0.0380648
0.0387065
0.0393652
0.0400971
0.0408344
0.0415487
0.0422833
0.043061
0.0438338
0.0446022
0.0453912
0.046202
0.0470354
0.0478859
0.0487526
0.0496265
0.0505194
0.0514189
0.0523553
0.0532926
0.0542539
0.0552347
0.056247
0.0572607
0.0583076
0.0593701
0.0604602
0.0615647
0.0626916
0.0638597
0.0650312
0.06625
0.0674665
0.0687293
0.0699871
0.0712862
0.0726094
0.0739445
0.0753277
0.076708
0.0781247
0.0795651
0.0810119
0.0825192
0.0840134
0.085566
0.0871144
0.0886815
0.0902151
0.0915202
0.017902
0.0175827
0.0174815
0.0183096
0.0197651
0.0207722
0.0207089
0.0199715
0.0195904
0.0201511
0.0208437
0.0207105
0.0201679
0.0201015
0.0205654
0.0211128
0.021483
0.0216644
0.0218132
0.0221504
0.0227106
0.0232335
0.0234823
0.0236732
0.0241421
0.0247474
0.0251543
0.0254282
0.0258255
0.0263624
0.0268812
0.027339
0.0277921
0.0282524
0.0287308
0.0292676
0.0298377
0.0303694
0.0308505
0.0313576
0.0319602
0.0325944
0.0331466
0.0336483
0.0342373
0.0349131
0.0355493
0.036105
0.0366902
0.0373782
0.038076
0.0387153
0.0393696
0.0401031
0.0408418
0.0415528
0.0422853
0.0430635
0.0438369
0.0446055
0.0453954
0.0462072
0.0470396
0.0478888
0.0487556
0.0496294
0.0505217
0.0514222
0.0523596
0.0532962
0.0542575
0.0552388
0.0562507
0.057264
0.0583113
0.0593741
0.0604643
0.0615684
0.0626952
0.0638633
0.0650345
0.0662529
0.0674684
0.0687308
0.0699886
0.0712882
0.0726111
0.0739457
0.0753284
0.0767085
0.0781256
0.0795663
0.0810127
0.0825213
0.084015
0.0855687
0.0871191
0.0886874
0.0902248
0.0915299
0.0179473
0.0178233
0.0176669
0.0182804
0.0196454
0.0208105
0.0209672
0.0202789
0.0197058
0.020089
0.0209049
0.0209953
0.0204108
0.0201352
0.0205639
0.0212277
0.0216266
0.021733
0.0218526
0.0222277
0.0227791
0.0232605
0.023544
0.0237676
0.0241815
0.0247618
0.0252164
0.0254958
0.0258454
0.0263694
0.0269134
0.0273779
0.0278168
0.0282715
0.02875
0.0292829
0.0298528
0.0303882
0.0308668
0.0313666
0.0319668
0.0326056
0.0331595
0.0336549
0.0342391
0.0349192
0.0355612
0.0361142
0.0366937
0.0373839
0.0380873
0.0387245
0.0393741
0.0401091
0.0408494
0.0415574
0.0422875
0.0430662
0.0438405
0.0446091
0.0453997
0.0462124
0.0470438
0.0478917
0.0487588
0.0496325
0.0505241
0.0514257
0.052364
0.0532998
0.0542612
0.0552429
0.0562547
0.0572675
0.0583152
0.0593783
0.0604685
0.0615722
0.0626989
0.063867
0.0650378
0.0662557
0.0674705
0.0687324
0.0699902
0.0712903
0.072613
0.073947
0.0753291
0.0767092
0.0781265
0.0795676
0.0810136
0.0825235
0.0840168
0.0855714
0.0871242
0.0886935
0.0902347
0.0915399
0.0179167
0.0180344
0.0178991
0.0183194
0.0195324
0.0207838
0.0211668
0.0206067
0.0199057
0.0200477
0.0208814
0.021224
0.0207113
0.0202369
0.0205304
0.0212817
0.0217881
0.0218536
0.0218849
0.0222693
0.0228639
0.0233144
0.0235826
0.02385
0.0242455
0.0247777
0.0252625
0.025571
0.0258794
0.0263729
0.0269385
0.0274204
0.0278469
0.0282898
0.0287693
0.0293005
0.0298672
0.0304062
0.0308855
0.0313771
0.0319729
0.0326169
0.0331737
0.0336629
0.034241
0.0349247
0.0355737
0.0361246
0.0366973
0.0373891
0.0380987
0.0387342
0.0393787
0.0401151
0.0408572
0.0415624
0.0422899
0.0430691
0.0438444
0.044613
0.0454039
0.0462176
0.0470482
0.0478948
0.0487623
0.0496358
0.0505266
0.0514293
0.0523686
0.0533035
0.0542649
0.0552473
0.0562587
0.0572711
0.0583193
0.0593827
0.0604727
0.061576
0.0627028
0.0638708
0.0650412
0.0662587
0.0674727
0.0687341
0.0699919
0.0712924
0.0726148
0.0739483
0.0753299
0.07671
0.0781273
0.079569
0.0810145
0.0825257
0.0840189
0.0855741
0.0871297
0.0886999
0.0902445
0.0915503
0.017819
0.0181895
0.0181542
0.0184267
0.0194501
0.0207131
0.0212978
0.0209201
0.0201771
0.0200679
0.0208048
0.0213644
0.0210267
0.0204251
0.0205089
0.0212657
0.0219256
0.0220287
0.0219454
0.0222711
0.0229336
0.0234069
0.0236227
0.0239033
0.0243221
0.0248098
0.0252934
0.0256441
0.0259295
0.0263784
0.0269551
0.0274634
0.0278832
0.0283093
0.0287874
0.0293202
0.0298825
0.0304225
0.0309056
0.0313905
0.0319787
0.0326274
0.0331893
0.0336724
0.0342429
0.0349296
0.0355867
0.0361363
0.0367013
0.037394
0.0381102
0.0387444
0.0393835
0.0401211
0.0408654
0.0415677
0.0422925
0.0430722
0.0438486
0.0446172
0.0454083
0.0462228
0.0470526
0.047898
0.048766
0.0496394
0.0505291
0.0514331
0.0523734
0.0533073
0.0542688
0.0552517
0.056263
0.0572748
0.0583234
0.0593872
0.0604771
0.0615799
0.0627068
0.0638747
0.0650447
0.0662618
0.0674749
0.0687359
0.0699937
0.0712947
0.0726166
0.0739497
0.0753308
0.076711
0.0781283
0.0795705
0.0810156
0.082528
0.0840213
0.0855769
0.0871354
0.0887066
0.0902543
0.091561
0.0176831
0.0182746
0.0184025
0.0185941
0.0194157
0.0206205
0.0213628
0.021192
0.0204896
0.0201713
0.02072
0.0214092
0.0213101
0.0206869
0.0205426
0.0212054
0.022001
0.0222292
0.0220658
0.0222585
0.0229578
0.0235206
0.0236934
0.0239303
0.024389
0.0248655
0.0253199
0.0257064
0.0259934
0.0263914
0.0269636
0.0275038
0.0279252
0.0283318
0.0288042
0.0293407
0.0299
0.0304375
0.030925
0.0314069
0.0319855
0.0326367
0.0332059
0.0336839
0.0342452
0.0349338
0.0355999
0.0361494
0.0367059
0.0373982
0.0381218
0.0387551
0.0393883
0.040127
0.040874
0.0415735
0.0422952
0.0430756
0.0438532
0.0446216
0.0454127
0.0462281
0.0470571
0.0479013
0.0487698
0.0496433
0.0505319
0.0514369
0.0523783
0.0533112
0.0542728
0.0552564
0.0562674
0.0572787
0.0583278
0.0593919
0.0604816
0.0615839
0.0627109
0.0638788
0.0650482
0.0662649
0.0674772
0.0687378
0.0699956
0.071297
0.0726185
0.0739512
0.0753316
0.0767121
0.0781292
0.079572
0.0810169
0.0825303
0.0840241
0.0855798
0.0871414
0.0887137
0.0902641
0.091572
0.017542
0.0182977
0.0186154
0.0188021
0.0194392
0.0205286
0.0213709
0.0214068
0.0208099
0.0203546
0.0206716
0.0213795
0.0215233
0.0209862
0.0206552
0.0211417
0.0220007
0.0224114
0.022253
0.0222719
0.0229277
0.0236198
0.0238111
0.0239566
0.0244261
0.0249359
0.0253568
0.0257543
0.0260644
0.0264173
0.0269658
0.027539
0.0279724
0.028358
0.0288201
0.0293612
0.0299199
0.0304525
0.0309431
0.0314254
0.0319943
0.0326449
0.0332227
0.0336977
0.0342483
0.0349373
0.035613
0.0361638
0.0367113
0.037402
0.0381332
0.0387667
0.0393931
0.0401326
0.0408832
0.0415798
0.0422979
0.0430792
0.0438583
0.0446262
0.0454172
0.0462335
0.0470619
0.0479045
0.0487738
0.0496474
0.0505349
0.0514408
0.0523834
0.0533152
0.0542769
0.0552611
0.056272
0.0572828
0.0583323
0.0593968
0.0604862
0.061588
0.0627152
0.0638831
0.0650519
0.0662682
0.0674796
0.0687398
0.0699976
0.0712994
0.0726203
0.0739528
0.0753326
0.0767134
0.0781303
0.0795735
0.0810185
0.0825326
0.0840272
0.0855829
0.0871476
0.0887212
0.090274
0.0915832
0.0174133
0.0182819
0.0187779
0.0190248
0.0195219
0.0204609
0.0213386
0.0215586
0.0211091
0.0205957
0.0206886
0.0213131
0.0216492
0.021281
0.0208442
0.0211155
0.0219438
0.0225344
0.0224793
0.0223494
0.0228686
0.023668
0.0239613
0.0240145
0.0244321
0.0249992
0.025414
0.0257936
0.026133
0.0264594
0.0269654
0.0275655
0.0280246
0.0283892
0.0288344
0.0293816
0.0299423
0.0304685
0.0309597
0.0314444
0.0320057
0.0326531
0.0332389
0.0337134
0.0342526
0.03494
0.0356261
0.0361794
0.0367176
0.0374053
0.0381445
0.0387791
0.0393982
0.0401378
0.0408928
0.041587
0.0423007
0.0430827
0.0438639
0.0446312
0.0454216
0.046239
0.0470668
0.0479079
0.048778
0.0496519
0.0505381
0.0514448
0.0523885
0.0533193
0.0542811
0.055266
0.0562768
0.0572869
0.0583368
0.0594018
0.060491
0.0615921
0.0627196
0.0638874
0.0650556
0.0662716
0.0674821
0.068742
0.0699998
0.071302
0.0726221
0.0739545
0.0753336
0.0767147
0.0781315
0.079575
0.0810202
0.0825348
0.0840306
0.0855862
0.0871539
0.088729
0.0902838
0.0915945
0.0172966
0.0182482
0.0188933
0.0192381
0.019654
0.0204355
0.0212872
0.0216498
0.0213657
0.0208639
0.0207782
0.0212513
0.0216949
0.0215331
0.0210859
0.021154
0.0218682
0.0225797
0.0226992
0.0225043
0.0228235
0.0236485
0.0241066
0.024126
0.0244309
0.0250341
0.0254872
0.0258371
0.026192
0.0265157
0.0269691
0.0275789
0.0280798
0.0284294
0.0288464
0.0293999
0.0299685
0.0304863
0.030975
0.0314631
0.032019
0.0326623
0.0332547
0.0337303
0.0342583
0.0349422
0.035639
0.0361963
0.0367249
0.0374081
0.0381554
0.0387924
0.0394039
0.0401423
0.0409024
0.0415951
0.0423037
0.0430861
0.0438699
0.0446367
0.0454262
0.0462445
0.0470719
0.0479114
0.0487822
0.0496567
0.0505416
0.0514491
0.0523938
0.0533234
0.0542854
0.0552711
0.0562819
0.0572912
0.0583415
0.059407
0.0604958
0.0615963
0.0627242
0.0638919
0.0650595
0.0662751
0.0674846
0.0687444
0.070002
0.0713047
0.0726239
0.0739563
0.0753347
0.0767162
0.0781329
0.0795765
0.0810224
0.0825371
0.0840342
0.0855898
0.0871603
0.0887373
0.0902937
0.0916059
0.0171896
0.0182062
0.0189745
0.0194271
0.0198164
0.0204582
0.0212387
0.0216921
0.0215692
0.0211305
0.0209286
0.0212275
0.0216859
0.0217175
0.0213459
0.0212624
0.0218124
0.022561
0.0228701
0.0227138
0.0228346
0.0235808
0.0242062
0.0242826
0.024455
0.0250347
0.025558
0.0258962
0.026242
0.0265795
0.0269853
0.0275785
0.0281306
0.0284825
0.028858
0.0294116
0.0299986
0.0305087
0.030989
0.0314805
0.0320333
0.0326731
0.0332708
0.033748
0.0342656
0.0349442
0.0356511
0.0362144
0.0367332
0.0374102
0.0381659
0.0388067
0.0394101
0.0401463
0.040912
0.041604
0.0423071
0.0430895
0.043876
0.0446426
0.045431
0.0462499
0.0470772
0.0479152
0.0487865
0.0496616
0.0505452
0.0514534
0.0523993
0.0533277
0.0542898
0.0552763
0.0562872
0.0572957
0.0583464
0.0594124
0.0605008
0.0616005
0.0627288
0.0638965
0.0650634
0.0662788
0.0674873
0.0687468
0.0700044
0.0713075
0.0726257
0.0739582
0.075336
0.0767177
0.0781345
0.0795779
0.0810248
0.0825395
0.084038
0.0855937
0.0871667
0.0887459
0.0903037
0.0916174
0.0170967
0.0181561
0.0190318
0.0195882
0.0199904
0.0205244
0.02121
0.0217029
0.0217191
0.0213737
0.021116
0.0212582
0.0216562
0.0218289
0.0215879
0.0214249
0.0218035
0.0225113
0.0229719
0.022936
0.0229228
0.0235068
0.0242359
0.0244494
0.0245297
0.025019
0.0256055
0.0259705
0.026291
0.0266418
0.0270189
0.0275706
0.0281678
0.0285495
0.0288773
0.0294123
0.030028
0.0305393
0.0310034
0.0314953
0.032048
0.0326851
0.0332882
0.0337665
0.0342736
0.0349464
0.0356628
0.0362338
0.0367431
0.0374115
0.0381758
0.0388224
0.0394171
0.0401497
0.0409215
0.0416137
0.0423112
0.043093
0.0438821
0.0446488
0.0454361
0.0462553
0.0470825
0.047919
0.0487912
0.0496669
0.050549
0.0514578
0.0524049
0.0533321
0.0542942
0.0552817
0.0562927
0.0573002
0.0583512
0.059418
0.0605059
0.061605
0.0627337
0.0639012
0.0650672
0.0662825
0.0674899
0.0687495
0.0700068
0.0713104
0.0726275
0.0739602
0.0753375
0.0767192
0.0781363
0.0795793
0.0810274
0.082542
0.0840419
0.0855981
0.0871732
0.0887548
0.0903139
0.0916289
0.0170258
0.0180984
0.0190682
0.0197237
0.0201644
0.0206255
0.0212103
0.0216989
0.0218213
0.0215806
0.0213153
0.0213415
0.0216398
0.0218823
0.0217851
0.021614
0.0218476
0.0224631
0.0230107
0.0231303
0.0230757
0.0234702
0.0242053
0.0245861
0.0246545
0.0250165
0.0256203
0.0260475
0.0263489
0.0266974
0.027067
0.027566
0.0281842
0.028623
0.0289147
0.0294041
0.0300483
0.0305797
0.031023
0.0315057
0.0320612
0.0326981
0.0333073
0.0337869
0.034282
0.034948
0.035674
0.0362543
0.0367547
0.0374118
0.0381844
0.0388395
0.0394254
0.0401524
0.0409305
0.041624
0.0423157
0.0430967
0.0438885
0.0446553
0.0454415
0.0462609
0.0470879
0.0479229
0.048796
0.0496724
0.0505531
0.0514623
0.0524103
0.0533366
0.0542987
0.055287
0.0562985
0.0573049
0.0583561
0.0594237
0.060511
0.0616095
0.0627388
0.0639062
0.0650712
0.0662866
0.0674925
0.0687522
0.0700094
0.0713134
0.0726294
0.0739621
0.0753392
0.0767207
0.0781384
0.0795807
0.0810303
0.0825448
0.0840458
0.0856029
0.0871798
0.0887638
0.0903242
0.0916404
0.0169835
0.0180401
0.0190836
0.0198337
0.0203294
0.0207516
0.0212421
0.021694
0.0218847
0.021747
0.0215066
0.021461
0.021658
0.0219053
0.0219292
0.0218025
0.0219351
0.0224385
0.0230083
0.0232724
0.0232593
0.0234977
0.0241501
0.0246649
0.0248028
0.025052
0.0256124
0.0261097
0.0264195
0.0267497
0.0271223
0.0275745
0.0281808
0.0286881
0.0289756
0.0293974
0.0300511
0.0306245
0.0310552
0.0315139
0.0320695
0.0327117
0.033328
0.0338099
0.0342914
0.0349481
0.0356846
0.0362766
0.0367683
0.0374113
0.0381913
0.0388579
0.0394356
0.0401544
0.0409389
0.0416351
0.0423208
0.0431005
0.0438952
0.0446621
0.045447
0.0462666
0.0470935
0.0479269
0.0488009
0.0496784
0.0505573
0.0514666
0.0524167
0.0533416
0.0543034
0.0552925
0.0563045
0.0573098
0.0583612
0.0594297
0.0605163
0.061614
0.0627438
0.0639111
0.0650751
0.0662909
0.0674953
0.0687553
0.0700122
0.0713165
0.0726314
0.073964
0.0753413
0.0767221
0.0781408
0.0795821
0.0810333
0.0825478
0.0840496
0.0856083
0.0871865
0.0887729
0.0903347
0.091652
0.0169726
0.0179932
0.019082
0.0199163
0.0204761
0.0208906
0.021304
0.0216994
0.0219204
0.0218727
0.0216776
0.0215946
0.0217125
0.0219248
0.022028
0.0219716
0.0220497
0.0224473
0.0229891
0.0233588
0.0234372
0.0235856
0.02411
0.0246866
0.0249405
0.0251321
0.0256044
0.0261458
0.0264951
0.026805
0.0271778
0.0276005
0.0281687
0.028732
0.0290542
0.0294068
0.030035
0.0306611
0.0311034
0.0315274
0.03207
0.0327229
0.0333516
0.0338363
0.0343027
0.0349459
0.0356933
0.0363014
0.0367846
0.0374096
0.038196
0.0388772
0.039448
0.040156
0.0409462
0.0416469
0.0423265
0.0431041
0.0439022
0.0446694
0.0454526
0.0462722
0.0470995
0.047931
0.0488059
0.0496848
0.050562
0.0514709
0.0524224
0.0533467
0.0543081
0.055298
0.0563109
0.0573148
0.0583662
0.0594358
0.0605216
0.0616188
0.0627491
0.0639163
0.065079
0.0662951
0.0674979
0.0687583
0.0700152
0.0713196
0.0726336
0.0739658
0.0753438
0.0767236
0.0781434
0.0795838
0.0810364
0.0825513
0.0840534
0.0856139
0.0871935
0.088782
0.0903453
0.0916636
0.0169898
0.0179667
0.0190741
0.0199756
0.0205998
0.021031
0.021392
0.0217241
0.0219417
0.0219601
0.0218217
0.0217255
0.0217896
0.0219565
0.0220961
0.0221127
0.0221758
0.0224889
0.0229747
0.0234016
0.0235842
0.0237089
0.0241102
0.0246746
0.0250395
0.0252412
0.0256186
0.0261598
0.0265642
0.0268671
0.0272309
0.02764
0.0281607
0.0287506
0.0291358
0.0294435
0.0300115
0.0306767
0.0311609
0.0315562
0.0320647
0.0327256
0.0333773
0.033868
0.034317
0.0349417
0.0356982
0.0363286
0.0368053
0.0374067
0.0381977
0.0388975
0.0394627
0.0401575
0.0409526
0.0416592
0.0423329
0.0431075
0.0439094
0.0446775
0.0454581
0.0462774
0.0471059
0.0479354
0.0488108
0.0496914
0.0505672
0.0514751
0.0524282
0.0533522
0.054313
0.0553034
0.0563172
0.0573199
0.0583713
0.0594422
0.060527
0.0616237
0.0627543
0.0639218
0.0650832
0.0662999
0.0675009
0.0687614
0.0700183
0.0713225
0.072636
0.0739675
0.0753464
0.0767251
0.078146
0.0795858
0.0810394
0.0825551
0.0840573
0.0856199
0.0872006
0.088791
0.0903561
0.0916753
0.0170277
0.0179621
0.0190691
0.0200189
0.0207004
0.0211619
0.0214969
0.0217725
0.0219633
0.0220174
0.0219356
0.0218447
0.0218737
0.0220015
0.0221469
0.0222228
0.0222985
0.0225542
0.0229788
0.0234198
0.0236938
0.0238432
0.0241551
0.0246601
0.0250925
0.0253519
0.0256628
0.0261635
0.026617
0.0269341
0.0272837
0.0276875
0.0281651
0.0287501
0.0292042
0.0295065
0.0299982
0.0306676
0.0312129
0.0316062
0.0320641
0.0327147
0.0334
0.0339073
0.0343358
0.0349353
0.035698
0.0363569
0.036832
0.0374036
0.0381953
0.0389182
0.0394803
0.0401591
0.0409578
0.0416721
0.0423402
0.0431106
0.0439164
0.0446863
0.0454629
0.0462819
0.0471122
0.0479403
0.0488158
0.0496982
0.0505727
0.0514791
0.0524337
0.053358
0.0543182
0.0553092
0.0563239
0.0573251
0.0583761
0.0594488
0.0605323
0.0616288
0.0627595
0.0639271
0.0650871
0.0663044
0.067504
0.0687647
0.0700221
0.0713255
0.0726387
0.0739692
0.0753493
0.0767266
0.0781485
0.0795882
0.0810423
0.0825592
0.0840611
0.085626
0.0872082
0.0888
0.0903668
0.0916869
0.0170826
0.017977
0.0190711
0.0200517
0.0207797
0.0212745
0.0216041
0.0218402
0.0219957
0.0220564
0.0220192
0.0219479
0.0219557
0.0220548
0.0221917
0.0223058
0.0224073
0.0226302
0.0230027
0.0234291
0.0237672
0.0239684
0.0242324
0.024668
0.0251164
0.025443
0.0257326
0.0261721
0.0266504
0.0269986
0.0273368
0.0277371
0.0281836
0.0287419
0.0292509
0.0295833
0.0300096
0.0306445
0.0312432
0.0316699
0.032082
0.0326928
0.0334103
0.0339547
0.0343637
0.0349266
0.0356913
0.0363846
0.0368652
0.0374026
0.0381878
0.0389379
0.0395015
0.0401608
0.0409614
0.0416856
0.0423486
0.0431134
0.043923
0.044696
0.0454688
0.046286
0.0471184
0.0479453
0.0488207
0.0497054
0.0505788
0.0514831
0.0524393
0.0533639
0.0543233
0.0553152
0.0563309
0.0573307
0.0583812
0.0594557
0.0605377
0.061634
0.0627649
0.0639326
0.0650915
0.0663088
0.0675071
0.0687674
0.0700258
0.0713282
0.0726416
0.0739712
0.0753524
0.0767287
0.0781511
0.079591
0.0810453
0.0825636
0.0840653
0.0856322
0.087216
0.0888089
0.0903775
0.0916985
0.017154
0.018011
0.0190826
0.0200783
0.0208418
0.0213668
0.0217028
0.0219159
0.0220411
0.0220892
0.0220759
0.0220293
0.0220292
0.0221089
0.0222358
0.0223711
0.0224999
0.0227083
0.0230425
0.023442
0.023812
0.0240708
0.0243221
0.0247013
0.0251324
0.025506
0.0258134
0.026198
0.0266714
0.0270566
0.0273908
0.0277855
0.0282128
0.0287344
0.0292747
0.0296573
0.0300474
0.030626
0.0312472
0.0317302
0.0321267
0.0326734
0.0333991
0.0340028
0.0344069
0.0349183
0.0356756
0.0364099
0.036905
0.0374058
0.0381756
0.0389551
0.0395265
0.0401634
0.0409629
0.0416997
0.0423585
0.0431156
0.0439288
0.0447063
0.0454761
0.0462901
0.0471245
0.0479506
0.0488257
0.0497128
0.0505851
0.0514868
0.0524451
0.0533703
0.0543284
0.0553211
0.0563377
0.0573361
0.0583861
0.0594629
0.0605435
0.0616395
0.0627705
0.0639381
0.0650961
0.0663135
0.0675109
0.0687708
0.07003
0.0713309
0.0726443
0.073973
0.0753552
0.0767308
0.0781535
0.0795942
0.0810483
0.0825681
0.0840697
0.0856385
0.0872242
0.0888178
0.0903881
0.0917102
0.0172396
0.0180631
0.0191059
0.0201014
0.02089
0.0214396
0.0217866
0.0219882
0.0220934
0.0221242
0.0221147
0.0220874
0.0220887
0.0221567
0.0222752
0.0224219
0.0225745
0.022781
0.0230908
0.0234661
0.0238435
0.0241494
0.0244117
0.0247524
0.0251552
0.025546
0.0258859
0.0262403
0.0266868
0.0271048
0.0274468
0.0278335
0.0282512
0.0287358
0.0292834
0.0297174
0.0301003
0.0306239
0.0312347
0.031769
0.0321893
0.0326744
0.0333684
0.0340372
0.0344683
0.0349189
0.0356483
0.0364295
0.036952
0.037415
0.0381594
0.038968
0.0395547
0.0401676
0.0409621
0.0417141
0.0423706
0.0431177
0.0439335
0.0447171
0.0454843
0.0462941
0.0471306
0.047956
0.0488305
0.0497209
0.0505922
0.0514904
0.0524495
0.0533768
0.0543335
0.0553272
0.0563449
0.0573417
0.0583908
0.0594696
0.060549
0.0616448
0.0627761
0.0639435
0.0651009
0.0663176
0.0675145
0.0687738
0.0700344
0.071334
0.0726476
0.0739755
0.0753583
0.0767335
0.0781558
0.0795977
0.0810514
0.0825725
0.0840742
0.0856447
0.0872324
0.0888266
0.0903985
0.0917216
0.0173361
0.0181319
0.0191432
0.0201237
0.0209251
0.0214932
0.0218506
0.0220471
0.0221394
0.0221582
0.022143
0.0221264
0.0221336
0.0221974
0.0223093
0.0224607
0.0226325
0.0228431
0.0231383
0.0234965
0.0238706
0.0242069
0.024492
0.0248122
0.0251895
0.0255776
0.0259426
0.0262915
0.0267036
0.0271394
0.0275001
0.0278787
0.0282935
0.02875
0.0292867
0.0297633
0.0301594
0.030642
0.0312229
0.031783
0.0322497
0.0327041
0.0333342
0.0340429
0.0345381
0.03494
0.0356106
0.0364352
0.0370058
0.0374336
0.0381399
0.0389756
0.0395858
0.0401744
0.0409588
0.0417281
0.0423851
0.0431198
0.0439365
0.0447282
0.0454936
0.0462985
0.0471368
0.0479613
0.0488347
0.0497292
0.0505997
0.0514936
0.0524553
0.0533845
0.054339
0.0553333
0.0563523
0.0573477
0.0583961
0.0594767
0.0605551
0.0616504
0.0627817
0.0639487
0.0651059
0.0663219
0.0675185
0.0687771
0.0700384
0.0713365
0.0726502
0.073978
0.075361
0.0767365
0.0781584
0.0796016
0.0810551
0.0825771
0.0840795
0.0856513
0.0872409
0.0888355
0.0904087
0.0917331
0.0174376
0.0182145
0.0191959
0.0201507
0.0209494
0.0215284
0.0218927
0.0220863
0.0221677
0.0221797
0.0221575
0.0221449
0.0221605
0.0222269
0.0223391
0.0224924
0.0226801
0.022899
0.0231844
0.0235299
0.0238969
0.0242494
0.0245571
0.0248704
0.0252289
0.025608
0.0259841
0.0263416
0.0267279
0.0271636
0.0275475
0.0279216
0.0283335
0.0287738
0.0292888
0.0297933
0.0302152
0.0306734
0.0312226
0.0317857
0.0322944
0.0327554
0.0333199
0.0340214
0.034598
0.034991
0.0355749
0.0364182
0.0370615
0.0374662
0.038118
0.0389748
0.0396184
0.0401847
0.0409528
0.0417408
0.0424025
0.0431227
0.0439376
0.0447387
0.0455029
0.0463032
0.0471435
0.0479669
0.0488383
0.049738
0.0506081
0.0514965
0.0524589
0.0533905
0.0543447
0.055339
0.0563595
0.0573534
0.0584011
0.059483
0.0605611
0.0616562
0.0627877
0.0639539
0.0651111
0.0663258
0.0675226
0.0687809
0.0700429
0.0713398
0.0726533
0.0739808
0.0753635
0.0767392
0.0781605
0.079605
0.0810585
0.082581
0.0840844
0.0856574
0.0872491
0.0888443
0.0904184
0.091744
0.017541
0.0183058
0.0192607
0.0201857
0.0209661
0.0215446
0.0219105
0.0221009
0.0221718
0.0221775
0.0221523
0.0221398
0.0221638
0.0222368
0.0223582
0.0225184
0.0227189
0.0229503
0.0232307
0.0235667
0.0239261
0.024286
0.0246119
0.0249257
0.025271
0.0256388
0.0260143
0.0263813
0.0267563
0.0271819
0.0275854
0.0279635
0.0283714
0.0288053
0.0292967
0.0298101
0.0302612
0.0307097
0.0312299
0.0317855
0.0323183
0.032806
0.0333336
0.0339892
0.0346291
0.0350654
0.0355608
0.0363767
0.0371094
0.0375206
0.0381001
0.0389638
0.0396525
0.0402009
0.0409453
0.0417512
0.042423
0.0431283
0.0439371
0.0447483
0.0455135
0.0463083
0.0471505
0.0479727
0.0488407
0.0497465
0.0506177
0.0514992
0.0524651
0.0534087
0.0543518
0.0553453
0.0563672
0.0573602
0.0584074
0.0594897
0.0605675
0.0616623
0.0627937
0.0639594
0.0651169
0.0663301
0.067527
0.0687851
0.0700468
0.071343
0.0726565
0.0739846
0.0753668
0.0767431
0.078164
0.0796096
0.0810631
0.0825859
0.0840904
0.0856644
0.0872575
0.0888532
0.0904284
0.0917551
0.0176518
0.0184033
0.0193318
0.020224
0.0209745
0.0215371
0.0218962
0.0220805
0.022142
0.0221405
0.0221168
0.0221067
0.0221402
0.0222243
0.0223599
0.0225361
0.0227496
0.0229964
0.0232757
0.0236033
0.0239558
0.0243167
0.0246576
0.0249771
0.0253162
0.0256731
0.026041
0.0264134
0.0267863
0.0272
0.0276133
0.0280022
0.0284084
0.0288393
0.0293126
0.0298206
0.0302971
0.0307506
0.0312459
0.0317898
0.0323322
0.0328423
0.0333655
0.033965
0.0346226
0.0351379
0.0355783
0.036315
0.0371276
0.0375922
0.0380912
0.0389366
0.0396822
0.0402229
0.0409351
0.0417564
0.042445
0.043136
0.0439335
0.0447551
0.0455243
0.0463135
0.0471578
0.0479792
0.0488424
0.0497542
0.0506281
0.0515022
0.0524677
0.0534123
0.0543575
0.0553496
0.0563734
0.0573658
0.0584127
0.0594949
0.0605732
0.0616683
0.0627991
0.0639641
0.0651216
0.0663333
0.0675306
0.0687894
0.0700504
0.0713456
0.0726589
0.0739871
0.0753685
0.0767453
0.0781662
0.0796127
0.0810667
0.0825895
0.0840953
0.0856707
0.0872654
0.0888617
0.0904371
0.0917652
0.0177857
0.0185135
0.0194089
0.0202608
0.0209695
0.0214983
0.0218367
0.0220079
0.0220612
0.0220538
0.0220346
0.0220349
0.0220826
0.0221859
0.0223417
0.0225431
0.0227757
0.0230396
0.0233223
0.0236387
0.0239833
0.0243384
0.0246895
0.0250195
0.0253576
0.0257064
0.0260628
0.0264387
0.0268152
0.0272208
0.0276377
0.0280387
0.028449
0.0288769
0.0293367
0.0298323
0.0303219
0.030791
0.0312714
0.0318011
0.0323471
0.0328687
0.0334069
0.0339709
0.034602
0.0351951
0.0356402
0.0362659
0.0371125
0.0376777
0.0381108
0.0388991
0.0397056
0.0402566
0.0409275
0.0417576
0.0424702
0.0431497
0.0439304
0.0447603
0.0455358
0.0463197
0.0471653
0.0479866
0.0488435
0.0497607
0.0506398
0.0515055
0.0524713
0.0534227
0.0543655
0.0553557
0.0563808
0.0573738
0.0584201
0.0595008
0.0605797
0.0616755
0.0628056
0.0639703
0.0651279
0.066338
0.0675355
0.0687948
0.0700545
0.0713496
0.0726634
0.073992
0.0753725
0.0767497
0.0781704
0.0796174
0.0810718
0.0825945
0.0841014
0.0856779
0.0872734
0.0888703
0.0904469
0.0917755
0.0179678
0.0186606
0.0195086
0.0203037
0.0209521
0.0214237
0.0217203
0.0218659
0.0219085
0.0219003
0.0218903
0.0219107
0.0219804
0.0221131
0.0222994
0.0225319
0.0227893
0.0230691
0.023359
0.0236648
0.024
0.024347
0.0247019
0.0250445
0.0253842
0.0257301
0.0260762
0.0264521
0.0268337
0.0272333
0.0276526
0.0280632
0.0284818
0.0289096
0.0293589
0.0298434
0.0303336
0.0308194
0.0312977
0.0318096
0.032356
0.0328802
0.0334292
0.0339885
0.0345757
0.0352073
0.0357124
0.0362413
0.0370542
0.037743
0.0381605
0.0388547
0.0397068
0.0402967
0.0409219
0.0417484
0.0424932
0.043166
0.0439253
0.0447614
0.0455456
0.0463257
0.0471735
0.0479951
0.0488438
0.0497649
0.0506512
0.0515102
0.0524729
0.0534285
0.0543723
0.0553597
0.0563859
0.0573805
0.0584266
0.0595052
0.0605852
0.0616821
0.0628104
0.0639746
0.0651319
0.0663409
0.0675391
0.0687994
0.0700571
0.0713515
0.0726656
0.073994
0.0753742
0.0767519
0.0781735
0.0796208
0.0810757
0.0825984
0.0841065
0.0856844
0.087281
0.0888783
0.0904544
0.0917848
0.0182073
0.0188684
0.0196594
0.0203792
0.0209452
0.0213375
0.0215713
0.0216806
0.0217154
0.021723
0.0217402
0.0217971
0.0219046
0.0220727
0.0222896
0.0225426
0.0228145
0.0230986
0.023392
0.0236903
0.0240133
0.0243526
0.0247046
0.025059
0.0254029
0.0257532
0.0260987
0.0264712
0.0268582
0.0272528
0.0276739
0.0280905
0.0285139
0.0289447
0.0293846
0.0298611
0.030348
0.0308428
0.0313326
0.0318312
0.0323726
0.0329029
0.0334477
0.0340175
0.0345802
0.0351993
0.0357773
0.0362682
0.036988
0.0377725
0.0382411
0.038829
0.0396842
0.0403422
0.0409312
0.0417324
0.0425154
0.0431899
0.0439239
0.0447616
0.0455545
0.0463314
0.0471826
0.0480052
0.0488442
0.0497674
0.0506641
0.0515157
0.0524749
0.0534367
0.0543809
0.055365
0.0563914
0.0573887
0.0584335
0.0595094
0.0605911
0.06169
0.0628168
0.063981
0.065138
0.0663452
0.0675444
0.0688051
0.070061
0.0713555
0.0726711
0.0739989
0.0753778
0.0767557
0.0781775
0.0796248
0.0810802
0.0826032
0.0841121
0.0856911
0.0872883
0.0888863
0.0904657
0.0917943
0.0182617
0.018748
0.0193679
0.0199506
0.0204167
0.0207535
0.0209876
0.0211568
0.0212907
0.0214134
0.0215386
0.0216857
0.0218612
0.0220721
0.0223126
0.0225713
0.0228428
0.0231209
0.0234097
0.0237042
0.0240136
0.0243448
0.0246894
0.0250486
0.0253989
0.0257574
0.026115
0.026483
0.0268713
0.027265
0.0276876
0.0281124
0.0285379
0.0289741
0.0294086
0.0298767
0.0303601
0.0308528
0.0313544
0.0318506
0.0323808
0.0329192
0.0334555
0.034029
0.0345977
0.0351876
0.0358097
0.0363234
0.0369446
0.0377561
0.0383253
0.0388378
0.0396422
0.0403754
0.0409563
0.0417101
0.042526
0.0432176
0.0439234
0.0447576
0.0455614
0.0463366
0.0471907
0.0480177
0.0488446
0.0497648
0.0506715
0.0515225
0.0524746
0.0534422
0.0543899
0.0553696
0.0563969
0.0573988
0.0584413
0.0595135
0.060598
0.0616982
0.0628217
0.0639856
0.0651424
0.0663485
0.0675493
0.0688104
0.0700635
0.0713575
0.0726742
0.0740015
0.0753803
0.0767593
0.0781821
0.0796295
0.081085
0.0826081
0.0841176
0.0856978
0.0872954
0.0888935
0.0904714
0.0918024
0.0201813
0.0200233
0.019761
0.0195683
0.0195247
0.0196378
0.0198787
0.0202045
0.0205657
0.0209268
0.0212619
0.0215663
0.0218443
0.0221076
0.0223626
0.0226137
0.0228708
0.0231363
0.0234173
0.0237113
0.0240133
0.0243367
0.0246763
0.0250332
0.0253897
0.0257562
0.0261299
0.0264988
0.026883
0.0272785
0.0276971
0.0281282
0.0285542
0.0289939
0.0294304
0.0298903
0.0303737
0.0308625
0.0313716
0.0318762
0.0323946
0.032936
0.033467
0.0340309
0.0346155
0.0351854
0.0358094
0.0363703
0.0369307
0.0377047
0.0383749
0.0388775
0.0395968
0.0403831
0.0409951
0.0416941
0.0425228
0.0432482
0.0439317
0.0447514
0.0455675
0.046342
0.0471974
0.0480325
0.0488498
0.0497605
0.0506824
0.051537
0.0524765
0.0534465
0.054399
0.0553721
0.0563988
0.0574074
0.058446
0.0595132
0.0606029
0.0617061
0.0628265
0.06399
0.065147
0.0663514
0.0675538
0.0688149
0.070066
0.0713607
0.0726791
0.0740054
0.0753826
0.0767619
0.0781849
0.0796324
0.081088
0.0826117
0.0841223
0.0857034
0.0873017
0.0889003
0.0904797
0.0918106
0.0198311
0.0195103
0.0191146
0.018842
0.0187632
0.0188929
0.0191967
0.0196182
0.020089
0.0205592
0.0209941
0.0213837
0.0217302
0.0220425
0.0223306
0.0226013
0.0228682
0.0231385
0.0234225
0.0237193
0.0240206
0.0243374
0.0246705
0.0250205
0.0253776
0.0257475
0.0261275
0.0265038
0.0268878
0.0272912
0.027708
0.0281429
0.0285754
0.0290146
0.0294584
0.0299085
0.0303897
0.0308763
0.0313834
0.0319013
0.0324114
0.0329511
0.0334834
0.0340338
0.0346322
0.0352043
0.0358119
0.0364116
0.0369644
0.0376701
0.0383959
0.0389445
0.0395811
0.0403707
0.0410378
0.0416949
0.0425061
0.0432725
0.043949
0.0447434
0.0455714
0.0463483
0.0471969
0.0480464
0.0488584
0.0497513
0.0506862
0.0515498
0.0524774
0.0534491
0.0544104
0.0553785
0.0564044
0.0574223
0.0584568
0.0595164
0.0606115
0.0617179
0.0628332
0.0639947
0.0651523
0.0663568
0.0675604
0.068821
0.0700689
0.0713635
0.0726834
0.074009
0.0753861
0.0767667
0.078191
0.0796383
0.0810938
0.0826177
0.0841283
0.0857101
0.0873081
0.0889067
0.0904857
0.0918169
0.0205395
0.0203062
0.0199343
0.0196118
0.019415
0.0193693
0.019464
0.0196789
0.0199817
0.0203406
0.0207224
0.021102
0.0214714
0.0218241
0.0221653
0.0224894
0.0228018
0.0231053
0.02341
0.0237199
0.0240299
0.024349
0.0246765
0.0250206
0.0253717
0.0257363
0.0261084
0.0264899
0.0268819
0.0272908
0.0277087
0.0281397
0.0285806
0.029019
0.0294688
0.0299188
0.0303941
0.0308866
0.0313879
0.0319151
0.032424
0.032954
0.0334926
0.0340293
0.0346299
0.0352141
0.0358027
0.0364187
0.0369912
0.0376404
0.038369
0.0389857
0.0395869
0.0403395
0.0410616
0.0417134
0.0424818
0.043283
0.043976
0.0447357
0.0455719
0.0463578
0.0471918
0.0480612
0.0488757
0.0497423
0.0506882
0.0515674
0.0524795
0.05345
0.0544188
0.0553781
0.0564033
0.0574312
0.0584609
0.0595118
0.0606136
0.0617259
0.0628376
0.0639962
0.0651542
0.0663594
0.0675646
0.0688241
0.07007
0.0713663
0.0726877
0.0740119
0.0753875
0.0767684
0.0781929
0.0796402
0.0810956
0.0826203
0.0841318
0.0857141
0.0873131
0.0889121
0.0904918
0.0918234
0.0184923
0.018762
0.0191282
0.019449
0.0196838
0.0198433
0.0199568
0.0200638
0.0202033
0.0203948
0.020648
0.0209519
0.0212983
0.0216641
0.0220363
0.0223991
0.0227457
0.0230793
0.0234026
0.0237283
0.0240498
0.0243747
0.0246979
0.0250328
0.0253737
0.0257248
0.0260898
0.0264763
0.026885
0.0273
0.0277211
0.0281494
0.0285917
0.0290331
0.0294803
0.0299377
0.0304048
0.0309008
0.0314029
0.0319249
0.0324441
0.0329603
0.0335049
0.0340426
0.0346315
0.0352353
0.0358118
0.036428
0.037031
0.0376493
0.0383514
0.0390118
0.0396226
0.040325
0.041064
0.0417471
0.0424645
0.0432736
0.0440102
0.044732
0.0455649
0.0463736
0.0471806
0.0480668
0.0488979
0.0497261
0.0506793
0.0515848
0.0524813
0.0534502
0.0544337
0.0553837
0.0564073
0.0574495
0.0584747
0.0595144
0.0606214
0.0617386
0.0628466
0.0640015
0.0651583
0.066365
0.0675721
0.0688299
0.0700721
0.0713692
0.0726924
0.0740158
0.0753915
0.0767734
0.0781995
0.0796466
0.0811018
0.0826265
0.0841377
0.0857204
0.0873184
0.0889171
0.0904964
0.0918282
0.0206239
0.0202561
0.0197288
0.0192537
0.0189308
0.0187912
0.0188381
0.0190446
0.0193749
0.0197809
0.0202302
0.020692
0.0211456
0.0215757
0.0219778
0.0223566
0.022711
0.0230529
0.0233814
0.0237115
0.0240388
0.0243657
0.0246887
0.0250154
0.0253518
0.0256957
0.0260616
0.0264569
0.0268773
0.0272992
0.0277188
0.0281491
0.028587
0.0290323
0.0294782
0.0299412
0.0304121
0.0309032
0.0314138
0.0319269
0.0324527
0.0329659
0.033502
0.034053
0.0346255
0.0352385
0.0358164
0.0364177
0.0370472
0.0376579
0.0383336
0.0390091
0.0396448
0.0403273
0.0410495
0.0417732
0.0424698
0.043251
0.0440376
0.0447413
0.0455487
0.0463909
0.0471773
0.0480609
0.0489269
0.0497262
0.0506672
0.0516018
0.0524874
0.0534441
0.0544425
0.055386
0.0564007
0.0574561
0.0584817
0.0595101
0.0606208
0.0617445
0.0628509
0.0640036
0.0651594
0.0663663
0.0675758
0.0688335
0.0700733
0.071371
0.0726959
0.0740182
0.0753927
0.0767749
0.0782009
0.0796481
0.0811031
0.0826281
0.0841399
0.0857228
0.0873216
0.0889206
0.0905003
0.091832
0.0198995
0.0194157
0.0188192
0.0183259
0.0180328
0.0179675
0.018128
0.0184728
0.0189424
0.0194736
0.0200241
0.0205661
0.0210775
0.0215464
0.0219671
0.0223498
0.0227015
0.0230389
0.0233664
0.0236939
0.0240208
0.0243469
0.0246706
0.0249946
0.0253288
0.0256733
0.0260408
0.0264434
0.0268687
0.0272959
0.027716
0.0281478
0.0285841
0.0290281
0.0294754
0.0299369
0.0304124
0.0308991
0.0314118
0.0319244
0.0324477
0.0329673
0.0334965
0.0340545
0.0346278
0.0352375
0.035826
0.0364186
0.0370548
0.0376725
0.038334
0.0390086
0.0396543
0.0403368
0.0410426
0.0417767
0.0424831
0.0432389
0.0440416
0.0447573
0.045539
0.0463954
0.0471844
0.048051
0.0489366
0.0497349
0.0506573
0.0516058
0.0524976
0.0534442
0.054451
0.0553993
0.0564072
0.0574666
0.0584974
0.0595193
0.0606276
0.0617541
0.0628595
0.0640101
0.0651648
0.0663715
0.0675806
0.0688387
0.0700767
0.0713734
0.0726997
0.0740223
0.0753976
0.0767799
0.0782072
0.0796546
0.0811096
0.0826342
0.0841449
0.0857278
0.0873251
0.0889244
0.090503
0.0918359
)
;

boundaryField
{
    ZeroGradientPlanes
    {
        type            zeroGradient;
    }
    inlet
    {
        type            zeroGradient;
    }
    plate
    {
        type            zeroGradient;
    }
    frontAndBack
    {
        type            empty;
    }
}


// ************************************************************************* //
