/*--------------------------------*- C++ -*----------------------------------*\
| =========                 |                                                 |
| \\      /  F ield         | OpenFOAM: The Open Source CFD Toolbox           |
|  \\    /   O peration     | Version:  2506                                  |
|   \\  /    A nd           | Website:  www.openfoam.com                      |
|    \\/     M anipulation  |                                                 |
\*---------------------------------------------------------------------------*/
FoamFile
{
    version     2.0;
    format      ascii;
    arch        "LSB;label=32;scalar=64";
    class       volScalarField;
    location    "8.95";
    object      p;
}
// * * * * * * * * * * * * * * * * * * * * * * * * * * * * * * * * * * * * * //

dimensions      [0 2 -2 0 0 0 0];

internalField   nonuniform List<scalar> 
9600
(
2.49203e-10
0.00187893
0.000875639
-0.00133696
0.00133662
0.00208884
0.00255775
0.00634041
0.00551569
0.00779212
0.0095674
0.0117026
0.00970041
0.0102087
0.0105196
0.0114501
0.0112147
0.0122757
0.0125149
0.013844
1.55653e-08
0.00190327
0.000870001
-0.00137728
0.00134131
0.0021107
0.00256368
0.00633533
0.00551373
0.00778881
0.00956889
0.0116428
0.00971019
0.010208
0.0105448
0.0114514
0.0112222
0.01226
0.0125349
0.0137641
3.88514e-06
0.00192534
0.000847339
-0.00140614
0.0013694
0.0021326
0.00256928
0.00632251
0.00551052
0.00779089
0.00956923
0.0115887
0.00972927
0.0101982
0.0105885
0.0114452
0.0112396
0.0122317
0.0125491
0.0136412
1.1157e-05
0.00194008
0.000820693
-0.00138405
0.0014145
0.00216026
0.00258798
0.00630176
0.00550803
0.00780505
0.00957157
0.0115334
0.00975063
0.010181
0.0106346
0.0114317
0.0112539
0.012193
0.0125463
0.013506
2.2339e-05
0.00194712
0.000798881
-0.00131167
0.00147123
0.00219418
0.00262707
0.00627248
0.00550672
0.00782931
0.00957475
0.011474
0.00977284
0.0101586
0.0106816
0.0114136
0.0112613
0.0121486
0.0125294
0.0133689
3.74569e-05
0.00194642
0.00078596
-0.00119901
0.00153177
0.00223627
0.00268997
0.00623738
0.00550648
0.00785913
0.00957862
0.01141
0.00979511
0.0101325
0.0107292
0.0113934
0.0112624
0.0121048
0.0124986
0.01323
5.5426e-05
0.00193908
0.000785083
-0.00105763
0.00158968
0.0022861
0.00277384
0.00620102
0.00550736
0.00789127
0.00958431
0.0113416
0.00981688
0.0101046
0.0107769
0.0113733
0.01126
0.0120632
0.0124513
0.0130913
7.46535e-05
0.00192801
0.000797808
-0.000899652
0.00164086
0.00234153
0.00287309
0.00616794
0.0055092
0.00792359
0.00959254
0.0112689
0.00983773
0.0100769
0.0108248
0.0113563
0.0112544
0.0120213
0.0123893
0.0129555
9.39415e-05
0.00191714
0.00082326
-0.000734358
0.0016831
0.0023992
0.002983
0.00613746
0.00551165
0.00795431
0.00960288
0.0111922
0.00985706
0.0100505
0.010873
0.011344
0.0112429
0.0119788
0.012318
0.0128192
0.00011295
0.00191004
0.000860044
-0.000566768
0.00171474
0.00245568
0.0031011
0.00611018
0.00551489
0.00798216
0.00961439
0.0111122
0.00987406
0.0100256
0.0109212
0.0113368
0.0112245
0.0119382
0.0122409
0.0126771
0.00013204
0.00190873
0.000907647
-0.000398682
0.00173468
0.00250836
0.0032261
0.00608595
0.0055201
0.00800685
0.00962644
0.0110301
0.0098878
0.0100027
0.010968
0.0113352
0.0112001
0.0119004
0.0121593
0.0125275
0.000151846
0.00191346
0.000965999
-0.0002305
0.00174322
0.0025559
0.0033568
0.00606487
0.00552907
0.00802917
0.00963908
0.0109469
0.00989758
0.00998188
0.0110123
0.0113397
0.0111713
0.0118637
0.0120755
0.012373
0.000172944
0.00192335
0.00103438
-6.25865e-05
0.00174241
0.00259824
0.00349166
0.00604725
0.00554177
0.00805023
0.00965294
0.0108636
0.00990316
0.00996367
0.0110526
0.0113501
0.0111387
0.0118259
0.0119935
0.0122172
0.000195683
0.00193713
0.00111107
0.000104354
0.00173545
0.00263615
0.00362907
0.0060333
0.00556193
0.00807076
0.00966881
0.010781
0.00990452
0.00994827
0.0110879
0.0113659
0.0111032
0.0117844
0.0119159
0.0120618
0.000220225
0.00195371
0.00119397
0.00026961
0.00172579
0.0026707
0.00376769
0.00602301
0.00558707
0.00809096
0.00968726
0.0106999
0.00990164
0.00993584
0.0111177
0.011386
0.0110655
0.0117368
0.011844
0.011908
0.000246669
0.00197242
0.00128169
0.000432826
0.00171643
0.00270292
0.00390655
0.00601644
0.00561608
0.00811075
0.0097084
0.0106206
0.00989445
0.00992653
0.0111419
0.0114093
0.0110265
0.0116807
0.011778
0.0117575
0.000275111
0.00199293
0.00137263
0.000593955
0.0017096
0.00273365
0.00404504
0.00601383
0.00564796
0.00813001
0.00973196
0.0105435
0.00988286
0.00992049
0.0111608
0.0114345
0.010987
0.0116141
0.0117174
0.0116125
0.000305666
0.00201516
0.00146703
0.00075309
0.00170691
0.0027636
0.00418276
0.00601556
0.00568204
0.00814882
0.00975744
0.010469
0.00986696
0.00991774
0.0111751
0.0114604
0.0109482
0.0115364
0.0116609
0.0114761
0.000338482
0.00203912
0.00156479
0.000910344
0.0017096
0.00279341
0.00431929
0.00602208
0.00571785
0.00816731
0.00978434
0.0103972
0.00984702
0.009918
0.0111852
0.0114859
0.0109111
0.0114479
0.0116062
0.0113514
0.000373745
0.00206487
0.00166583
0.00106577
0.00171864
0.00282376
0.0044541
0.00603377
0.00575505
0.0081856
0.00981224
0.0103285
0.00982338
0.00992069
0.0111915
0.01151
0.0108768
0.0113501
0.011551
0.0112407
0.00041168
0.00209249
0.00177011
0.0012194
0.00173476
0.00285535
0.0045866
0.00605092
0.00579344
0.00820374
0.00984091
0.0102631
0.00979639
0.00992525
0.0111941
0.0115316
0.0108459
0.0112445
0.0114934
0.0111459
0.000452543
0.00212202
0.00187757
0.00137123
0.0017585
0.00288882
0.0047162
0.00607372
0.00583291
0.00822171
0.00987028
0.0102013
0.00976634
0.00993137
0.0111933
0.0115498
0.0108188
0.0111332
0.0114321
0.0110681
0.00049661
0.00215352
0.00198819
0.00152119
0.00179011
0.00292485
0.00484231
0.00610226
0.00587346
0.00823938
0.00990041
0.0101433
0.00973333
0.00993878
0.0111895
0.0115638
0.0107958
0.0110182
0.0113664
0.011008
0.00054417
0.00218701
0.00210197
0.00166919
0.0018296
0.00296409
0.00496444
0.00613656
0.00591519
0.00825644
0.00993136
0.0100895
0.00969747
0.00994702
0.011183
0.0115729
0.0107768
0.0109008
0.0112955
0.0109674
0.000595536
0.00222249
0.00221889
0.00181525
0.00187682
0.00300716
0.00508224
0.00617655
0.00595838
0.00827245
0.00996302
0.0100404
0.0096588
0.00995559
0.0111744
0.0115768
0.0107622
0.0107823
0.0112165
0.0109474
0.000651024
0.00226001
0.00233887
0.0019594
0.00193151
0.00305464
0.00519553
0.00622197
0.00600348
0.0082872
0.00999525
0.0099965
0.00961748
0.00996394
0.0111642
0.0115749
0.0107522
0.0106655
0.0111251
0.0109438
0.000710925
0.00229967
0.00246177
0.00210177
0.00199335
0.003107
0.00530421
0.00627251
0.00605089
0.00830075
0.0100279
0.00995816
0.00957391
0.00997177
0.011153
0.0115664
0.0107464
0.0105556
0.011019
0.0109456
0.000775507
0.00234159
0.00258742
0.00224258
0.00206209
0.00316462
0.0054083
0.00632785
0.00610086
0.00831296
0.0100607
0.00992542
0.0095285
0.00997905
0.0111418
0.0115505
0.0107423
0.0104577
0.0109021
0.0109399
0.000845051
0.00238596
0.00271558
0.00238215
0.00213745
0.00322775
0.00550806
0.00638768
0.00615352
0.00832375
0.0100936
0.00989844
0.00948112
0.00998554
0.0111326
0.011528
0.0107361
0.0103735
0.0107834
0.0109188
0.000919864
0.00243299
0.00284593
0.00252084
0.00221916
0.00329646
0.00560402
0.00645186
0.00620896
0.00833302
0.0101265
0.0098775
0.00943127
0.00999023
0.0111274
0.0115015
0.0107253
0.0102994
0.0106695
0.0108846
0.00100024
0.00248294
0.00297806
0.00265905
0.00230723
0.00337061
0.00569651
0.00652032
0.00626731
0.00834081
0.0101595
0.00986311
0.00937864
0.00999164
0.0111267
0.0114735
0.0107106
0.0102318
0.0105612
0.0108451
0.00108643
0.00253614
0.00311157
0.00279721
0.00240177
0.00344989
0.00578562
0.00659317
0.00632882
0.00834696
0.0101922
0.00985619
0.00932328
0.00998818
0.0111312
0.0114455
0.0106933
0.0101715
0.0104566
0.0108031
0.00117863
0.00259295
0.00324611
0.00293577
0.00250285
0.00353386
0.00587127
0.00667061
0.00639407
0.00835173
0.0102241
0.0098579
0.0092654
0.0099776
0.0111422
0.0114198
0.0106719
0.010121
0.0103577
0.0107569
0.00127698
0.00265374
0.00338145
0.00307491
0.0026108
0.0036227
0.00595334
0.00675255
0.00646394
0.00835286
0.0102541
0.00986935
0.00920559
0.00995684
0.0111601
0.0114012
0.0106437
0.010079
0.0102714
0.0107063
0.00138167
0.00271875
0.00351741
0.00321471
0.00272597
0.00371688
0.00603182
0.00683863
0.00653928
0.00835044
0.0102809
0.00989136
0.00914563
0.00992296
0.0111827
0.0113951
0.0106087
0.010039
0.010204
0.0106575
0.00149295
0.00278812
0.00365395
0.00335551
0.00284827
0.00381656
0.00610659
0.00692832
0.0066211
0.00834507
0.0103025
0.00992426
0.009089
0.00987431
0.011206
0.0114056
0.0105712
0.00999414
0.0101557
0.01062
0.00161101
0.00286193
0.00379131
0.00349775
0.00297726
0.00392204
0.0061774
0.00702053
0.00671085
0.00833802
0.0103164
0.00996749
0.00903971
0.00981076
0.011225
0.0114341
0.0105376
0.00993992
0.0101208
0.0106025
0.00173611
0.00294001
0.00392989
0.0036419
0.00311232
0.00403399
0.00624433
0.00711397
0.00680953
0.00833108
0.0103205
0.010019
0.00900181
0.00973312
0.0112348
0.0114807
0.0105148
0.00987468
0.0100903
0.01061
0.00186864
0.00302201
0.00407005
0.00378878
0.00325225
0.00415322
0.00630842
0.00720697
0.00691743
0.00832636
0.0103127
0.0100756
0.00897909
0.00964338
0.0112302
0.0115446
0.0105106
0.00979885
0.0100533
0.0106409
0.00200902
0.0031076
0.0042119
0.00393968
0.00339541
0.00428015
0.00637151
0.00729744
0.00703393
0.00832678
0.0102921
0.0101334
0.00897439
0.00954552
0.0112063
0.0116222
0.0105336
0.00971749
0.00999828
0.0106838
0.00215766
0.00319661
0.00435506
0.00409613
0.00354065
0.0044142
0.00643606
0.00738409
0.00715752
0.00833527
0.0102604
0.0101882
0.00898878
0.00944493
0.0111581
0.0117056
0.0105911
0.00964326
0.0099177
0.0107222
0.00231497
0.00328903
0.00449905
0.00425891
0.00368687
0.00455346
0.00650482
0.00746683
0.00728642
0.00835342
0.0102175
0.0102373
0.00902238
0.00934721
0.0110819
0.011783
0.0106867
0.00959363
0.0098131
0.0107379
0.00248144
0.00338508
0.00464285
0.00443111
0.00383383
0.00469486
0.00658021
0.00754663
0.00741777
0.00838101
0.0101601
0.0102798
0.00907544
0.00925802
0.0109767
0.0118425
0.0108188
0.00958448
0.00969498
0.0107158
0.00265753
0.00348534
0.00478405
0.00461538
0.0039836
0.00483453
0.00666347
0.00762578
0.00754838
0.00841754
0.0101052
0.0103144
0.00914749
0.00918364
0.0108445
0.0118733
0.0109799
0.00962959
0.00958092
0.0106483
0.00284343
0.00359061
0.00491992
0.00481276
0.00414053
0.00496859
0.00675325
0.00770753
0.00767695
0.00846205
0.0100501
0.0103397
0.00923703
0.00913056
0.010691
0.0118655
0.011155
0.00973861
0.00949319
0.0105381
0.00303899
0.00370214
0.0050482
0.0050228
0.00431011
0.00509475
0.00684591
0.00779514
0.00780435
0.00851183
0.00999359
0.0103558
0.00934239
0.00910515
0.0105264
0.011813
0.0113254
0.00991022
0.00945541
0.0104011
0.00324377
0.00382167
0.00516749
0.00524388
0.00449744
0.00521277
0.00693633
0.00789061
0.00793258
0.00856484
0.00993603
0.010363
0.00946135
0.00911346
0.0103635
0.0117175
0.0114717
0.010127
0.00948736
0.010266
0.00345714
0.00395082
0.00527738
0.00547145
0.00470786
0.00532487
0.00701738
0.00799358
0.00806494
0.00862192
0.00987891
0.0103608
0.00958914
0.00915888
0.0102152
0.0115878
0.0115797
0.010365
0.00959309
0.0101648
0.00367828
0.00409149
0.00537832
0.00569849
0.00494493
0.00543676
0.00708288
0.00810082
0.0082062
0.00868554
0.00982432
0.01035
0.0097187
0.00924148
0.0100935
0.0114347
0.0116435
0.0106023
0.00975813
0.0101228
0.00390613
0.00424569
0.00547165
0.00591777
0.00520858
0.00555679
0.00712975
0.00820581
0.00836021
0.00876024
0.00977467
0.0103289
0.00984327
0.00935769
0.0100113
0.0112724
0.0116621
0.0108225
0.00996128
0.0101482
0.00413941
0.00441497
0.00556004
0.00612339
0.00549632
0.00569469
0.00715858
0.00829837
0.00852646
0.00885355
0.00973534
0.0102969
0.00995476
0.00949704
0.00997745
0.011117
0.0116389
0.0110146
0.0101846
0.0102317
0.00437654
0.0046003
0.00564795
0.00631111
0.005801
0.00585956
0.00717544
0.00836729
0.00869908
0.00897158
0.00971441
0.0102579
0.0100464
0.00964857
0.00999203
0.0109861
0.0115857
0.0111708
0.0104135
0.0103564
0.00461622
0.00480157
0.00574059
0.00647856
0.00611211
0.00605819
0.00719136
0.00840562
0.00886642
0.00911629
0.00972138
0.0102156
0.0101157
0.00980004
0.0100452
0.0108935
0.0115197
0.0112885
0.0106366
0.0105091
0.00485738
0.00501917
0.00584398
0.00662349
0.00641615
0.00629105
0.00722188
0.00841428
0.0090132
0.0092846
0.00976535
0.0101851
0.0101656
0.00994061
0.0101264
0.0108426
0.011457
0.0113726
0.0108446
0.0106839
0.00509864
0.00525042
0.00596591
0.00674877
0.00670105
0.00655275
0.00727932
0.00840011
0.00912596
0.00946676
0.0098516
0.0101829
0.0102034
0.0100628
0.0102252
0.0108285
0.0114092
0.0114339
0.0110313
0.010875
0.00534071
0.00549121
0.00610584
0.0068604
0.0069621
0.00683643
0.00737508
0.00837737
0.00919807
0.00964505
0.00997838
0.0102166
0.0102361
0.0101628
0.0103293
0.0108449
0.0113828
0.0114865
0.0111964
0.0110709
0.00558517
0.00574117
0.0062649
0.00695854
0.00719039
0.00712928
0.007517
0.00836972
0.00923218
0.00980007
0.0101361
0.010293
0.0102767
0.0102443
0.0104274
0.0108859
0.0113801
0.0115408
0.0113456
0.0112586
0.00583189
0.00600598
0.00644548
0.00704437
0.00737658
0.00741486
0.00770301
0.00839715
0.00924075
0.00991682
0.0103068
0.0104131
0.0103437
0.0103189
0.0105131
0.0109401
0.011399
0.0116017
0.0114887
0.0114359
0.00608006
0.0062633
0.0066441
0.00714515
0.00753599
0.00768515
0.00792359
0.00846693
0.00924299
0.00999085
0.0104679
0.0105706
0.0104489
0.0103995
0.0105907
0.0109977
0.0114324
0.0116674
0.0116322
0.0116129
0.00632756
0.00651785
0.00685897
0.00726633
0.00767461
0.00792853
0.00816039
0.00857869
0.00925962
0.01003
0.0106006
0.0107494
0.0105949
0.0105015
0.0106701
0.0110561
0.0114744
0.0117345
0.011774
0.0117975
0.00657437
0.00676829
0.00708638
0.00740943
0.00780083
0.00814086
0.00840069
0.00873082
0.00930619
0.0100522
0.0106972
0.0109282
0.0107798
0.0106355
0.0107583
0.0111178
0.0115241
0.0118028
0.011908
0.0119867
0.00682138
0.00701338
0.00731544
0.00757417
0.00793002
0.00832675
0.00863349
0.00891323
0.00938788
0.0100766
0.010762
0.0110884
0.0109941
0.0108082
0.0108663
0.0111847
0.01158
0.0118753
0.0120327
0.0121717
0.00706766
0.00725095
0.00754585
0.00775966
0.00806717
0.00848962
0.00885101
0.00911436
0.00950506
0.0101185
0.0108074
0.0112202
0.0112064
0.0110134
0.0110066
0.0112639
0.0116402
0.0119518
0.0121504
0.0123453
0.00731453
0.00749017
0.00776946
0.00795469
0.00821532
0.00863811
0.00905002
0.00932408
0.00965373
0.0101876
0.0108495
0.0113253
0.0114036
0.0112413
0.0111851
0.0113689
0.0117078
0.0120317
0.0122653
0.0125069
0.00755994
0.00772055
0.00798654
0.00815649
0.00837829
0.00878229
0.0092309
0.00953274
0.00982562
0.0102867
0.0109027
0.0114111
0.0115793
0.01147
0.0113911
0.0115096
0.011792
0.0121144
0.0123801
0.0126596
0.00780105
0.00795062
0.00819878
0.00836162
0.00855419
0.00892469
0.00939351
0.0097333
0.0100131
0.0104148
0.0109764
0.0114903
0.0117351
0.0116912
0.0116127
0.0116831
0.0119037
0.0122038
0.0124939
0.0128063
0.00803718
0.00817198
0.00840412
0.00856463
0.00874017
0.00907392
0.00954494
0.0099217
0.0102074
0.0105672
0.0110746
0.011575
0.0118781
0.0119024
0.0118419
0.0118802
0.0120478
0.0123107
0.0126111
0.0129519
0.00826731
0.0083938
0.00860312
0.00875827
0.00892777
0.00922925
0.00969011
0.0100977
0.010402
0.0107387
0.0111987
0.0116728
0.012011
0.0121005
0.0120743
0.0120947
0.0122208
0.0124432
0.0127371
0.0130983
0.00848767
0.00860782
0.00879808
0.00894745
0.0091162
0.00939049
0.00983146
0.01026
0.0105905
0.010921
0.0113443
0.0117871
0.0121219
0.012285
0.0123072
0.0123267
0.0124215
0.0126061
0.0128799
0.01325
0.00869642
0.00880672
0.00898544
0.00913196
0.00930315
0.00955707
0.00997262
0.0104109
0.0107708
0.0111078
0.0115057
0.0119259
0.0122982
0.012481
0.0125457
0.0125786
0.012652
0.0128018
0.0130488
0.0134147
0.00889497
0.00900683
0.00916538
0.00929799
0.0094758
0.00972279
0.0101166
0.0105534
0.0109413
0.0112995
0.0116801
0.0120656
0.012363
0.0126462
0.0127784
0.0128379
0.0129025
0.0130197
0.0132389
0.0135924
0.00907834
0.00918912
0.00933485
0.00945461
0.00963647
0.00988585
0.0102674
0.0106904
0.0110892
0.0114854
0.0118914
0.012299
0.012746
0.0130158
0.0131563
0.0132333
0.0132795
0.0133356
0.0134942
0.0137888
0.00924112
0.0093546
0.00949869
0.00960686
0.0097822
0.0100252
0.0104041
0.0108326
0.0112223
0.0115988
0.0119734
0.0123789
0.0127505
0.0130902
0.0133346
0.013523
0.0136972
0.0138288
0.0139745
0.0142247
0.00938909
0.00950831
0.0096493
0.00974903
0.00992992
0.0101643
0.0105191
0.0109632
0.011421
0.0118823
0.0124312
0.0128763
0.0132823
0.0136262
0.0138257
0.0139056
0.0139843
0.0141571
0.0142874
0.0144621
0.00951228
0.00960616
0.00973295
0.0098463
0.0100537
0.0103272
0.0106491
0.0109681
0.0113169
0.0117147
0.0121831
0.0127895
0.0133915
0.0139089
0.0143974
0.0148197
0.0151985
0.015566
0.0160014
0.016405
0.00964921
0.0097662
0.00989675
0.00996133
0.0101206
0.0103702
0.0107722
0.0112792
0.0118169
0.0123155
0.0127496
0.0131684
0.0135835
0.0139697
0.0142971
0.014629
0.015025
0.0154658
0.0158909
0.0162384
0.00957546
0.00967584
0.00992283
0.0101605
0.0104247
0.0107176
0.0110768
0.0114467
0.0118132
0.0121968
0.0126263
0.0130822
0.0135739
0.0140731
0.0146229
0.0152194
0.0157982
0.0163448
0.0168171
0.0171676
0.00981243
0.00996577
0.0101734
0.0103118
0.0105303
0.0108254
0.011196
0.0115938
0.012038
0.0125163
0.0129979
0.0134428
0.0138486
0.0141968
0.0144441
0.0146268
0.0147525
0.0148179
0.014847
0.0148787
0.00968622
0.00981235
0.0101277
0.0104316
0.0107229
0.011026
0.0113687
0.0117255
0.0120998
0.0124629
0.0128917
0.0133535
0.0138175
0.0143155
0.0148246
0.0153424
0.01587
0.0163852
0.0168394
0.0171535
0.00983907
0.0099926
0.0103347
0.0106117
0.0108774
0.011162
0.0114929
0.0118349
0.0122317
0.012642
0.0130858
0.0135545
0.0139657
0.0143392
0.0146828
0.0150164
0.0153711
0.0157492
0.0161099
0.0163527
0.0160611
0.0133934
0.00829941
0.00415107
0.00363213
0.00534847
0.00735949
0.00914027
0.010624
0.0117985
0.0127432
0.013587
0.0143871
0.0151487
0.0158656
0.0165273
0.0171986
0.0179541
0.0187304
0.0194315
0.0200601
0.0207107
0.0214677
0.0222876
0.0230319
0.0236844
0.0243581
0.0251043
0.0259056
0.0267475
0.0276162
0.0284899
0.0293654
0.0302477
0.031138
0.0320126
0.0328476
0.0336664
0.0345086
0.0353769
0.0362701
0.0371928
0.0381407
0.0391216
0.040118
0.0410968
0.0420677
0.0430847
0.0441488
0.0452079
0.04622
0.047238
0.0483035
0.0493872
0.0504757
0.0516304
0.052843
0.0540603
0.0553011
0.0565952
0.0579391
0.0592628
0.0605042
0.0617006
0.0630161
0.0644441
0.0659251
0.067394
0.0688611
0.0703484
0.0718609
0.0733686
0.0749183
0.0765249
0.0781705
0.079837
0.0815205
0.0832618
0.0850147
0.0868286
0.0886553
0.0905343
0.092441
0.0944063
0.0964181
0.098431
0.100491
0.102572
0.10471
0.106912
0.109111
0.111363
0.113606
0.115922
0.118246
0.120591
0.122954
0.125241
0.127321
0.12927
0.0157602
0.0132986
0.00839533
0.00431037
0.00372618
0.00539126
0.00738464
0.00915754
0.0106372
0.0118094
0.0127524
0.0135949
0.0143939
0.0151545
0.0158708
0.0165318
0.0172024
0.0179575
0.0187336
0.0194344
0.0200626
0.0207128
0.0214695
0.0222894
0.0230336
0.0236859
0.0243595
0.0251054
0.0259066
0.0267485
0.0276171
0.0284908
0.0293662
0.0302485
0.0311388
0.0320134
0.0328484
0.0336671
0.0345093
0.0353776
0.0362708
0.0371935
0.0381414
0.0391223
0.0401186
0.0410974
0.0420682
0.0430852
0.0441493
0.0452085
0.0462205
0.0472385
0.0483039
0.0493876
0.0504761
0.0516307
0.0528434
0.0540606
0.0553014
0.0565955
0.0579394
0.0592631
0.0605046
0.0617009
0.0630163
0.0644444
0.0659253
0.0673942
0.0688613
0.0703486
0.0718611
0.0733688
0.0749185
0.076525
0.0781707
0.0798371
0.0815207
0.0832619
0.0850149
0.0868287
0.0886555
0.0905344
0.0924412
0.0944064
0.0964183
0.0984311
0.100491
0.102573
0.10471
0.106912
0.109111
0.111363
0.113606
0.115922
0.118246
0.120591
0.122954
0.125241
0.127321
0.12927
0.0153772
0.0131409
0.00854358
0.00458738
0.00388588
0.00544936
0.00741364
0.00917875
0.0106531
0.0118215
0.0127625
0.0136037
0.0144015
0.015161
0.0158763
0.0165365
0.0172063
0.017961
0.0187368
0.0194373
0.0200651
0.0207148
0.0214714
0.0222912
0.0230353
0.0236873
0.0243607
0.0251065
0.0259076
0.0267495
0.027618
0.0284917
0.029367
0.0302492
0.0311395
0.0320142
0.0328491
0.0336678
0.0345099
0.0353782
0.0362714
0.0371941
0.038142
0.0391228
0.0401192
0.041098
0.0420687
0.0430857
0.0441498
0.045209
0.0462209
0.0472389
0.0483043
0.049388
0.0504764
0.0516311
0.0528437
0.0540609
0.0553017
0.0565958
0.0579397
0.0592634
0.0605049
0.0617011
0.0630164
0.0644445
0.0659255
0.0673944
0.0688615
0.0703487
0.0718612
0.0733689
0.0749186
0.0765252
0.0781708
0.0798373
0.0815208
0.0832621
0.085015
0.0868288
0.0886556
0.0905345
0.0924413
0.0944065
0.0964184
0.0984312
0.100491
0.102573
0.10471
0.106912
0.109111
0.111363
0.113606
0.115922
0.118246
0.120592
0.122954
0.125241
0.127321
0.12927
0.0150055
0.0129853
0.0087323
0.00494117
0.00410985
0.00553635
0.00745938
0.00921276
0.0106774
0.0118383
0.0127753
0.0136147
0.0144112
0.0151693
0.0158836
0.016543
0.0172121
0.0179658
0.0187408
0.0194409
0.0200686
0.0207181
0.0214741
0.0222935
0.0230373
0.0236891
0.0243623
0.0251079
0.0259087
0.0267505
0.0276191
0.0284927
0.0293679
0.03025
0.0311403
0.0320149
0.0328498
0.0336684
0.0345105
0.0353787
0.0362719
0.0371947
0.0381426
0.0391234
0.0401197
0.0410985
0.0420693
0.0430862
0.0441503
0.0452095
0.0462214
0.0472393
0.0483047
0.0493884
0.0504768
0.0516314
0.0528441
0.0540612
0.055302
0.056596
0.0579399
0.0592638
0.0605052
0.0617013
0.0630165
0.0644447
0.0659257
0.0673947
0.0688617
0.0703489
0.0718614
0.0733691
0.0749187
0.0765253
0.078171
0.0798374
0.0815209
0.0832622
0.0850151
0.086829
0.0886557
0.0905346
0.0924414
0.0944066
0.0964185
0.0984313
0.100491
0.102573
0.10471
0.106913
0.109111
0.111363
0.113606
0.115923
0.118246
0.120592
0.122954
0.125242
0.127321
0.12927
0.0146497
0.0128388
0.0089411
0.00532296
0.00436305
0.00563932
0.00751509
0.00925674
0.0107101
0.0118608
0.012792
0.013629
0.0144238
0.01518
0.015893
0.0165521
0.0172208
0.017973
0.0187462
0.0194456
0.0200738
0.0207235
0.0214787
0.0222969
0.0230401
0.0236918
0.0243648
0.0251099
0.0259103
0.0267519
0.0276206
0.0284941
0.0293691
0.030251
0.0311412
0.0320158
0.0328506
0.0336691
0.034511
0.0353792
0.0362724
0.0371952
0.0381432
0.039124
0.0401203
0.0410991
0.0420699
0.0430867
0.0441508
0.0452101
0.046222
0.0472398
0.0483051
0.0493888
0.0504771
0.0516317
0.0528444
0.0540616
0.0553023
0.0565963
0.0579403
0.0592642
0.0605056
0.0617015
0.0630167
0.064445
0.065926
0.0673949
0.0688619
0.0703491
0.0718616
0.0733693
0.0749189
0.0765255
0.0781711
0.0798376
0.081521
0.0832623
0.0850152
0.0868291
0.0886559
0.0905348
0.0924415
0.0944067
0.0964186
0.0984314
0.100491
0.102573
0.10471
0.106913
0.109111
0.111363
0.113606
0.115923
0.118246
0.120592
0.122954
0.125242
0.127322
0.129271
0.0143146
0.0127004
0.00914729
0.00570746
0.00462935
0.00574934
0.00757299
0.00930456
0.0107479
0.0118876
0.0128122
0.0136464
0.014439
0.0151928
0.0159041
0.0165634
0.0172323
0.0179827
0.0187531
0.0194515
0.0200808
0.0207314
0.0214855
0.0223017
0.0230441
0.023696
0.0243688
0.0251129
0.0259124
0.0267538
0.0276224
0.0284959
0.0293707
0.0302524
0.0311424
0.0320168
0.0328515
0.0336699
0.0345117
0.0353796
0.0362727
0.0371957
0.0381438
0.0391246
0.0401209
0.0410997
0.0420706
0.0430874
0.0441515
0.0452107
0.0462227
0.0472404
0.0483056
0.0493892
0.0504775
0.0516321
0.0528448
0.054062
0.0553026
0.0565967
0.0579407
0.0592647
0.0605061
0.0617017
0.0630168
0.0644452
0.0659263
0.0673952
0.0688622
0.0703494
0.0718619
0.0733695
0.074919
0.0765256
0.0781713
0.0798377
0.0815212
0.0832625
0.0850154
0.0868292
0.088656
0.0905349
0.0924416
0.0944068
0.0964188
0.0984316
0.100491
0.102573
0.10471
0.106913
0.109111
0.111363
0.113606
0.115923
0.118246
0.120592
0.122955
0.125242
0.127322
0.129271
0.014006
0.0125632
0.00933569
0.00608568
0.00490727
0.00586723
0.00763228
0.0093544
0.0107893
0.011918
0.0128354
0.013666
0.0144562
0.0152069
0.0159162
0.0165761
0.0172458
0.0179944
0.0187614
0.0194586
0.0200895
0.0207416
0.0214942
0.0223077
0.0230491
0.0237018
0.0243747
0.0251175
0.0259156
0.0267563
0.0276248
0.0284981
0.0293726
0.030254
0.0311438
0.0320181
0.0328528
0.0336711
0.0345125
0.03538
0.036273
0.0371963
0.0381445
0.0391251
0.0401212
0.0411003
0.0420714
0.0430883
0.0441522
0.0452114
0.0462235
0.0472412
0.0483062
0.0493897
0.050478
0.0516326
0.0528452
0.0540624
0.0553031
0.0565971
0.0579411
0.0592653
0.0605067
0.0617019
0.063017
0.0644455
0.0659267
0.0673955
0.0688625
0.0703497
0.0718622
0.0733697
0.0749192
0.0765258
0.0781715
0.0798379
0.0815214
0.0832626
0.0850155
0.0868294
0.0886561
0.090535
0.0924418
0.0944069
0.0964189
0.0984317
0.100492
0.102573
0.104711
0.106913
0.109111
0.111363
0.113606
0.115923
0.118246
0.120592
0.122955
0.125243
0.127323
0.129272
0.0137221
0.0124195
0.00949969
0.00645827
0.00520189
0.00599789
0.00769458
0.00940593
0.0108341
0.0119519
0.0128611
0.0136877
0.0144749
0.0152222
0.0159292
0.0165895
0.0172603
0.0180072
0.0187709
0.0194668
0.0200997
0.0207534
0.0215043
0.0223145
0.023055
0.0237091
0.0243825
0.0251237
0.0259199
0.0267596
0.0276278
0.0285007
0.0293747
0.0302557
0.0311452
0.0320195
0.0328544
0.0336729
0.0345139
0.0353806
0.0362733
0.0371969
0.0381453
0.0391256
0.0401213
0.0411007
0.0420723
0.0430892
0.0441528
0.0452122
0.0462246
0.0472423
0.0483069
0.0493903
0.0504786
0.0516331
0.0528456
0.0540627
0.0553035
0.0565976
0.0579416
0.059266
0.0605073
0.0617023
0.0630173
0.064446
0.0659271
0.067396
0.0688629
0.07035
0.0718625
0.07337
0.0749195
0.0765261
0.0781717
0.0798382
0.0815215
0.0832628
0.0850157
0.0868295
0.0886563
0.0905352
0.0924419
0.0944071
0.0964191
0.0984319
0.100492
0.102573
0.104711
0.106913
0.109112
0.111363
0.113606
0.115923
0.118246
0.120592
0.122955
0.125243
0.127324
0.129273
0.0134573
0.0122692
0.00964266
0.00682879
0.00551677
0.00614422
0.00776036
0.00945818
0.0108813
0.0119889
0.0128894
0.0137113
0.0144951
0.0152386
0.0159429
0.0166036
0.0172756
0.0180209
0.0187812
0.0194759
0.0201109
0.0207664
0.0215152
0.0223216
0.0230612
0.0237173
0.0243917
0.0251314
0.0259254
0.0267638
0.0276315
0.0285038
0.0293771
0.0302574
0.0311465
0.0320208
0.0328562
0.0336751
0.0345158
0.0353817
0.0362739
0.0371977
0.0381463
0.039126
0.0401212
0.0411009
0.0420732
0.0430901
0.0441534
0.0452128
0.0462259
0.0472437
0.0483079
0.0493911
0.0504796
0.0516339
0.0528461
0.054063
0.0553039
0.056598
0.0579421
0.0592667
0.0605081
0.0617027
0.0630176
0.0644464
0.0659276
0.0673964
0.0688633
0.0703505
0.071863
0.0733704
0.0749198
0.0765264
0.078172
0.0798385
0.0815218
0.0832631
0.0850159
0.0868297
0.0886565
0.0905353
0.092442
0.0944072
0.0964192
0.098432
0.100492
0.102573
0.104711
0.106913
0.109112
0.111364
0.113607
0.115923
0.118247
0.120592
0.122955
0.125244
0.127326
0.129274
0.0132097
0.0121208
0.00976957
0.00719561
0.00585009
0.00630713
0.00782997
0.00951031
0.0109303
0.0120289
0.0129202
0.0137366
0.0145166
0.015256
0.0159574
0.0166183
0.0172915
0.0180354
0.0187922
0.0194856
0.0201228
0.0207801
0.0215268
0.0223291
0.0230676
0.0237259
0.0244017
0.0251401
0.0259319
0.0267689
0.0276358
0.0285074
0.0293797
0.0302591
0.0311475
0.0320216
0.0328577
0.0336775
0.0345182
0.0353832
0.0362749
0.0371989
0.0381476
0.0391267
0.0401211
0.041101
0.042074
0.0430909
0.0441536
0.0452133
0.0462271
0.0472452
0.048309
0.0493921
0.0504809
0.0516351
0.0528468
0.0540634
0.0553042
0.0565982
0.0579424
0.0592674
0.0605089
0.0617033
0.0630181
0.064447
0.0659282
0.0673969
0.0688639
0.0703511
0.0718635
0.0733709
0.0749202
0.0765268
0.0781724
0.0798389
0.0815221
0.0832634
0.0850162
0.0868299
0.0886567
0.0905355
0.0924422
0.0944073
0.0964194
0.0984322
0.100492
0.102573
0.104711
0.106913
0.109112
0.111364
0.113607
0.115923
0.118247
0.120593
0.122956
0.125245
0.127328
0.129276
0.012983
0.011983
0.00988093
0.00755179
0.0061977
0.00648795
0.00790496
0.00956204
0.0109802
0.0120715
0.0129535
0.0137636
0.0145392
0.0152743
0.0159727
0.0166336
0.0173082
0.0180507
0.0188039
0.0194959
0.0201352
0.0207945
0.021539
0.022337
0.0230743
0.0237347
0.024412
0.0251494
0.0259391
0.0267746
0.0276406
0.0285113
0.0293827
0.030261
0.0311483
0.032022
0.0328589
0.03368
0.034521
0.0353853
0.0362763
0.0372004
0.0381493
0.0391276
0.040121
0.0411011
0.0420749
0.0430917
0.0441536
0.0452133
0.0462282
0.0472467
0.0483102
0.0493933
0.0504825
0.0516367
0.0528478
0.0540641
0.0553046
0.0565983
0.0579424
0.0592679
0.0605098
0.061704
0.0630188
0.0644478
0.0659288
0.0673974
0.0688644
0.0703517
0.0718641
0.0733715
0.0749208
0.0765273
0.0781729
0.0798394
0.0815226
0.0832638
0.0850165
0.0868302
0.0886569
0.0905357
0.0924424
0.0944075
0.0964196
0.0984323
0.100492
0.102574
0.104711
0.106914
0.109112
0.111364
0.113607
0.115923
0.118247
0.120593
0.122957
0.125247
0.12733
0.129278
0.0127795
0.0118599
0.0099751
0.00789075
0.0065558
0.00668826
0.00798712
0.00961302
0.0110298
0.0121161
0.0129893
0.0137924
0.014563
0.0152934
0.0159885
0.0166495
0.0173256
0.0180669
0.0188165
0.0195067
0.020148
0.0208094
0.0215518
0.0223454
0.0230812
0.0237436
0.0244225
0.0251589
0.0259467
0.0267808
0.0276459
0.0285157
0.0293859
0.0302629
0.031149
0.0320222
0.0328598
0.0336823
0.034524
0.0353877
0.0362782
0.0372023
0.0381513
0.0391287
0.0401211
0.0411012
0.0420759
0.0430924
0.0441533
0.045213
0.046229
0.0472481
0.0483112
0.0493944
0.0504843
0.0516387
0.0528493
0.0540652
0.0553053
0.0565982
0.0579419
0.0592679
0.0605104
0.0617047
0.0630196
0.0644488
0.0659296
0.0673979
0.068865
0.0703522
0.0718647
0.0733721
0.0749214
0.0765279
0.0781735
0.07984
0.0815232
0.0832643
0.085017
0.0868306
0.0886573
0.090536
0.0924427
0.0944077
0.0964199
0.0984325
0.100492
0.102574
0.104711
0.106914
0.109112
0.111364
0.113607
0.115924
0.118248
0.120593
0.122957
0.125249
0.127333
0.12928
0.0125977
0.0117528
0.010053
0.00820837
0.00691997
0.00690809
0.00807767
0.00966289
0.0110779
0.0121621
0.0130276
0.0138232
0.014588
0.0153133
0.016005
0.0166661
0.0173439
0.0180841
0.01883
0.0195181
0.0201613
0.0208248
0.0215652
0.0223543
0.0230884
0.0237528
0.0244332
0.0251688
0.0259548
0.0267875
0.0276516
0.0285203
0.0293893
0.030265
0.0311496
0.0320221
0.0328605
0.0336846
0.034527
0.0353904
0.0362803
0.0372046
0.0381536
0.03913
0.0401212
0.0411015
0.042077
0.0430933
0.044153
0.0452123
0.0462294
0.0472491
0.048312
0.0493954
0.0504862
0.0516409
0.0528512
0.0540669
0.0553064
0.0565981
0.057941
0.0592672
0.0605104
0.0617052
0.0630207
0.0644502
0.0659305
0.0673985
0.0688655
0.0703527
0.0718652
0.0733728
0.0749221
0.0765286
0.0781742
0.0798407
0.081524
0.0832651
0.0850176
0.0868312
0.0886577
0.0905364
0.092443
0.0944079
0.0964201
0.0984328
0.100493
0.102574
0.104711
0.106914
0.109112
0.111364
0.113607
0.115924
0.118248
0.120594
0.122958
0.125251
0.127337
0.129282
0.0124332
0.0116634
0.0101184
0.00850179
0.00728465
0.00714619
0.008178
0.0097122
0.0111242
0.0122093
0.0130686
0.0138563
0.0146144
0.0153342
0.0160222
0.0166834
0.017363
0.0181023
0.0188444
0.0195303
0.0201751
0.0208408
0.0215792
0.0223638
0.0230961
0.0237623
0.0244442
0.025179
0.0259635
0.0267948
0.0276577
0.0285253
0.0293931
0.0302673
0.0311503
0.0320219
0.0328611
0.0336868
0.0345301
0.0353933
0.0362827
0.0372071
0.0381561
0.0391314
0.0401214
0.0411018
0.0420782
0.0430942
0.0441525
0.0452114
0.0462296
0.04725
0.0483125
0.0493963
0.050488
0.0516431
0.0528532
0.0540689
0.055308
0.0565983
0.0579397
0.0592658
0.0605098
0.0617052
0.0630216
0.0644518
0.0659318
0.0673992
0.068866
0.0703531
0.0718656
0.0733733
0.0749229
0.0765294
0.078175
0.0798415
0.0815248
0.083266
0.0850185
0.0868319
0.0886584
0.090537
0.0924434
0.0944082
0.0964204
0.0984331
0.100493
0.102574
0.104711
0.106914
0.109113
0.111365
0.113608
0.115924
0.118249
0.120594
0.122959
0.125253
0.127341
0.129285
0.0122814
0.0115927
0.0101759
0.00876853
0.00764438
0.00740154
0.00829054
0.00976254
0.0111684
0.0122569
0.0131125
0.0138923
0.0146427
0.0153561
0.0160401
0.0167015
0.017383
0.0181216
0.0188598
0.0195431
0.0201895
0.0208574
0.0215939
0.0223738
0.0231042
0.0237722
0.0244556
0.0251899
0.0259729
0.0268029
0.0276644
0.0285306
0.0293971
0.0302698
0.031151
0.0320216
0.0328616
0.033689
0.0345334
0.0353964
0.0362854
0.0372099
0.0381588
0.039133
0.0401217
0.0411022
0.0420796
0.0430952
0.044152
0.0452103
0.0462294
0.0472505
0.0483129
0.0493969
0.0504897
0.0516453
0.0528552
0.054071
0.0553099
0.0565987
0.0579381
0.0592638
0.0605084
0.0617046
0.0630224
0.0644536
0.0659334
0.0674001
0.0688665
0.0703534
0.0718658
0.0733738
0.0749236
0.0765302
0.0781757
0.0798423
0.0815257
0.083267
0.0850195
0.0868328
0.0886592
0.0905377
0.0924439
0.0944085
0.0964208
0.0984335
0.100493
0.102574
0.104712
0.106914
0.109113
0.111365
0.113608
0.115924
0.118249
0.120594
0.12296
0.125256
0.127346
0.129289
0.0121375
0.0115408
0.0102295
0.0090072
0.00799505
0.00767398
0.0084184
0.00981592
0.0112104
0.0123043
0.013159
0.0139315
0.0146734
0.0153795
0.016059
0.0167204
0.0174041
0.018142
0.0188761
0.0195566
0.0202044
0.0208747
0.0216094
0.0223844
0.0231127
0.0237825
0.0244678
0.0252018
0.0259833
0.0268117
0.0276716
0.0285363
0.0294014
0.0302725
0.0311519
0.0320214
0.0328622
0.0336914
0.0345368
0.0353997
0.0362884
0.0372129
0.0381618
0.0391348
0.040122
0.0411027
0.0420811
0.0430964
0.0441516
0.045209
0.0462291
0.047251
0.0483132
0.0493976
0.0504915
0.0516474
0.0528571
0.0540731
0.0553119
0.0565991
0.0579363
0.0592611
0.0605064
0.0617035
0.0630228
0.0644553
0.0659352
0.0674012
0.0688672
0.0703537
0.0718659
0.073374
0.0749242
0.076531
0.0781766
0.0798431
0.0815266
0.083268
0.0850207
0.0868339
0.0886601
0.0905386
0.0924445
0.0944088
0.0964211
0.0984339
0.100494
0.102575
0.104712
0.106914
0.109113
0.111365
0.113608
0.115924
0.11825
0.120595
0.122961
0.12526
0.127351
0.129293
0.0119974
0.0115054
0.0102831
0.00921841
0.00833384
0.00796309
0.00856437
0.00987444
0.0112502
0.0123506
0.0132078
0.0139743
0.0147069
0.0154046
0.016079
0.0167404
0.0174264
0.0181637
0.0188935
0.0195709
0.0202201
0.0208928
0.0216255
0.0223955
0.0231215
0.0237934
0.024481
0.025215
0.0259951
0.0268215
0.0276794
0.0285424
0.0294061
0.0302756
0.0311529
0.0320213
0.0328628
0.0336938
0.0345403
0.0354033
0.0362917
0.0372163
0.0381649
0.0391366
0.0401224
0.0411032
0.0420826
0.0430978
0.0441511
0.0452077
0.0462287
0.0472514
0.0483136
0.0493983
0.0504933
0.0516496
0.052859
0.0540752
0.0553139
0.0565996
0.0579342
0.059258
0.0605038
0.0617022
0.0630231
0.064457
0.0659369
0.0674024
0.0688678
0.0703539
0.0718659
0.0733742
0.0749247
0.0765318
0.0781774
0.0798438
0.0815274
0.083269
0.0850219
0.0868351
0.0886612
0.0905396
0.0924454
0.0944093
0.0964215
0.0984344
0.100494
0.102575
0.104712
0.106914
0.109113
0.111365
0.113609
0.115925
0.118251
0.120596
0.122962
0.125263
0.127357
0.129297
0.0118586
0.0114832
0.0103405
0.00940477
0.00865816
0.00826685
0.00873063
0.00994057
0.0112886
0.0123951
0.0132581
0.0140206
0.0147436
0.0154317
0.0161002
0.0167613
0.0174498
0.0181866
0.018912
0.0195861
0.0202364
0.0209116
0.0216424
0.0224071
0.0231307
0.023805
0.0244954
0.0252298
0.0260082
0.0268323
0.0276878
0.0285489
0.0294111
0.0302789
0.0311542
0.0320213
0.0328636
0.0336965
0.0345441
0.0354071
0.0362953
0.03722
0.0381683
0.0391386
0.0401228
0.0411037
0.0420843
0.0430992
0.0441507
0.0452063
0.0462281
0.0472518
0.0483142
0.0493991
0.0504953
0.0516519
0.0528609
0.0540771
0.0553158
0.0566002
0.057932
0.0592543
0.060501
0.0617011
0.0630235
0.0644585
0.0659385
0.0674034
0.0688685
0.0703541
0.0718659
0.0733743
0.0749252
0.0765326
0.0781783
0.0798446
0.0815282
0.08327
0.0850232
0.0868364
0.0886624
0.0905408
0.0924464
0.0944098
0.0964218
0.0984348
0.100495
0.102576
0.104712
0.106914
0.109113
0.111365
0.113609
0.115925
0.118251
0.120596
0.122963
0.125267
0.127363
0.129301
0.0117202
0.0114704
0.0104055
0.00956992
0.0089649
0.00858176
0.00891881
0.0100172
0.0113267
0.0124372
0.0133092
0.0140702
0.0147838
0.0154612
0.0161228
0.0167833
0.0174744
0.0182108
0.0189317
0.0196022
0.0202536
0.0209311
0.0216599
0.0224191
0.0231404
0.0238174
0.0245112
0.0252462
0.0260227
0.026844
0.0276968
0.0285559
0.0294165
0.0302825
0.0311556
0.0320214
0.0328646
0.0336993
0.0345481
0.0354112
0.0362991
0.0372239
0.0381719
0.0391406
0.0401232
0.0411042
0.0420861
0.0431009
0.0441504
0.0452048
0.0462275
0.0472524
0.0483151
0.0494003
0.0504975
0.0516545
0.0528629
0.0540789
0.0553177
0.0566008
0.0579297
0.0592505
0.0604981
0.0617007
0.0630245
0.0644601
0.0659399
0.0674043
0.068869
0.0703543
0.0718659
0.0733746
0.0749259
0.0765334
0.0781792
0.0798454
0.081529
0.083271
0.0850244
0.0868377
0.0886636
0.090542
0.0924475
0.0944103
0.0964221
0.0984352
0.100495
0.102576
0.104713
0.106914
0.109113
0.111366
0.11361
0.115925
0.118252
0.120597
0.122964
0.125271
0.12737
0.129306
0.0115835
0.0114637
0.0104805
0.00971754
0.00925085
0.00890372
0.00912981
0.010107
0.0113659
0.0124766
0.01336
0.0141228
0.0148279
0.0154935
0.0161469
0.0168064
0.0175002
0.0182363
0.0189526
0.0196193
0.0202716
0.0209515
0.0216781
0.0224317
0.0231506
0.0238308
0.0245284
0.025264
0.0260384
0.0268566
0.0277064
0.0285632
0.0294222
0.0302865
0.0311573
0.0320218
0.0328658
0.0337023
0.0345522
0.0354156
0.0363032
0.0372281
0.0381757
0.0391429
0.0401237
0.0411047
0.0420879
0.0431026
0.0441501
0.0452034
0.0462269
0.0472532
0.0483163
0.0494018
0.0505001
0.0516573
0.052865
0.0540808
0.0553196
0.0566015
0.0579275
0.0592465
0.0604953
0.0617012
0.0630265
0.0644618
0.065941
0.0674049
0.0688694
0.0703544
0.0718659
0.073375
0.0749268
0.0765344
0.0781802
0.0798463
0.0815298
0.0832719
0.0850256
0.086839
0.0886648
0.0905433
0.0924487
0.094411
0.0964224
0.0984355
0.100496
0.102577
0.104713
0.106914
0.109113
0.111366
0.11361
0.115925
0.118253
0.120598
0.122966
0.125276
0.127376
0.129311
0.0114502
0.0114599
0.0105667
0.00985154
0.00951365
0.00922848
0.00936321
0.0102123
0.0114083
0.0125137
0.01341
0.0141778
0.0148757
0.0155289
0.0161729
0.0168307
0.0175273
0.0182633
0.0189748
0.0196374
0.0202904
0.0209726
0.0216972
0.022445
0.0231615
0.023845
0.0245468
0.0252831
0.0260549
0.0268698
0.0277165
0.028571
0.0294283
0.0302907
0.0311593
0.0320224
0.0328671
0.0337054
0.0345566
0.0354201
0.0363076
0.0372324
0.0381797
0.0391452
0.0401242
0.0411052
0.0420898
0.0431045
0.0441499
0.0452019
0.0462264
0.0472542
0.048318
0.0494037
0.050503
0.0516603
0.0528673
0.0540827
0.0553215
0.0566023
0.0579255
0.0592427
0.060493
0.061703
0.0630296
0.0644639
0.065942
0.0674053
0.0688696
0.0703545
0.0718661
0.0733757
0.074928
0.0765356
0.0781812
0.0798472
0.0815308
0.083273
0.0850268
0.0868403
0.0886661
0.0905447
0.09245
0.0944118
0.0964228
0.0984358
0.100497
0.102578
0.104714
0.106914
0.109113
0.111365
0.113611
0.115926
0.118254
0.120599
0.122967
0.12528
0.127384
0.129316
0.0113218
0.0114553
0.0106651
0.00997689
0.00975196
0.00955138
0.00961733
0.010335
0.0114563
0.0125495
0.0134586
0.0142343
0.014927
0.0155677
0.0162012
0.0168565
0.0175558
0.0182917
0.0189982
0.0196565
0.0203102
0.0209948
0.0217173
0.0224591
0.0231731
0.02386
0.0245661
0.025303
0.0260721
0.0268835
0.0277271
0.0285794
0.0294348
0.0302952
0.0311616
0.0320233
0.0328687
0.0337088
0.0345611
0.0354247
0.036312
0.0372369
0.0381839
0.0391478
0.0401248
0.0411058
0.0420918
0.0431064
0.0441498
0.0452005
0.046226
0.0472556
0.04832
0.049406
0.0505063
0.0516637
0.0528698
0.0540846
0.0553234
0.0566032
0.0579238
0.0592389
0.0604911
0.061706
0.0630339
0.0644663
0.0659427
0.0674055
0.0688697
0.0703545
0.0718663
0.0733766
0.0749295
0.076537
0.0781822
0.0798482
0.0815319
0.0832742
0.085028
0.0868416
0.0886674
0.0905461
0.0924514
0.0944127
0.0964231
0.0984362
0.100497
0.102579
0.104714
0.106914
0.109112
0.111365
0.113611
0.115926
0.118255
0.1206
0.122969
0.125285
0.127391
0.129321
0.0111991
0.0114452
0.0107761
0.0100999
0.00996515
0.00986745
0.0098899
0.0104768
0.0115122
0.0125851
0.0135053
0.0142913
0.0149812
0.0156098
0.016232
0.016884
0.0175857
0.0183216
0.019023
0.0196766
0.0203309
0.021018
0.0217384
0.0224741
0.0231854
0.023876
0.0245863
0.0253235
0.0260899
0.0268977
0.0277383
0.0285881
0.0294416
0.0303
0.0311641
0.0320244
0.0328705
0.0337123
0.0345658
0.0354295
0.0363165
0.0372415
0.0381883
0.0391505
0.0401255
0.0411064
0.0420939
0.0431085
0.0441497
0.0451991
0.0462257
0.0472572
0.0483225
0.0494088
0.0505098
0.0516674
0.0528725
0.0540866
0.0553254
0.0566041
0.0579228
0.0592352
0.0604897
0.06171
0.0630392
0.0644691
0.0659434
0.0674055
0.0688698
0.0703545
0.0718665
0.0733777
0.0749313
0.0765385
0.0781833
0.0798492
0.0815332
0.0832755
0.0850293
0.0868429
0.0886687
0.0905475
0.0924528
0.0944137
0.0964236
0.0984365
0.100498
0.10258
0.104715
0.106914
0.109112
0.111365
0.113612
0.115927
0.118256
0.120601
0.122971
0.12529
0.127399
0.129327
0.0110845
0.0114235
0.0108977
0.0102279
0.010154
0.0101717
0.0101785
0.0106389
0.0115779
0.0126223
0.0135504
0.0143482
0.0150377
0.0156552
0.0162657
0.0169136
0.0176173
0.0183531
0.0190491
0.0196977
0.0203525
0.0210424
0.0217607
0.0224901
0.0231986
0.0238928
0.0246073
0.0253447
0.026108
0.0269124
0.0277501
0.0285975
0.0294488
0.0303051
0.031167
0.0320257
0.0328725
0.0337161
0.0345707
0.0354344
0.036321
0.0372462
0.0381929
0.0391535
0.0401263
0.0411071
0.0420961
0.0431108
0.0441497
0.0451977
0.0462255
0.0472591
0.0483252
0.0494119
0.0505137
0.0516713
0.0528753
0.0540887
0.0553273
0.056605
0.0579214
0.0592316
0.0604886
0.0617146
0.0630452
0.0644722
0.0659441
0.0674054
0.0688698
0.0703546
0.0718669
0.0733789
0.0749332
0.0765402
0.0781845
0.0798503
0.0815346
0.0832769
0.0850306
0.0868443
0.0886701
0.090549
0.0924544
0.0944148
0.096424
0.0984368
0.100499
0.102581
0.104716
0.106914
0.109112
0.111365
0.113612
0.115927
0.118257
0.120603
0.122973
0.125295
0.127408
0.129333
0.010986
0.0113851
0.0110224
0.0103678
0.0103221
0.0104589
0.0104803
0.0108218
0.0116545
0.0126629
0.0135948
0.0144046
0.0150959
0.0157035
0.0163023
0.0169457
0.0176509
0.0183863
0.0190767
0.0197198
0.0203749
0.0210679
0.0217843
0.0225072
0.0232127
0.0239104
0.0246291
0.0253664
0.0261265
0.0269276
0.0277624
0.0286073
0.0294564
0.0303106
0.0311702
0.0320274
0.0328747
0.0337201
0.0345759
0.0354394
0.0363256
0.037251
0.0381977
0.0391567
0.0401272
0.0411077
0.0420984
0.0431131
0.0441498
0.0451963
0.0462254
0.0472613
0.0483283
0.0494152
0.0505178
0.0516755
0.0528783
0.0540909
0.0553294
0.056606
0.0579201
0.0592281
0.0604877
0.0617197
0.0630516
0.0644755
0.0659447
0.0674053
0.0688697
0.0703546
0.0718673
0.0733803
0.0749354
0.076542
0.0781857
0.0798515
0.0815361
0.0832785
0.0850321
0.0868457
0.0886716
0.0905506
0.092456
0.0944161
0.0964245
0.0984372
0.100499
0.102582
0.104717
0.106914
0.109112
0.111365
0.113613
0.115928
0.118258
0.120604
0.122975
0.1253
0.127416
0.12934
0.0109145
0.0113313
0.0111391
0.0105238
0.010477
0.0107243
0.0107905
0.0110264
0.0117434
0.0127086
0.0136401
0.01446
0.0151547
0.0157542
0.0163416
0.0169805
0.0176869
0.0184214
0.0191058
0.0197431
0.0203983
0.0210945
0.0218093
0.0225255
0.0232277
0.0239288
0.0246517
0.0253887
0.0261454
0.0269432
0.0277753
0.0286177
0.0294645
0.0303165
0.0311737
0.0320294
0.0328772
0.0337244
0.0345813
0.0354446
0.0363303
0.0372559
0.0382028
0.0391601
0.0401282
0.0411085
0.0421008
0.0431156
0.0441499
0.0451949
0.0462254
0.0472637
0.0483316
0.0494188
0.0505222
0.0516799
0.0528814
0.0540932
0.0553314
0.056607
0.0579187
0.0592247
0.0604871
0.061725
0.0630582
0.0644788
0.0659454
0.0674052
0.0688697
0.0703547
0.0718678
0.0733818
0.0749376
0.0765439
0.0781869
0.0798527
0.0815377
0.0832801
0.0850336
0.0868471
0.0886731
0.0905522
0.0924578
0.0944174
0.0964251
0.0984376
0.1005
0.102583
0.104718
0.106914
0.109112
0.111365
0.113614
0.115928
0.118259
0.120606
0.122977
0.125306
0.127425
0.129347
0.0108769
0.011273
0.0112375
0.0106948
0.0106291
0.0109646
0.0111023
0.0112537
0.0118462
0.0127601
0.0136881
0.0145149
0.0152134
0.0158066
0.0163834
0.0170179
0.0177258
0.0184588
0.0191364
0.0197675
0.0204227
0.0211221
0.0218357
0.0225451
0.0232437
0.0239482
0.0246752
0.0254117
0.0261648
0.0269592
0.0277888
0.0286288
0.0294731
0.0303228
0.0311777
0.0320318
0.0328801
0.0337291
0.0345869
0.0354498
0.036335
0.0372609
0.0382081
0.0391637
0.0401293
0.0411093
0.0421033
0.0431183
0.0441502
0.0451936
0.0462256
0.0472662
0.0483349
0.0494224
0.0505267
0.0516845
0.0528847
0.0540955
0.0553335
0.056608
0.0579174
0.0592214
0.0604865
0.0617303
0.063065
0.0644823
0.0659462
0.0674051
0.0688697
0.0703549
0.0718683
0.0733833
0.0749399
0.0765459
0.0781882
0.079854
0.0815393
0.0832819
0.0850352
0.0868486
0.0886747
0.0905539
0.0924597
0.0944188
0.0964257
0.0984381
0.100501
0.102584
0.104719
0.106915
0.109112
0.111365
0.113615
0.115929
0.118261
0.120608
0.122979
0.125312
0.127435
0.129354
0.01087
0.0112253
0.0113133
0.0108721
0.0107889
0.0111815
0.0114069
0.0115033
0.0119655
0.0128173
0.0137406
0.0145707
0.0152713
0.01586
0.0164275
0.017058
0.0177675
0.018499
0.0191689
0.019793
0.0204481
0.021151
0.0218633
0.022566
0.0232608
0.0239686
0.0246996
0.0254354
0.0261848
0.0269758
0.027803
0.0286405
0.0294822
0.0303295
0.031182
0.0320345
0.0328832
0.033734
0.0345928
0.0354553
0.0363398
0.0372661
0.0382136
0.0391676
0.0401306
0.0411102
0.0421059
0.0431211
0.0441505
0.0451923
0.0462259
0.047269
0.0483384
0.0494262
0.0505314
0.0516892
0.052888
0.0540979
0.0553356
0.0566091
0.0579161
0.0592182
0.060486
0.0617355
0.0630717
0.0644857
0.065947
0.0674051
0.0688698
0.070355
0.0718689
0.0733849
0.0749423
0.0765479
0.0781896
0.0798554
0.0815411
0.0832837
0.0850369
0.0868502
0.0886763
0.0905557
0.0924616
0.0944203
0.0964264
0.0984386
0.100502
0.102585
0.10472
0.106915
0.109112
0.111365
0.113615
0.115929
0.118262
0.12061
0.122982
0.125318
0.127445
0.129362
0.0108819
0.0112003
0.0113718
0.0110439
0.0109626
0.0113828
0.0116957
0.0117707
0.012105
0.0128804
0.0137979
0.0146297
0.0153283
0.0159134
0.0164736
0.0171006
0.0178122
0.0185422
0.0192036
0.0198198
0.0204746
0.0211811
0.0218922
0.0225882
0.0232791
0.02399
0.024725
0.0254598
0.0262053
0.026993
0.0278177
0.0286528
0.0294918
0.0303367
0.0311869
0.0320377
0.0328868
0.0337393
0.0345991
0.0354609
0.0363448
0.0372714
0.0382194
0.0391717
0.0401319
0.0411111
0.0421087
0.0431241
0.044151
0.045191
0.0462263
0.0472719
0.048342
0.04943
0.0505362
0.0516941
0.0528915
0.0541003
0.0553378
0.0566102
0.0579147
0.0592151
0.0604855
0.0617407
0.0630783
0.0644893
0.0659479
0.0674051
0.0688699
0.0703553
0.0718695
0.0733865
0.0749447
0.0765499
0.0781911
0.0798569
0.081543
0.0832856
0.0850386
0.0868519
0.0886781
0.0905575
0.0924636
0.0944218
0.0964271
0.0984392
0.100503
0.102586
0.104721
0.106915
0.109112
0.111366
0.113616
0.11593
0.118263
0.120612
0.122984
0.125325
0.127455
0.12937
0.0109
0.011201
0.0114251
0.011201
0.0111471
0.0115803
0.0119649
0.0120468
0.0122681
0.0129513
0.0138588
0.0146945
0.0153855
0.0159655
0.016521
0.0171456
0.0178596
0.0185885
0.0192412
0.0198481
0.020502
0.0212126
0.0219226
0.0226116
0.0232986
0.0240127
0.0247514
0.025485
0.0262264
0.0270107
0.0278332
0.0286659
0.0295021
0.0303444
0.0311922
0.0320413
0.0328907
0.0337449
0.0346056
0.0354668
0.0363499
0.0372769
0.0382254
0.0391761
0.0401334
0.0411121
0.0421116
0.0431273
0.0441515
0.0451898
0.0462268
0.0472749
0.0483458
0.0494338
0.0505411
0.0516992
0.052895
0.0541028
0.0553401
0.0566113
0.0579135
0.0592122
0.0604852
0.0617457
0.0630848
0.0644928
0.0659489
0.0674051
0.06887
0.0703556
0.0718701
0.0733882
0.0749471
0.076552
0.0781926
0.0798584
0.0815449
0.0832876
0.0850404
0.0868536
0.0886799
0.0905594
0.0924656
0.0944234
0.0964278
0.0984398
0.100504
0.102587
0.104722
0.106916
0.109112
0.111366
0.113617
0.115931
0.118265
0.120614
0.122987
0.125331
0.127466
0.129379
0.0109173
0.0112201
0.0114851
0.0113417
0.0113307
0.011784
0.012219
0.0123205
0.0124546
0.013035
0.0139216
0.0147658
0.0154458
0.0160155
0.0165684
0.0171931
0.0179098
0.018638
0.0192817
0.0198785
0.0205304
0.0212453
0.0219547
0.0226363
0.0233192
0.0240366
0.024779
0.0255111
0.0262481
0.0270291
0.0278495
0.0286796
0.0295129
0.0303527
0.031198
0.0320454
0.032895
0.0337509
0.0346125
0.0354728
0.0363551
0.0372826
0.0382318
0.0391808
0.040135
0.0411132
0.0421147
0.0431307
0.0441522
0.0451886
0.0462274
0.0472782
0.0483496
0.0494377
0.0505461
0.0517044
0.0528986
0.0541054
0.0553424
0.0566126
0.0579122
0.0592094
0.0604849
0.0617507
0.0630913
0.0644964
0.06595
0.0674052
0.0688702
0.0703559
0.0718708
0.0733899
0.0749496
0.0765542
0.0781942
0.07986
0.0815469
0.0832896
0.0850423
0.0868554
0.0886818
0.0905614
0.0924678
0.094425
0.0964286
0.0984404
0.100505
0.102588
0.104723
0.106916
0.109112
0.111366
0.113618
0.115932
0.118266
0.120617
0.12299
0.125338
0.127478
0.129388
0.0109341
0.0112485
0.0115584
0.0114748
0.0115016
0.0119942
0.0124687
0.0125838
0.0126577
0.0131374
0.0139867
0.0148419
0.0155126
0.0160644
0.0166142
0.0172425
0.0179632
0.0186905
0.019325
0.0199112
0.0205603
0.0212793
0.0219886
0.0226624
0.0233406
0.0240617
0.024808
0.0255381
0.0262703
0.0270481
0.0278666
0.0286942
0.0295245
0.0303615
0.0312044
0.0320499
0.0328997
0.0337573
0.0346197
0.0354792
0.0363604
0.0372884
0.0382384
0.0391857
0.0401368
0.0411144
0.042118
0.0431343
0.0441531
0.0451876
0.0462282
0.0472816
0.0483535
0.0494416
0.0505512
0.0517098
0.0529024
0.054108
0.0553448
0.0566138
0.0579111
0.0592067
0.0604847
0.0617555
0.0630977
0.0645001
0.0659512
0.0674053
0.0688705
0.0703564
0.0718716
0.0733916
0.0749521
0.0765564
0.0781958
0.0798617
0.081549
0.0832917
0.0850443
0.0868572
0.0886837
0.0905635
0.09247
0.0944267
0.0964295
0.0984411
0.100506
0.10259
0.104724
0.106916
0.109112
0.111366
0.113619
0.115932
0.118268
0.120619
0.122994
0.125346
0.12749
0.129397
0.0109524
0.0112801
0.0116428
0.0116133
0.0116549
0.0121988
0.0127246
0.0128388
0.0128659
0.0132613
0.0140589
0.0149196
0.0155874
0.0161152
0.0166569
0.0172925
0.0180197
0.0187464
0.019371
0.0199463
0.0205924
0.0213147
0.0220241
0.0226901
0.0233629
0.0240877
0.0248385
0.0255663
0.0262931
0.0270676
0.0278844
0.0287096
0.0295366
0.030371
0.0312114
0.032055
0.0329049
0.0337641
0.0346273
0.0354858
0.036366
0.0372944
0.0382453
0.039191
0.0401388
0.0411156
0.0421214
0.0431381
0.044154
0.0451865
0.0462291
0.0472852
0.0483574
0.0494455
0.0505564
0.0517153
0.0529062
0.0541107
0.0553473
0.0566152
0.05791
0.0592042
0.0604846
0.0617603
0.0631039
0.0645037
0.0659524
0.0674056
0.0688709
0.0703569
0.0718724
0.0733934
0.0749547
0.0765586
0.0781976
0.0798635
0.0815512
0.0832939
0.0850463
0.0868591
0.0886857
0.0905657
0.0924722
0.0944284
0.0964304
0.0984419
0.100507
0.102591
0.104725
0.106917
0.109112
0.111367
0.11362
0.115933
0.118269
0.120622
0.122997
0.125353
0.127502
0.129407
0.0109716
0.0113127
0.011729
0.0117674
0.0117998
0.0123827
0.0129887
0.0130967
0.0130687
0.0134017
0.0141455
0.0149977
0.0156685
0.0161719
0.0166971
0.0173409
0.0180789
0.018806
0.01942
0.0199832
0.0206266
0.0213525
0.0220613
0.0227196
0.0233864
0.0241145
0.0248703
0.0255959
0.0263166
0.0270876
0.0279031
0.028726
0.0295496
0.030381
0.0312191
0.0320607
0.0329106
0.0337714
0.0346353
0.0354926
0.0363717
0.0373006
0.0382525
0.0391966
0.040141
0.0411169
0.0421249
0.0431422
0.0441551
0.0451856
0.0462302
0.0472891
0.0483616
0.0494493
0.0505616
0.051721
0.0529102
0.0541135
0.0553498
0.0566166
0.057909
0.0592018
0.0604846
0.061765
0.06311
0.0645075
0.0659538
0.0674058
0.0688713
0.0703575
0.0718733
0.0733953
0.0749573
0.076561
0.0781994
0.0798653
0.0815534
0.0832962
0.0850484
0.0868611
0.0886878
0.0905679
0.0924746
0.0944302
0.0964313
0.0984427
0.100508
0.102592
0.104727
0.106917
0.109112
0.111367
0.113621
0.115934
0.118271
0.120626
0.123001
0.125361
0.127515
0.129418
0.0109895
0.0113459
0.0118071
0.0119368
0.0119535
0.0125375
0.0132478
0.0133708
0.0132664
0.0135469
0.014251
0.0150806
0.0157522
0.0162369
0.0167376
0.0173858
0.0181396
0.0188696
0.0194726
0.0200219
0.0206625
0.0213931
0.0221007
0.0227505
0.0234111
0.0241419
0.0249031
0.0256272
0.0263412
0.027108
0.0279224
0.0287434
0.0295635
0.0303918
0.0312273
0.032067
0.0329168
0.0337791
0.0346438
0.0354999
0.0363776
0.037307
0.0382601
0.0392026
0.0401433
0.0411184
0.0421287
0.0431466
0.0441565
0.0451848
0.0462314
0.0472932
0.0483658
0.0494532
0.050567
0.0517268
0.0529142
0.0541163
0.0553525
0.0566182
0.0579081
0.0591996
0.0604848
0.0617697
0.063116
0.0645112
0.0659552
0.0674062
0.0688718
0.0703581
0.0718743
0.0733972
0.07496
0.0765634
0.0782013
0.0798673
0.0815558
0.0832986
0.0850506
0.0868632
0.08869
0.0905703
0.0924769
0.094432
0.0964323
0.0984436
0.100509
0.102593
0.104728
0.106917
0.109112
0.111367
0.113623
0.115936
0.118273
0.120629
0.123005
0.125369
0.127528
0.129429
0.0110059
0.01138
0.0118714
0.012111
0.0121313
0.0126696
0.0134815
0.0136664
0.0134726
0.0136846
0.0143712
0.0151762
0.0158366
0.0163089
0.0167823
0.0174274
0.0181998
0.018937
0.0195292
0.0200628
0.0206993
0.0214365
0.0221434
0.0227828
0.0234369
0.0241705
0.0249367
0.0256598
0.0263672
0.0271292
0.0279423
0.0287616
0.0295783
0.0304033
0.0312362
0.032074
0.0329236
0.0337872
0.0346526
0.0355075
0.0363837
0.0373136
0.0382679
0.039209
0.040146
0.04112
0.0421326
0.0431512
0.044158
0.045184
0.0462328
0.0472975
0.0483702
0.0494571
0.0505724
0.0517328
0.0529184
0.0541192
0.0553552
0.0566198
0.0579074
0.0591977
0.060485
0.0617742
0.0631219
0.064515
0.0659568
0.0674066
0.0688724
0.0703589
0.0718753
0.0733991
0.0749628
0.0765658
0.0782033
0.0798693
0.0815582
0.083301
0.0850528
0.0868654
0.0886922
0.0905727
0.0924794
0.0944339
0.0964333
0.0984446
0.10051
0.102595
0.104729
0.106918
0.109113
0.111368
0.113624
0.115937
0.118275
0.120633
0.12301
0.125378
0.127542
0.129441
0.0110257
0.0114151
0.0119205
0.0122754
0.0123401
0.0127991
0.0136732
0.0139707
0.0137045
0.0138129
0.0144939
0.0152903
0.0159255
0.0163841
0.0168334
0.0174675
0.0182579
0.0190073
0.0195897
0.0201065
0.020737
0.0214818
0.0221905
0.0228175
0.0234632
0.0242002
0.0249714
0.0256934
0.0263947
0.0271513
0.0279628
0.0287808
0.0295942
0.0304157
0.0312459
0.0320816
0.032931
0.033796
0.0346619
0.0355154
0.0363901
0.0373203
0.0382761
0.0392157
0.0401488
0.0411217
0.0421367
0.0431561
0.0441598
0.0451834
0.0462343
0.0473021
0.0483747
0.049461
0.0505779
0.0517389
0.0529227
0.0541221
0.055358
0.0566215
0.0579068
0.0591959
0.0604855
0.0617787
0.0631277
0.0645188
0.0659585
0.0674072
0.0688731
0.0703597
0.0718764
0.0734012
0.0749655
0.0765684
0.0782054
0.0798715
0.0815607
0.0833035
0.0850552
0.0868676
0.0886945
0.0905753
0.0924819
0.0944359
0.0964345
0.0984456
0.100512
0.102596
0.104731
0.106918
0.109113
0.111368
0.113625
0.115938
0.118277
0.120637
0.123014
0.125386
0.127557
0.129453
0.0110582
0.0114532
0.0119553
0.0124172
0.0125744
0.0129489
0.0138207
0.0142586
0.013973
0.0139468
0.0146048
0.0154191
0.0160274
0.0164615
0.01689
0.0175086
0.0183137
0.0190798
0.0196539
0.020153
0.0207762
0.0215283
0.0222415
0.022856
0.0234897
0.0242304
0.0250077
0.0257279
0.0264232
0.0271748
0.027984
0.0288007
0.029611
0.030429
0.0312563
0.0320899
0.0329391
0.0338053
0.0346717
0.0355238
0.0363968
0.0373273
0.0382846
0.0392228
0.0401519
0.0411235
0.042141
0.0431613
0.0441619
0.045183
0.0462359
0.0473069
0.0483794
0.049465
0.0505835
0.0517452
0.0529271
0.0541251
0.0553609
0.0566234
0.0579063
0.0591944
0.060486
0.061783
0.0631333
0.0645227
0.0659602
0.0674078
0.0688738
0.0703607
0.0718775
0.0734032
0.0749684
0.0765709
0.0782076
0.0798737
0.0815634
0.0833061
0.0850576
0.08687
0.0886969
0.0905779
0.0924845
0.0944379
0.0964356
0.0984467
0.100513
0.102598
0.104732
0.106919
0.109113
0.111369
0.113627
0.11594
0.118279
0.120641
0.12302
0.125395
0.127571
0.129466
0.0111147
0.0115018
0.0119784
0.0125267
0.0128187
0.0131378
0.0139416
0.0145055
0.0142696
0.0141069
0.0146999
0.0155498
0.0161479
0.0165453
0.0169497
0.0175512
0.0183676
0.0191545
0.0197219
0.0202015
0.0208173
0.0215761
0.0222956
0.0228994
0.0235177
0.0242602
0.0250458
0.0257639
0.0264522
0.0271995
0.0280066
0.0288213
0.0296287
0.0304433
0.0312677
0.0320989
0.0329477
0.0338152
0.034682
0.0355325
0.0364038
0.0373346
0.0382934
0.0392304
0.0401553
0.0411255
0.0421456
0.0431669
0.0441642
0.0451827
0.0462377
0.047312
0.0483842
0.0494689
0.0505891
0.0517517
0.0529317
0.0541282
0.0553639
0.0566254
0.057906
0.0591931
0.0604868
0.0617873
0.0631388
0.0645266
0.0659621
0.0674085
0.0688747
0.0703618
0.0718788
0.0734054
0.0749713
0.0765736
0.0782099
0.079876
0.0815661
0.0833088
0.0850601
0.0868724
0.0886994
0.0905806
0.0924872
0.09444
0.0964369
0.0984479
0.100515
0.102599
0.104734
0.106919
0.109114
0.11137
0.113628
0.115942
0.118281
0.120646
0.123025
0.125405
0.127587
0.12948
0.0112034
0.011574
0.0119992
0.0125978
0.0130518
0.0133719
0.0140623
0.0146981
0.0145685
0.0143096
0.014793
0.0156675
0.0162834
0.0166437
0.0170134
0.0175938
0.0184188
0.0192319
0.0197953
0.0202509
0.0208593
0.0216264
0.022352
0.0229473
0.0235489
0.0242892
0.0250846
0.0258024
0.0264818
0.0272248
0.0280308
0.0288431
0.0296472
0.0304585
0.03128
0.0321088
0.032957
0.0338257
0.0346929
0.0355417
0.0364111
0.0373421
0.0383027
0.0392385
0.040159
0.0411276
0.0421503
0.0431729
0.0441669
0.0451825
0.0462397
0.0473174
0.0483893
0.0494728
0.0505948
0.0517583
0.0529363
0.0541313
0.055367
0.0566275
0.0579059
0.059192
0.0604877
0.0617916
0.0631441
0.0645305
0.0659641
0.0674093
0.0688757
0.070363
0.0718801
0.0734076
0.0749743
0.0765764
0.0782123
0.0798785
0.0815689
0.0833116
0.0850627
0.0868749
0.088702
0.0905835
0.0924899
0.0944422
0.0964382
0.0984491
0.100516
0.102601
0.104735
0.10692
0.109114
0.11137
0.113629
0.115944
0.118284
0.12065
0.123031
0.125414
0.127603
0.129494
0.0113224
0.0116834
0.0120344
0.0126319
0.0132518
0.0136428
0.0142102
0.0148446
0.014841
0.0145518
0.0149059
0.0157674
0.0164209
0.0167608
0.0170875
0.0176365
0.0184643
0.0193107
0.019877
0.0203016
0.0208995
0.0216798
0.022412
0.0229982
0.0235841
0.0243189
0.0251228
0.0258433
0.026513
0.02725
0.0280564
0.0288668
0.0296664
0.0304743
0.0312933
0.0321197
0.0329671
0.0338369
0.0347044
0.0355514
0.0364187
0.0373498
0.0383123
0.0392471
0.0401631
0.0411298
0.0421552
0.0431793
0.0441701
0.0451824
0.0462418
0.0473231
0.0483945
0.0494767
0.0506005
0.051765
0.0529411
0.0541345
0.0553702
0.0566298
0.057906
0.0591912
0.0604888
0.0617958
0.0631493
0.0645344
0.0659662
0.0674103
0.0688769
0.0703643
0.0718815
0.0734099
0.0749773
0.0765792
0.0782148
0.0798811
0.0815719
0.0833145
0.0850654
0.0868776
0.0887047
0.0905864
0.0924927
0.0944444
0.0964396
0.0984505
0.100518
0.102603
0.104737
0.106921
0.109115
0.111371
0.113631
0.115946
0.118286
0.120655
0.123038
0.125424
0.127619
0.129509
0.011458
0.0118364
0.012104
0.0126423
0.0133996
0.013929
0.0144053
0.0149696
0.0150663
0.0148104
0.0150564
0.0158625
0.0165465
0.0168908
0.0171798
0.0176844
0.0185014
0.0193863
0.0199698
0.0203577
0.0209346
0.021734
0.022478
0.023052
0.023622
0.024351
0.0251607
0.0258855
0.0265468
0.0272751
0.0280824
0.0288928
0.0296869
0.0304906
0.0313075
0.0321316
0.032978
0.0338486
0.0347165
0.0355618
0.0364266
0.0373576
0.0383223
0.0392563
0.0401677
0.0411322
0.0421602
0.043186
0.0441737
0.0451825
0.0462439
0.0473291
0.0484
0.0494806
0.0506062
0.051772
0.0529461
0.0541378
0.0553734
0.0566323
0.0579063
0.0591907
0.06049
0.0617999
0.0631544
0.0645383
0.0659684
0.0674113
0.0688781
0.0703657
0.071883
0.0734122
0.0749804
0.0765821
0.0782174
0.0798837
0.0815749
0.0833175
0.0850681
0.0868803
0.0887075
0.0905895
0.0924956
0.0944467
0.096441
0.0984519
0.100519
0.102604
0.104739
0.106921
0.109115
0.111372
0.113632
0.115948
0.118289
0.120661
0.123044
0.125434
0.127636
0.129525
0.0115911
0.0120281
0.012226
0.0126547
0.0134858
0.0142008
0.0146532
0.0151025
0.0152439
0.0150563
0.0152444
0.0159742
0.0166566
0.0170196
0.0172923
0.0177477
0.0185316
0.0194506
0.0200729
0.0204265
0.0209637
0.0217837
0.0225518
0.0231112
0.0236606
0.0243857
0.0251999
0.0259277
0.0265829
0.0273015
0.028108
0.0289207
0.0297097
0.0305073
0.0313223
0.0321447
0.0329898
0.033861
0.0347293
0.0355729
0.036435
0.0373656
0.0383327
0.0392662
0.0401727
0.0411347
0.0421653
0.0431932
0.0441778
0.0451829
0.0462461
0.0473354
0.0484059
0.0494845
0.0506119
0.0517791
0.0529512
0.0541411
0.0553768
0.0566349
0.0579069
0.0591904
0.0604915
0.061804
0.0631593
0.0645423
0.0659708
0.0674124
0.0688795
0.0703673
0.0718846
0.0734146
0.0749836
0.0765851
0.07822
0.0798866
0.0815781
0.0833207
0.085071
0.0868832
0.0887103
0.0905927
0.0924985
0.094449
0.0964426
0.0984534
0.100521
0.102606
0.104741
0.106922
0.109116
0.111374
0.113634
0.115951
0.118292
0.120666
0.123052
0.125445
0.127653
0.129541
0.0117004
0.012244
0.0124074
0.0126988
0.0135185
0.0144258
0.0149409
0.0152716
0.0153927
0.0152664
0.0154483
0.0161201
0.0167663
0.0171335
0.0174145
0.0178359
0.0185649
0.0194968
0.020178
0.0205151
0.0209924
0.0218219
0.0226311
0.0231808
0.0236993
0.0244205
0.0252426
0.0259707
0.0266199
0.0273298
0.0281335
0.0289494
0.0297354
0.0305252
0.0313371
0.0321588
0.0330028
0.0338742
0.0347426
0.0355846
0.0364439
0.0373737
0.0383433
0.0392766
0.0401783
0.0411375
0.0421706
0.0432008
0.0441825
0.0451836
0.0462485
0.047342
0.048412
0.0494885
0.0506177
0.0517863
0.0529565
0.0541446
0.0553802
0.0566378
0.0579077
0.0591904
0.0604931
0.0618081
0.0631642
0.0645463
0.0659733
0.0674137
0.068881
0.070369
0.0718863
0.0734165
0.0749868
0.0765882
0.0782228
0.0798895
0.0815814
0.0833239
0.085074
0.0868862
0.0887133
0.0905959
0.0925015
0.0944514
0.0964443
0.098455
0.100523
0.102608
0.104742
0.106923
0.109117
0.111375
0.113636
0.115954
0.118295
0.120672
0.12306
0.125456
0.127671
0.129558
0.0117664
0.0124652
0.012642
0.0127997
0.0135254
0.0145795
0.0152387
0.0154945
0.0155398
0.0154358
0.0156401
0.0162989
0.0168989
0.0172319
0.0175287
0.0179488
0.0186167
0.0195263
0.0202716
0.0206254
0.0210318
0.0218443
0.0227081
0.023265
0.0237417
0.0244516
0.0252886
0.0260175
0.0266568
0.0273594
0.0281601
0.0289782
0.0297635
0.0305454
0.031352
0.0321733
0.0330171
0.0338883
0.0347567
0.035597
0.0364534
0.0373822
0.0383541
0.0392877
0.0401845
0.0411405
0.0421759
0.0432088
0.0441877
0.0451845
0.0462509
0.0473489
0.0484184
0.0494925
0.0506234
0.0517937
0.052962
0.0541481
0.0553836
0.0566408
0.0579089
0.0591907
0.0604949
0.0618122
0.0631689
0.0645503
0.0659759
0.0674151
0.0688827
0.0703709
0.0718881
0.0734191
0.0749901
0.0765914
0.0782258
0.0798925
0.0815848
0.0833272
0.085077
0.0868892
0.0887164
0.0905993
0.0925046
0.0944539
0.096446
0.0984567
0.100525
0.102609
0.104744
0.106924
0.109118
0.111377
0.113637
0.115957
0.118298
0.120678
0.123068
0.125467
0.127689
0.129576
0.0117749
0.0126697
0.0129142
0.0129692
0.0135415
0.0146579
0.0155103
0.0157696
0.0157147
0.0155797
0.0157961
0.016487
0.0170728
0.0173347
0.0176189
0.0180707
0.0187006
0.0195531
0.020341
0.0207474
0.0210948
0.0218553
0.0227716
0.0233633
0.0237953
0.0244771
0.025334
0.0260711
0.026695
0.0273879
0.0281884
0.0290079
0.0297927
0.0305684
0.0313678
0.0321876
0.0330325
0.0339036
0.0347714
0.0356101
0.0364636
0.0373909
0.0383653
0.0392993
0.0401915
0.0411438
0.0421814
0.0432173
0.0441935
0.0451857
0.0462534
0.0473561
0.0484251
0.0494965
0.0506291
0.0518013
0.0529678
0.0541517
0.0553872
0.0566441
0.0579103
0.0591913
0.0604969
0.0618163
0.0631735
0.0645543
0.0659786
0.0674166
0.0688846
0.0703729
0.07189
0.0734217
0.0749935
0.0765946
0.0782288
0.0798957
0.0815884
0.0833306
0.0850801
0.0868925
0.0887196
0.0906028
0.0925078
0.0944565
0.0964479
0.0984586
0.100527
0.102611
0.104746
0.106925
0.109119
0.111378
0.113639
0.11596
0.118302
0.120684
0.123078
0.125479
0.127707
0.129594
0.011722
0.0128337
0.0132043
0.0132043
0.0135984
0.0146816
0.0157225
0.0160735
0.0159396
0.015724
0.0159108
0.0166533
0.0172859
0.0174707
0.0176852
0.0181774
0.0188167
0.0195991
0.0203847
0.0208623
0.0211883
0.0218695
0.0228123
0.023467
0.023868
0.0245001
0.0253727
0.0261316
0.0267387
0.0274142
0.0282167
0.0290398
0.0298228
0.0305936
0.0313857
0.0322018
0.0330482
0.0339204
0.0347871
0.0356239
0.0364743
0.0374
0.0383767
0.0393115
0.0401992
0.0411474
0.0421869
0.0432262
0.0442001
0.0451871
0.046256
0.0473638
0.0484323
0.0495006
0.0506348
0.051809
0.0529737
0.0541554
0.0553908
0.0566476
0.057912
0.0591922
0.0604992
0.0618203
0.063178
0.0645584
0.0659816
0.0674183
0.0688866
0.0703751
0.0718921
0.0734244
0.074997
0.0765981
0.0782319
0.079899
0.0815921
0.0833341
0.0850834
0.0868958
0.0887229
0.0906064
0.0925111
0.0944591
0.0964498
0.0984605
0.100529
0.102613
0.104748
0.106926
0.10912
0.11138
0.113641
0.115963
0.118306
0.120691
0.123087
0.125491
0.127726
0.129613
0.0116205
0.0129365
0.0134892
0.0134926
0.0137167
0.0146834
0.0158587
0.0163719
0.0162187
0.0158977
0.0160001
0.0167716
0.0175109
0.0176634
0.0177523
0.0182468
0.0189443
0.0196837
0.02042
0.0209515
0.0213026
0.0219048
0.0228313
0.0235616
0.0239628
0.0245297
0.0254005
0.0261945
0.0267924
0.0274401
0.0282417
0.0290743
0.0298552
0.0306198
0.031406
0.0322168
0.0330635
0.0339382
0.0348042
0.0356386
0.0364857
0.0374095
0.0383884
0.0393244
0.0402076
0.0411514
0.0421925
0.0432357
0.0442075
0.0451888
0.0462584
0.0473718
0.0484399
0.0495046
0.0506404
0.051817
0.0529799
0.0541591
0.0553946
0.0566514
0.057914
0.0591934
0.0605017
0.0618244
0.0631823
0.0645625
0.0659846
0.0674201
0.0688888
0.0703774
0.0718942
0.0734272
0.0750007
0.0766016
0.0782352
0.0799025
0.0815959
0.0833378
0.0850868
0.0868993
0.0887264
0.0906101
0.0925145
0.0944618
0.0964519
0.0984625
0.100531
0.102615
0.10475
0.106928
0.109121
0.111382
0.113643
0.115967
0.118311
0.120698
0.123098
0.125504
0.127745
0.129633
0.0115
0.0129692
0.0137425
0.0138156
0.013904
0.0146966
0.0159248
0.0166308
0.0165349
0.0161233
0.0160919
0.016834
0.0177112
0.0179138
0.0178553
0.0182767
0.0190524
0.019809
0.0204746
0.02101
0.0214148
0.021973
0.0228446
0.023633
0.024072
0.0245769
0.0254187
0.0262523
0.0268577
0.0274707
0.0282615
0.0291088
0.0298918
0.0306474
0.0314278
0.0322339
0.0330785
0.0339561
0.034823
0.0356543
0.0364975
0.0374193
0.0384006
0.0393379
0.0402167
0.0411556
0.0421982
0.0432458
0.0442158
0.0451909
0.0462606
0.0473801
0.0484482
0.0495088
0.0506458
0.0518252
0.0529863
0.0541629
0.0553984
0.0566554
0.0579163
0.0591949
0.0605044
0.0618286
0.0631867
0.0645666
0.0659879
0.067422
0.0688911
0.0703799
0.0718965
0.0734301
0.0750044
0.0766052
0.0782385
0.0799061
0.0815999
0.0833416
0.0850902
0.086903
0.0887299
0.0906139
0.0925179
0.0944646
0.0964541
0.0984647
0.100533
0.102618
0.104753
0.106929
0.109122
0.111385
0.113645
0.115971
0.118316
0.120704
0.123108
0.125517
0.127764
0.129654
0.0113936
0.0129421
0.0139402
0.0141491
0.0141574
0.0147493
0.0159429
0.016828
0.0168596
0.0164062
0.0162167
0.0168565
0.017853
0.0181936
0.0180264
0.0182934
0.0191119
0.0199505
0.0205732
0.0210571
0.021501
0.0220663
0.0228741
0.0236782
0.0241793
0.0246484
0.0254361
0.0262981
0.0269306
0.0275116
0.0282776
0.0291394
0.0299327
0.030678
0.0314499
0.032253
0.0330945
0.0339734
0.0348431
0.035672
0.0365101
0.0374292
0.038413
0.0393524
0.0402268
0.04116
0.0422038
0.0432564
0.0442251
0.0451934
0.0462627
0.0473886
0.0484572
0.0495133
0.050651
0.0518335
0.0529932
0.0541668
0.0554022
0.0566598
0.0579191
0.0591966
0.0605073
0.0618329
0.0631909
0.0645707
0.0659913
0.0674242
0.0688937
0.0703826
0.0718988
0.073433
0.0750082
0.076609
0.078242
0.0799098
0.081604
0.0833454
0.0850938
0.0869067
0.0887336
0.0906178
0.0925215
0.0944674
0.0964564
0.098467
0.100536
0.10262
0.104755
0.106931
0.109124
0.111387
0.113647
0.115974
0.118321
0.120712
0.12312
0.125531
0.127783
0.129675
0.0113269
0.0128831
0.0140719
0.0144639
0.0144626
0.0148606
0.0159406
0.0169573
0.017163
0.0167327
0.0163986
0.0168705
0.0179203
0.0184614
0.0182757
0.0183377
0.019116
0.020072
0.02072
0.021125
0.0215532
0.0221581
0.0229365
0.0237135
0.0242672
0.0247398
0.0254651
0.0263307
0.0270036
0.0275659
0.0282948
0.0291635
0.0299756
0.030714
0.0314724
0.0322727
0.0331125
0.0339902
0.0348632
0.035692
0.0365239
0.037439
0.0384255
0.0393678
0.040238
0.0411645
0.0422093
0.0432678
0.0442355
0.0451965
0.0462646
0.0473971
0.0484668
0.0495181
0.050656
0.0518419
0.0530005
0.0541707
0.0554061
0.0566645
0.0579222
0.0591985
0.0605104
0.0618372
0.0631952
0.0645748
0.0659948
0.0674264
0.0688965
0.0703855
0.0719013
0.073436
0.0750121
0.076613
0.0782456
0.0799137
0.0816083
0.0833495
0.0850975
0.0869107
0.0887375
0.0906218
0.0925251
0.0944704
0.0964588
0.0984694
0.100538
0.102622
0.104757
0.106933
0.109125
0.11139
0.11365
0.115979
0.118327
0.120719
0.123131
0.125545
0.127803
0.129696
0.011308
0.012823
0.0141477
0.0147363
0.0147951
0.0150389
0.0159483
0.0170265
0.017422
0.0170782
0.0166455
0.0169106
0.0179229
0.0186748
0.0185792
0.0184492
0.0190902
0.0201388
0.0208887
0.021243
0.021592
0.0222201
0.0230241
0.0237641
0.0243298
0.0248341
0.0255155
0.0263565
0.0270692
0.0276319
0.0283183
0.0291812
0.0300168
0.0307562
0.0314978
0.032292
0.0331323
0.034008
0.0348824
0.0357134
0.0365401
0.0374489
0.0384376
0.0393842
0.0402506
0.0411693
0.0422141
0.0432795
0.0442474
0.0452003
0.0462663
0.0474055
0.048477
0.0495233
0.0506609
0.0518503
0.0530081
0.0541749
0.0554099
0.0566694
0.0579258
0.0592009
0.0605137
0.0618416
0.0631994
0.0645791
0.0659985
0.0674288
0.0688994
0.0703886
0.071904
0.0734391
0.0750162
0.076617
0.0782493
0.0799176
0.0816128
0.0833536
0.0851014
0.0869148
0.0887415
0.090626
0.0925288
0.0944734
0.0964613
0.0984721
0.100541
0.102625
0.104759
0.106935
0.109127
0.111393
0.113653
0.115983
0.118334
0.120727
0.123143
0.12556
0.127823
0.129718
0.01133
0.0127821
0.0141902
0.0149566
0.0151262
0.0152779
0.0159933
0.0170541
0.0176236
0.0174176
0.0169475
0.0170063
0.0178925
0.0188069
0.0188944
0.0186479
0.0190761
0.020139
0.0210404
0.0214178
0.021654
0.0222408
0.0231066
0.0238493
0.0243834
0.024912
0.0255853
0.0263877
0.0271232
0.0277047
0.028352
0.029195
0.0300534
0.0308026
0.0315279
0.032311
0.0331526
0.0340278
0.0349011
0.035735
0.036559
0.0374598
0.0384489
0.0394014
0.0402652
0.0411748
0.0422184
0.0432913
0.0442606
0.045205
0.0462676
0.047414
0.0484878
0.049529
0.0506658
0.0518588
0.053016
0.0541791
0.0554139
0.0566746
0.0579299
0.0592036
0.0605172
0.0618461
0.0632036
0.0645835
0.0660024
0.0674313
0.0689025
0.0703919
0.0719068
0.0734423
0.0750204
0.0766213
0.0782531
0.0799218
0.0816174
0.0833578
0.0851053
0.086919
0.0887456
0.0906302
0.0925326
0.0944766
0.096464
0.0984748
0.100543
0.102627
0.104761
0.106937
0.109129
0.111396
0.113656
0.115987
0.118341
0.120735
0.123156
0.125575
0.127842
0.129741
0.0113867
0.0127652
0.0142199
0.015132
0.015433
0.0155574
0.0160924
0.0170648
0.0177642
0.0177273
0.0172825
0.0171717
0.0178673
0.0188562
0.0191753
0.0189213
0.0191165
0.0200935
0.0211365
0.0216227
0.0217739
0.0222436
0.0231512
0.0239623
0.0244558
0.0249653
0.0256585
0.026435
0.0271688
0.0277775
0.028398
0.0292083
0.0300845
0.0308516
0.0315634
0.0323311
0.0331725
0.0340497
0.0349205
0.0357555
0.0365799
0.0374727
0.0384593
0.0394185
0.0402817
0.0411813
0.0422221
0.0433031
0.0442753
0.045211
0.0462687
0.0474222
0.0484994
0.0495351
0.0506705
0.0518677
0.0530243
0.0541834
0.0554179
0.0566801
0.0579343
0.0592065
0.0605209
0.0618506
0.0632078
0.064588
0.0660066
0.067434
0.0689058
0.0703954
0.0719097
0.0734455
0.0750247
0.0766257
0.078257
0.079926
0.0816222
0.0833622
0.0851094
0.0869234
0.0887499
0.0906346
0.0925365
0.0944798
0.0964667
0.0984778
0.100546
0.10263
0.104764
0.106939
0.109131
0.111399
0.113659
0.115992
0.118348
0.120743
0.123169
0.125591
0.127863
0.129763
0.0114778
0.0127713
0.0142464
0.0152752
0.0157058
0.0158527
0.0162469
0.0170849
0.0178517
0.0179896
0.0176249
0.0174028
0.0178834
0.0188465
0.0193866
0.019233
0.019239
0.020042
0.0211594
0.0218154
0.0219604
0.0222687
0.0231436
0.0240697
0.0245699
0.0250105
0.0257148
0.026499
0.0272155
0.0278441
0.0284551
0.0292244
0.0301087
0.030902
0.0316045
0.032353
0.033192
0.0340732
0.0349415
0.0357752
0.0366015
0.0374885
0.0384699
0.0394351
0.0402999
0.0411891
0.0422253
0.0433144
0.0442912
0.0452185
0.0462697
0.0474299
0.0485118
0.0495417
0.0506747
0.0518767
0.0530332
0.0541876
0.0554219
0.056686
0.0579392
0.0592098
0.0605248
0.0618552
0.0632119
0.0645926
0.0660111
0.0674369
0.0689092
0.0703991
0.0719129
0.0734489
0.0750292
0.0766303
0.078261
0.0799303
0.0816272
0.0833667
0.0851136
0.086928
0.0887543
0.0906391
0.0925405
0.0944832
0.0964696
0.098481
0.100549
0.102633
0.104766
0.106942
0.109133
0.111402
0.113663
0.115996
0.118356
0.120752
0.123182
0.125608
0.127883
0.129786
0.0116014
0.0128024
0.0142717
0.0153948
0.0159467
0.0161455
0.0164464
0.0171358
0.0179045
0.0181961
0.0179504
0.0176797
0.0179619
0.0188144
0.0195142
0.0195394
0.0194433
0.0200276
0.0211261
0.0219557
0.0221872
0.0223542
0.0231052
0.024133
0.0247201
0.0250778
0.0257448
0.0265654
0.0272742
0.0279042
0.0285193
0.0292482
0.0301246
0.0309511
0.0316525
0.0323762
0.0332106
0.0340985
0.0349648
0.0357946
0.0366223
0.0375063
0.038482
0.039451
0.0403193
0.0411989
0.0422284
0.0433251
0.0443081
0.0452274
0.0462708
0.0474371
0.0485249
0.0495493
0.0506786
0.0518856
0.0530428
0.054192
0.0554256
0.0566921
0.0579446
0.0592133
0.0605289
0.0618601
0.0632161
0.0645972
0.0660158
0.0674401
0.0689128
0.0704029
0.0719162
0.0734524
0.0750338
0.0766351
0.0782652
0.0799348
0.0816323
0.0833713
0.0851179
0.0869328
0.0887589
0.0906438
0.0925445
0.0944868
0.0964726
0.0984844
0.100552
0.102636
0.104769
0.106944
0.109136
0.111405
0.113667
0.116001
0.118364
0.120762
0.123195
0.125626
0.127903
0.129809
0.0117457
0.0128616
0.0143004
0.0154959
0.0161616
0.0164277
0.0166768
0.0172274
0.0179451
0.0183498
0.0182414
0.0179779
0.0181049
0.0187971
0.0195679
0.0197987
0.0197025
0.0200805
0.0210731
0.0220251
0.0224127
0.0225151
0.0230792
0.0241311
0.0248708
0.0251931
0.025763
0.0266141
0.0273475
0.0279641
0.028585
0.0292842
0.0301344
0.0309942
0.0317098
0.0324029
0.0332256
0.0341253
0.0349917
0.0358145
0.0366421
0.037525
0.0384961
0.0394669
0.0403388
0.0412105
0.0422316
0.043335
0.0443261
0.045238
0.0462719
0.0474436
0.0485386
0.0495576
0.0506823
0.0518944
0.0530532
0.0541969
0.0554292
0.0566984
0.0579507
0.0592171
0.0605331
0.0618651
0.0632204
0.0646019
0.0660207
0.0674434
0.0689166
0.0704068
0.0719196
0.073456
0.0750386
0.07664
0.0782693
0.0799394
0.0816377
0.0833761
0.0851223
0.0869377
0.0887635
0.0906486
0.0925486
0.0944905
0.0964757
0.0984879
0.100555
0.102639
0.104772
0.106947
0.109139
0.111409
0.113672
0.116007
0.118372
0.120772
0.123208
0.125643
0.127924
0.129833
0.0118975
0.0129468
0.0143399
0.0155817
0.0163523
0.0166951
0.0169234
0.017358
0.0179916
0.018461
0.0184896
0.018276
0.0183009
0.0188244
0.0195784
0.0199871
0.0199783
0.020206
0.021038
0.022034
0.0225969
0.0227308
0.0231087
0.0240823
0.0249807
0.0253553
0.0258002
0.0266328
0.0274233
0.0280327
0.0286473
0.0293318
0.0301438
0.0310247
0.0317749
0.0324394
0.033235
0.0341505
0.0350243
0.0358357
0.0366601
0.0375436
0.038512
0.0394845
0.0403589
0.0412232
0.0422354
0.043344
0.0443448
0.0452506
0.0462732
0.0474498
0.0485531
0.049567
0.0506855
0.0519027
0.053064
0.0542023
0.0554328
0.0567046
0.0579573
0.0592215
0.0605373
0.0618702
0.0632248
0.0646066
0.0660257
0.067447
0.0689206
0.0704109
0.0719231
0.0734597
0.0750436
0.0766452
0.0782735
0.0799439
0.0816431
0.0833812
0.0851269
0.0869429
0.0887683
0.0906535
0.0925527
0.0944942
0.0964789
0.0984917
0.100558
0.102642
0.104775
0.10695
0.109143
0.111412
0.113677
0.116012
0.118381
0.120782
0.123222
0.125661
0.127945
0.129856
0.0120531
0.013052
0.0143961
0.0156577
0.0165175
0.016944
0.0171763
0.0175209
0.018056
0.0185419
0.0186909
0.0185561
0.0185292
0.0189071
0.019582
0.0201063
0.0202332
0.0203878
0.0210484
0.0220113
0.0227174
0.0229602
0.0232137
0.0240286
0.0250229
0.0255316
0.0258853
0.0266332
0.0274833
0.0281148
0.0287092
0.0293868
0.0301614
0.0310397
0.031839
0.0324925
0.0332422
0.0341681
0.0350637
0.0358623
0.0366755
0.0375607
0.0385287
0.0395037
0.0403805
0.0412365
0.0422396
0.0433526
0.044364
0.045265
0.0462744
0.0474546
0.0485686
0.0495779
0.0506886
0.0519105
0.0530755
0.0542086
0.0554364
0.0567107
0.0579644
0.0592262
0.0605415
0.0618754
0.0632294
0.0646115
0.0660308
0.0674507
0.0689248
0.0704154
0.0719269
0.0734633
0.0750487
0.0766507
0.0782778
0.0799487
0.0816487
0.0833862
0.0851314
0.0869482
0.0887732
0.0906588
0.0925569
0.0944982
0.0964823
0.0984955
0.100561
0.102645
0.104778
0.106952
0.109147
0.111416
0.113682
0.116019
0.11839
0.120793
0.123236
0.12568
0.127967
0.12988
0.0122174
0.0131716
0.0144688
0.0157301
0.0166581
0.0171694
0.0174277
0.0177089
0.0181459
0.0186069
0.0188458
0.0188056
0.0187682
0.0190366
0.0196069
0.0201767
0.0204418
0.0205983
0.0211139
0.0219895
0.0227799
0.0231648
0.0233817
0.0240132
0.0250053
0.0256796
0.0260226
0.0266432
0.0275134
0.028202
0.0287775
0.0294435
0.0301925
0.0310449
0.0318902
0.0325625
0.0332565
0.0341719
0.0351042
0.0358997
0.0366903
0.0375742
0.0385459
0.0395247
0.0404045
0.0412505
0.0422429
0.0433608
0.0443843
0.0452818
0.0462761
0.0474579
0.0485848
0.0495907
0.0506911
0.0519173
0.0530875
0.0542155
0.0554401
0.0567169
0.0579719
0.0592313
0.0605461
0.0618807
0.0632342
0.0646167
0.0660362
0.0674546
0.068929
0.07042
0.0719309
0.0734672
0.0750539
0.0766564
0.0782821
0.0799535
0.0816546
0.0833916
0.0851361
0.0869536
0.088778
0.090664
0.0925612
0.0945023
0.0964861
0.0984995
0.100565
0.102649
0.104781
0.106955
0.109151
0.11142
0.113687
0.116025
0.118399
0.120805
0.123251
0.125698
0.127988
0.129903
0.012395
0.0133043
0.0145556
0.015804
0.0167796
0.0173685
0.0176693
0.0179133
0.0182644
0.0186726
0.0189619
0.0190186
0.0190029
0.0191981
0.019666
0.0202246
0.0205972
0.0208073
0.0212264
0.0219912
0.0228047
0.0233215
0.0235788
0.0240621
0.0249647
0.0257697
0.0261864
0.0266911
0.0275199
0.0282783
0.0288567
0.0294995
0.0302353
0.0310517
0.0319213
0.032641
0.0332907
0.034164
0.035135
0.0359501
0.0367107
0.0375812
0.0385613
0.0395483
0.0404318
0.0412671
0.042245
0.0433673
0.0444058
0.0453009
0.0462779
0.0474592
0.0486015
0.0496061
0.0506937
0.0519229
0.0530999
0.0542234
0.0554439
0.0567231
0.0579798
0.0592365
0.0605506
0.0618861
0.063239
0.0646219
0.066042
0.0674588
0.0689333
0.0704247
0.0719351
0.073471
0.0750593
0.0766624
0.0782865
0.0799584
0.0816605
0.0833972
0.085141
0.0869594
0.0887832
0.0906695
0.0925655
0.0945062
0.0964898
0.0985034
0.100569
0.102652
0.104785
0.106958
0.109156
0.111424
0.113692
0.116033
0.118408
0.120817
0.123265
0.125717
0.12801
0.129927
0.0125841
0.0134522
0.0146567
0.015883
0.0168883
0.0175425
0.0178937
0.0181238
0.0184071
0.0187526
0.0190511
0.0191905
0.0192212
0.0193762
0.0197598
0.0202749
0.0207114
0.0209944
0.0213693
0.0220283
0.0228155
0.0234286
0.0237705
0.0241709
0.0249407
0.0258007
0.0263398
0.0267865
0.0275253
0.0283316
0.0289441
0.0295596
0.0302847
0.0310694
0.0319342
0.0327124
0.0333501
0.0341572
0.0351456
0.0360066
0.0367458
0.0375836
0.0385693
0.0395733
0.0404625
0.0412865
0.0422464
0.0433706
0.0444289
0.0453243
0.0462799
0.0474579
0.0486182
0.049624
0.0506968
0.0519269
0.0531123
0.0542323
0.0554477
0.0567293
0.0579885
0.0592419
0.0605551
0.061892
0.0632441
0.0646271
0.066048
0.0674632
0.0689374
0.0704296
0.0719399
0.0734751
0.0750646
0.0766683
0.0782908
0.0799635
0.0816666
0.0834029
0.0851457
0.0869652
0.0887884
0.0906751
0.0925702
0.0945105
0.0964942
0.0985073
0.100574
0.102655
0.104789
0.106962
0.10916
0.111429
0.113698
0.116041
0.118417
0.120829
0.123281
0.125736
0.128031
0.12995
0.0127779
0.013616
0.0147737
0.01597
0.0169894
0.0176961
0.018098
0.0183321
0.0185657
0.0188519
0.0191299
0.0193223
0.0194124
0.019556
0.0198782
0.0203394
0.0208005
0.021151
0.0215227
0.0221009
0.0228332
0.0234989
0.0239342
0.0243157
0.0249599
0.0257979
0.0264516
0.0269117
0.027551
0.0283597
0.0290265
0.0296262
0.0303352
0.0311004
0.0319399
0.0327648
0.0334283
0.0341679
0.0351356
0.0360546
0.0368008
0.0375914
0.0385662
0.0395967
0.0404994
0.0413101
0.0422473
0.0433693
0.0444517
0.0453531
0.0462832
0.0474532
0.0486343
0.0496449
0.0507009
0.0519294
0.0531246
0.0542426
0.0554517
0.0567352
0.0579978
0.0592477
0.0605592
0.0618979
0.0632496
0.0646323
0.0660543
0.0674682
0.0689414
0.0704344
0.0719447
0.0734794
0.0750703
0.0766747
0.078295
0.0799686
0.0816726
0.0834089
0.0851508
0.0869712
0.0887937
0.0906805
0.0925748
0.0945144
0.0964987
0.0985114
0.100578
0.102658
0.104793
0.106965
0.109165
0.111434
0.113703
0.116049
0.118427
0.120841
0.123296
0.125755
0.128053
0.129973
0.0129691
0.0137928
0.0149078
0.0160673
0.0170854
0.0178314
0.0182805
0.0185304
0.0187312
0.0189671
0.0192122
0.0194243
0.0195689
0.0197234
0.020007
0.0204188
0.0208774
0.0212781
0.0216674
0.0221972
0.0228686
0.0235475
0.0240629
0.0244694
0.0250273
0.0257952
0.0265174
0.0270412
0.0276108
0.0283782
0.0290943
0.0296994
0.0303865
0.0311401
0.0319493
0.0327959
0.0335093
0.0342069
0.0351194
0.03608
0.0368672
0.0376165
0.0385531
0.0396095
0.0405425
0.0413413
0.0422484
0.043363
0.0444725
0.0453875
0.0462898
0.0474442
0.0486485
0.0496693
0.0507067
0.05193
0.0531363
0.0542541
0.0554558
0.0567406
0.0580079
0.0592541
0.0605631
0.061904
0.0632554
0.0646375
0.0660606
0.0674734
0.0689454
0.0704394
0.07195
0.0734839
0.0750758
0.0766811
0.0782993
0.0799743
0.0816792
0.083415
0.0851558
0.0869769
0.0887993
0.0906861
0.0925799
0.0945184
0.0965035
0.0985153
0.100583
0.102661
0.104798
0.10697
0.109169
0.11144
0.113709
0.116058
0.118437
0.120853
0.123312
0.125774
0.128075
0.129997
0.0131524
0.0139749
0.0150563
0.0161753
0.0171772
0.0179474
0.0184379
0.0187114
0.0188942
0.0190906
0.0193037
0.0195114
0.019692
0.0198705
0.020136
0.0205109
0.0209531
0.0213853
0.0217981
0.0223046
0.0229266
0.0235909
0.0241614
0.0246119
0.0251265
0.0258162
0.0265511
0.0271504
0.0276976
0.0284032
0.0291458
0.0297751
0.030442
0.031184
0.0319669
0.0328115
0.0335766
0.0342676
0.0351143
0.0360808
0.0369281
0.0376671
0.0385438
0.0396043
0.0405855
0.0413847
0.0422513
0.0433506
0.0444901
0.0454272
0.0463019
0.0474314
0.0486587
0.0496968
0.0507147
0.051929
0.0531476
0.0542672
0.0554601
0.0567452
0.0580184
0.0592613
0.0605667
0.06191
0.0632619
0.0646431
0.0660673
0.0674791
0.0689491
0.0704443
0.0719553
0.0734887
0.0750816
0.0766875
0.0783033
0.0799796
0.0816857
0.0834213
0.0851614
0.0869831
0.0888054
0.0906917
0.0925852
0.0945225
0.0965088
0.0985197
0.100588
0.102665
0.104801
0.106974
0.109174
0.111446
0.113715
0.116067
0.118448
0.120866
0.123329
0.125793
0.128096
0.13002
0.0133265
0.014155
0.0152139
0.016296
0.017271
0.0180486
0.0185717
0.0188725
0.0190499
0.0192156
0.0194012
0.0195952
0.0197917
0.0199947
0.0202577
0.0206095
0.0210311
0.0214774
0.0219131
0.0224097
0.0229996
0.0236387
0.0242379
0.0247343
0.0252369
0.0258662
0.0265747
0.0272284
0.0277935
0.0284425
0.0291837
0.0298456
0.030502
0.0312314
0.0319957
0.0328246
0.0336278
0.0343371
0.0351305
0.0360696
0.0369655
0.0377322
0.0385533
0.0395822
0.0406162
0.0414425
0.0422626
0.0433299
0.0445012
0.0454716
0.0463217
0.0474165
0.0486639
0.0497268
0.0507259
0.0519263
0.053158
0.054282
0.0554649
0.056749
0.0580292
0.0592695
0.0605704
0.0619156
0.0632682
0.0646486
0.0660741
0.0674852
0.0689527
0.0704497
0.0719612
0.0734937
0.0750873
0.076694
0.0783075
0.0799853
0.0816925
0.0834273
0.0851668
0.0869886
0.0888115
0.090697
0.0925905
0.0945265
0.096514
0.0985241
0.100592
0.102669
0.104806
0.106979
0.109179
0.111452
0.113721
0.116076
0.118458
0.120878
0.123345
0.125812
0.128116
0.130042
0.0134939
0.0143302
0.0153746
0.0164277
0.0173715
0.0181403
0.0186812
0.0190073
0.0191892
0.0193324
0.0194939
0.0196736
0.0198736
0.0200944
0.0203644
0.020707
0.0211121
0.02156
0.0220146
0.0225088
0.0230786
0.0236947
0.0243016
0.0248363
0.0253441
0.0259361
0.0266069
0.0272819
0.0278836
0.0284984
0.0292169
0.0299066
0.030563
0.031279
0.0320313
0.0328399
0.0336651
0.0344045
0.0351682
0.0360658
0.0369812
0.0377946
0.0385906
0.0395587
0.0406216
0.0415064
0.0422919
0.0433027
0.0445001
0.0455193
0.0463506
0.0474004
0.0486621
0.0497578
0.0507412
0.0519223
0.0531669
0.0542988
0.0554702
0.0567513
0.0580399
0.0592787
0.0605744
0.0619213
0.0632745
0.0646542
0.0660814
0.0674915
0.0689557
0.0704549
0.0719674
0.0734987
0.0750934
0.0767005
0.0783121
0.079991
0.0816996
0.0834337
0.0851729
0.0869945
0.0888179
0.0907025
0.092596
0.094531
0.0965194
0.0985288
0.100597
0.102673
0.104809
0.106985
0.109183
0.111458
0.113729
0.116085
0.11847
0.12089
0.123361
0.125831
0.128137
0.130065
0.0136581
0.014501
0.0155339
0.0165632
0.0174769
0.0182247
0.0187675
0.0191098
0.0193026
0.0194325
0.0195734
0.0197405
0.0199395
0.020172
0.0204523
0.0207971
0.0211949
0.0216396
0.0221072
0.0226039
0.0231598
0.0237582
0.0243606
0.0249215
0.025442
0.0260126
0.0266511
0.0273214
0.0279555
0.0285632
0.0292524
0.0299586
0.0306244
0.0313281
0.0320726
0.0328614
0.0336911
0.034461
0.0352151
0.0360745
0.036986
0.03784
0.0386464
0.039555
0.0406044
0.0415607
0.0423467
0.0432805
0.0444812
0.0455664
0.046393
0.0473861
0.0486521
0.049788
0.050761
0.0519171
0.0531734
0.0543176
0.0554766
0.0567519
0.0580498
0.0592888
0.0605785
0.0619266
0.0632804
0.0646596
0.0660892
0.0674986
0.0689587
0.0704603
0.0719741
0.073504
0.0750986
0.076706
0.0783167
0.0799966
0.0817063
0.0834398
0.0851791
0.0870002
0.0888245
0.0907078
0.0926012
0.0945356
0.0965246
0.0985338
0.100602
0.102678
0.104814
0.10699
0.109188
0.111464
0.113736
0.116093
0.118481
0.120903
0.123377
0.12585
0.128157
0.130086
0.0138222
0.0146683
0.0156886
0.0166938
0.0175793
0.0183006
0.0188332
0.0191803
0.0193835
0.0195092
0.019634
0.0197908
0.0199881
0.0202298
0.0205208
0.0208738
0.0212743
0.0217181
0.0221931
0.0226935
0.0232397
0.0238246
0.0244194
0.0249953
0.0255318
0.0260914
0.0267059
0.0273589
0.0280087
0.0286266
0.0292923
0.0300008
0.0306806
0.0313765
0.0321156
0.0328906
0.0337122
0.034506
0.0352665
0.0360949
0.0369909
0.0378661
0.0386991
0.0395754
0.0405788
0.0415877
0.0424178
0.043278
0.0444427
0.045603
0.0464518
0.047379
0.0486336
0.0498163
0.0507876
0.0519133
0.0531773
0.054339
0.0554859
0.0567511
0.0580591
0.0593007
0.0605838
0.0619325
0.0632867
0.0646645
0.0660972
0.0675059
0.0689612
0.0704654
0.0719816
0.0735096
0.0751052
0.0767118
0.0783228
0.080003
0.0817136
0.0834465
0.0851858
0.0870062
0.0888312
0.0907137
0.0926067
0.0945412
0.0965302
0.098539
0.100606
0.102682
0.104818
0.106996
0.109194
0.111471
0.113744
0.116103
0.118492
0.120916
0.123394
0.125869
0.128176
0.130108
0.0139922
0.0148357
0.01584
0.0168172
0.0176727
0.0183635
0.0188749
0.0192145
0.0194207
0.0195493
0.0196662
0.0198177
0.0200156
0.0202673
0.0205717
0.0209364
0.0213484
0.0217964
0.0222768
0.0227796
0.023317
0.0238889
0.0244743
0.025057
0.0256092
0.0261672
0.0267659
0.0273999
0.0280506
0.0286843
0.0293398
0.0300411
0.0307332
0.0314272
0.03216
0.0329252
0.0337316
0.0345383
0.0353163
0.0361241
0.0370011
0.0378851
0.0387398
0.0396124
0.0405646
0.0415843
0.0424853
0.0433047
0.0443912
0.0456125
0.0465223
0.0473829
0.0486018
0.0498355
0.0508178
0.0519095
0.0531754
0.0543598
0.0554972
0.0567475
0.0580648
0.0593125
0.0605891
0.0619379
0.0632927
0.0646685
0.0661053
0.0675142
0.0689637
0.0704702
0.0719893
0.0735156
0.0751091
0.076715
0.0783291
0.0800086
0.0817192
0.0834525
0.0851923
0.0870121
0.0888374
0.0907186
0.0926111
0.0945461
0.0965351
0.0985438
0.10061
0.102687
0.104822
0.107001
0.109199
0.111476
0.113752
0.116112
0.118503
0.120928
0.123409
0.125887
0.128195
0.130124
0.0141671
0.0150016
0.0159831
0.0169281
0.0177486
0.0184045
0.0188849
0.0192058
0.0194054
0.0195387
0.0196582
0.0198125
0.0200182
0.0202835
0.0206075
0.0209885
0.0214181
0.0218765
0.0223623
0.0228674
0.0233956
0.023954
0.0245284
0.0251124
0.0256773
0.0262393
0.0268277
0.0274432
0.0280863
0.028733
0.0293896
0.0300821
0.0307815
0.0314809
0.0322081
0.0329658
0.0337577
0.0345648
0.0353632
0.0361617
0.0370175
0.037904
0.0387694
0.0396537
0.0405772
0.0415689
0.0425351
0.0433691
0.0443551
0.0455929
0.0466023
0.0474168
0.0485666
0.0498464
0.050858
0.0519129
0.0531715
0.0543827
0.0555147
0.0567449
0.0580694
0.0593264
0.0605969
0.0619442
0.0632994
0.0646718
0.0661127
0.0675229
0.0689667
0.0704747
0.0719978
0.0735229
0.0751256
0.0767402
0.0783387
0.0800161
0.0817257
0.0834595
0.0851999
0.0870189
0.0888444
0.0907248
0.0926169
0.094553
0.0965413
0.0985492
0.100615
0.102693
0.104827
0.107008
0.109206
0.111483
0.113761
0.116122
0.118514
0.120942
0.123425
0.125905
0.128214
0.130145
0.0143162
0.0151063
0.0160341
0.0169375
0.0177144
0.0183285
0.0187727
0.0190725
0.0192683
0.0194144
0.0195542
0.0197291
0.0199597
0.0202518
0.0206071
0.0210139
0.0214658
0.0219399
0.02243
0.0229364
0.0234555
0.0240019
0.0245661
0.0251483
0.0257246
0.0262942
0.0268802
0.0274819
0.0281148
0.0287692
0.0294309
0.0301183
0.0308191
0.0315255
0.0322498
0.0329994
0.0337817
0.0345822
0.0353964
0.0362003
0.0370357
0.03792
0.0387893
0.0396786
0.0406012
0.0415521
0.0425426
0.0434393
0.0443429
0.0455339
0.0466567
0.0474768
0.0485289
0.049833
0.0508984
0.0519206
0.0531591
0.0544005
0.0555342
0.0567406
0.0580685
0.0593375
0.0606046
0.0619503
0.0633061
0.0646745
0.0661194
0.0675322
0.0689702
0.0704783
0.0720054
0.0735304
0.0751273
0.0767382
0.0783459
0.0800225
0.0817301
0.0834658
0.0852071
0.0870252
0.0888501
0.0907291
0.0926209
0.0945585
0.0965462
0.0985534
0.10062
0.102697
0.104831
0.107013
0.109211
0.111489
0.113769
0.11613
0.118524
0.120953
0.123439
0.125922
0.128231
0.130163
0.014722
0.0154897
0.0163821
0.0171867
0.0178437
0.0183413
0.0186882
0.0189312
0.0191129
0.0192738
0.0194481
0.0196609
0.0199313
0.0202593
0.0206424
0.0210681
0.0215288
0.0220099
0.0224974
0.0230006
0.023512
0.0240471
0.0246029
0.0251789
0.0257639
0.0263423
0.0269318
0.0275298
0.0281535
0.0288085
0.0294736
0.0301609
0.0308629
0.0315738
0.0322981
0.0330386
0.0338121
0.0346054
0.0354227
0.0362403
0.0370638
0.037939
0.0388165
0.0396994
0.0406329
0.0415661
0.0425353
0.0435021
0.0443828
0.0454745
0.046676
0.0475646
0.0485161
0.0497983
0.050938
0.0519433
0.0531449
0.0544152
0.0555604
0.0567412
0.0580665
0.0593486
0.0606148
0.061958
0.0633137
0.0646763
0.0661243
0.0675419
0.0689752
0.0704821
0.0720129
0.0735376
0.0751317
0.0767431
0.0783548
0.0800298
0.0817345
0.0834721
0.0852147
0.0870321
0.0888569
0.0907348
0.0926268
0.0945659
0.0965523
0.0985583
0.100625
0.102703
0.104837
0.107019
0.109218
0.111495
0.113777
0.11614
0.118535
0.120966
0.123454
0.125938
0.128248
0.130181
0.0148249
0.0154247
0.0161369
0.0167953
0.0173585
0.017837
0.0182217
0.0185038
0.018753
0.0190118
0.0192926
0.0195969
0.0199325
0.0203021
0.0207043
0.0211376
0.0215929
0.022068
0.0225479
0.0230433
0.0235501
0.0240764
0.0246258
0.0251943
0.0257848
0.0263732
0.0269683
0.0275721
0.0281913
0.028841
0.0295038
0.0301917
0.0308968
0.0316095
0.0323361
0.0330723
0.0338384
0.0346294
0.0354425
0.0362701
0.0370956
0.037954
0.0388387
0.0397135
0.0406437
0.0415879
0.0425249
0.0435261
0.0444425
0.0454373
0.0466481
0.0476494
0.0485404
0.0497507
0.0509623
0.051981
0.0531312
0.0544192
0.0555885
0.0567457
0.0580603
0.0593551
0.060624
0.0619654
0.0633225
0.0646785
0.066127
0.0675516
0.0689811
0.0704843
0.0720188
0.0735446
0.0751346
0.0767473
0.078364
0.0800371
0.0817391
0.0834802
0.0852238
0.0870393
0.0888629
0.0907392
0.0926316
0.0945725
0.096558
0.0985625
0.10063
0.102708
0.104841
0.107024
0.109224
0.111502
0.113786
0.116149
0.118545
0.120978
0.123468
0.125954
0.128264
0.130197
0.0166154
0.0166018
0.0165049
0.0164789
0.016568
0.0167745
0.0171015
0.0175609
0.0180731
0.0185817
0.0190738
0.0195384
0.019971
0.0203848
0.0207939
0.0212178
0.0216564
0.0221148
0.0225856
0.0230713
0.0235758
0.0240976
0.0246416
0.0252039
0.0257935
0.0263918
0.0269917
0.0276058
0.0282283
0.0288736
0.0295354
0.0302223
0.0309316
0.0316444
0.032371
0.0331057
0.0338623
0.0346505
0.0354587
0.036289
0.0371263
0.0379731
0.0388571
0.039734
0.0406493
0.0416081
0.0425328
0.0435286
0.0444959
0.0454343
0.0465916
0.0476979
0.0485925
0.0497033
0.0509564
0.052023
0.0531241
0.0544097
0.0556142
0.0567579
0.0580535
0.0593596
0.0606339
0.0619726
0.0633326
0.064682
0.066126
0.0675601
0.0689902
0.0704875
0.0720251
0.073554
0.0751374
0.0767511
0.0783734
0.0800413
0.0817396
0.0834855
0.0852309
0.0870445
0.0888678
0.0907433
0.0926367
0.0945789
0.0965624
0.0985659
0.100634
0.102713
0.104846
0.10703
0.109229
0.111507
0.113792
0.116157
0.118553
0.120989
0.12348
0.125968
0.128279
0.130213
0.0163373
0.0161717
0.0159238
0.0157846
0.0158307
0.0160859
0.0165312
0.0170823
0.0176821
0.0182931
0.0188775
0.0194193
0.0199155
0.0203759
0.0208149
0.0212532
0.0216978
0.0221549
0.0226241
0.023107
0.0236095
0.0241314
0.0246702
0.0252279
0.0258089
0.0264081
0.0270108
0.0276294
0.0282573
0.0288984
0.0295633
0.0302483
0.0309595
0.0316751
0.0324024
0.0331418
0.033891
0.0346771
0.0354825
0.0363099
0.0371581
0.0379986
0.0388732
0.0397558
0.0406567
0.0416181
0.0425555
0.043531
0.0445322
0.0454716
0.0465506
0.047715
0.0486728
0.0496939
0.0509369
0.0520685
0.0531387
0.0543947
0.0556352
0.0567795
0.0580476
0.0593609
0.0606425
0.0619768
0.0633441
0.0646887
0.0661226
0.0675661
0.0690004
0.0704894
0.0720294
0.0735608
0.0751398
0.0767565
0.0783874
0.0800497
0.0817436
0.0834963
0.0852438
0.0870529
0.088874
0.0907492
0.0926439
0.0945873
0.0965687
0.0985708
0.10064
0.102718
0.104851
0.107034
0.109236
0.111515
0.113801
0.116167
0.118563
0.121
0.123493
0.125981
0.128293
0.130227
0.0172594
0.0170733
0.0167685
0.0165283
0.0164301
0.0164953
0.0167212
0.0170803
0.0175368
0.0180454
0.0185827
0.019126
0.0196591
0.0201757
0.0206743
0.0211674
0.0216563
0.0221477
0.0226376
0.0231337
0.0236404
0.0241636
0.0246992
0.0252505
0.0258209
0.026411
0.0270147
0.0276311
0.0282652
0.0289103
0.0295829
0.0302702
0.0309754
0.0316957
0.0324206
0.0331643
0.0339099
0.0346891
0.0354971
0.0363195
0.0371748
0.038017
0.0388807
0.0397691
0.0406625
0.0416149
0.0425715
0.0435346
0.0445385
0.0455059
0.0465244
0.0476807
0.0487235
0.0497058
0.050893
0.052086
0.0531619
0.0543703
0.0556413
0.0568062
0.0580424
0.0593603
0.0606513
0.0619775
0.0633565
0.0646985
0.066116
0.0675702
0.0690122
0.0704934
0.0720341
0.0735693
0.0751402
0.0767595
0.0783982
0.0800515
0.0817393
0.0834999
0.0852517
0.0870567
0.0888753
0.0907516
0.0926488
0.0945926
0.0965713
0.0985731
0.100644
0.102723
0.104855
0.107039
0.10924
0.111519
0.113806
0.116173
0.11857
0.121008
0.123503
0.125992
0.128304
0.130239
0.0150696
0.0154746
0.0159813
0.016445
0.0168334
0.0171351
0.0173701
0.0175844
0.0178364
0.0181572
0.0185479
0.0190039
0.0195067
0.0200391
0.0205749
0.0211083
0.0216309
0.0221486
0.0226592
0.0231691
0.0236832
0.0242067
0.0247437
0.0252888
0.0258482
0.0264238
0.0270206
0.0276341
0.0282702
0.0289282
0.0296067
0.0302981
0.0309948
0.0317157
0.0324446
0.0331864
0.0339387
0.0347097
0.0355205
0.0363406
0.0371906
0.0380406
0.0388913
0.039783
0.0406772
0.0416142
0.0425877
0.0435503
0.0445434
0.0455391
0.0465403
0.0476551
0.0487531
0.04976
0.0508745
0.0520872
0.0532057
0.0543579
0.0556347
0.0568393
0.0580411
0.059356
0.0606623
0.0619729
0.0633677
0.0647148
0.0661075
0.0675702
0.0690252
0.0704945
0.0720394
0.07358
0.0751404
0.0767658
0.0784168
0.0800619
0.0817424
0.0835108
0.0852672
0.0870677
0.088881
0.0907572
0.0926574
0.0946019
0.096577
0.0985774
0.10065
0.102728
0.104859
0.107044
0.109246
0.111526
0.113815
0.116182
0.118578
0.121018
0.123514
0.126002
0.128315
0.13025
0.017192
0.0169277
0.0165211
0.0161719
0.0159738
0.0159604
0.0161436
0.016503
0.0169867
0.0175514
0.0181544
0.0187722
0.0193813
0.0199746
0.0205438
0.0210917
0.021622
0.0221411
0.0226559
0.0231685
0.0236861
0.02421
0.0247469
0.0252921
0.025846
0.0264162
0.0270074
0.0276244
0.0282646
0.0289353
0.0296204
0.0303111
0.0310059
0.0317205
0.0324559
0.0331928
0.0339495
0.0347214
0.0355278
0.0363554
0.0371952
0.0380527
0.0389001
0.0397859
0.0406909
0.0416125
0.0425928
0.043562
0.0445411
0.0455497
0.0465556
0.0476377
0.0487398
0.0497933
0.0508746
0.0520614
0.0532362
0.0543616
0.055612
0.0568668
0.0580487
0.0593458
0.0606756
0.0619677
0.063369
0.0647352
0.0661006
0.0675646
0.0690389
0.0704992
0.0720415
0.0735898
0.0751381
0.0767621
0.0784276
0.080066
0.0817367
0.0835111
0.0852732
0.0870721
0.0888823
0.0907578
0.0926607
0.094607
0.0965799
0.0985791
0.100654
0.102733
0.104863
0.107047
0.10925
0.111529
0.113818
0.116186
0.118582
0.121023
0.12352
0.126009
0.128322
0.130258
0.0163228
0.0160036
0.0155746
0.0152532
0.0151219
0.0152069
0.0155068
0.015994
0.0166113
0.0172977
0.0180002
0.0186903
0.0193488
0.0199717
0.0205572
0.0211087
0.021635
0.0221465
0.0226564
0.0231678
0.023685
0.02421
0.024745
0.0252906
0.0258426
0.026411
0.0269999
0.0276187
0.0282631
0.0289374
0.0296267
0.0303147
0.0310109
0.0317231
0.03246
0.0331983
0.0339533
0.0347304
0.035532
0.0363623
0.0371992
0.0380532
0.038905
0.0397827
0.0406925
0.0416121
0.042589
0.0435673
0.044542
0.0455538
0.0465682
0.047644
0.0487364
0.0498071
0.0508939
0.0520534
0.0532447
0.0543785
0.0555984
0.056874
0.0580626
0.0593375
0.0606823
0.0619732
0.0633657
0.0647489
0.0661069
0.0675569
0.0690457
0.0705054
0.0720417
0.0735988
0.0751466
0.0767654
0.0784397
0.0800821
0.0817458
0.0835206
0.0852857
0.0870838
0.0888913
0.0907652
0.0926676
0.0946147
0.0965867
0.0985839
0.100658
0.102737
0.104867
0.107051
0.109256
0.111536
0.113825
0.116195
0.118589
0.121031
0.123528
0.126016
0.128329
0.130265
)
;

boundaryField
{
    ZeroGradientPlanes
    {
        type            zeroGradient;
    }
    inlet
    {
        type            zeroGradient;
    }
    plate
    {
        type            zeroGradient;
    }
    frontAndBack
    {
        type            empty;
    }
}


// ************************************************************************* //
